4000	99.47
3999	99.47
3998	99.47
3997	99.47
3996	99.46
3995	99.46
3994	99.46
3993	99.46
3992	99.46
3991	99.46
3990	99.46
3989	99.46
3988	99.46
3987	99.46
3986	99.46
3985	99.46
3984	99.46
3983	99.46
3982	99.46
3981	99.46
3980	99.47
3979	99.47
3978	99.47
3977	99.47
3976	99.47
3975	99.47
3974	99.47
3973	99.47
3972	99.47
3971	99.47
3970	99.47
3969	99.47
3968	99.47
3967	99.47
3966	99.47
3965	99.47
3964	99.47
3963	99.47
3962	99.47
3961	99.47
3960	99.47
3959	99.46
3958	99.46
3957	99.47
3956	99.47
3955	99.47
3954	99.47
3953	99.47
3952	99.47
3951	99.47
3950	99.47
3949	99.47
3948	99.47
3947	99.47
3946	99.47
3945	99.47
3944	99.46
3943	99.46
3942	99.45
3941	99.45
3940	99.45
3939	99.44
3938	99.44
3937	99.44
3936	99.44
3935	99.45
3934	99.45
3933	99.45
3932	99.45
3931	99.45
3930	99.44
3929	99.44
3928	99.44
3927	99.43
3926	99.43
3925	99.43
3924	99.43
3923	99.43
3922	99.43
3921	99.43
3920	99.43
3919	99.42
3918	99.42
3917	99.41
3916	99.4
3915	99.39
3914	99.39
3913	99.39
3912	99.39
3911	99.39
3910	99.39
3909	99.39
3908	99.4
3907	99.4
3906	99.4
3905	99.4
3904	99.4
3903	99.4
3902	99.4
3901	99.4
3900	99.39
3899	99.39
3898	99.39
3897	99.39
3896	99.38
3895	99.38
3894	99.37
3893	99.37
3892	99.37
3891	99.37
3890	99.37
3889	99.37
3888	99.37
3887	99.36
3886	99.36
3885	99.36
3884	99.36
3883	99.36
3882	99.36
3881	99.36
3880	99.36
3879	99.36
3878	99.36
3877	99.36
3876	99.36
3875	99.36
3874	99.36
3873	99.36
3872	99.36
3871	99.36
3870	99.36
3869	99.35
3868	99.35
3867	99.35
3866	99.35
3865	99.34
3864	99.34
3863	99.34
3862	99.33
3861	99.33
3860	99.32
3859	99.32
3858	99.32
3857	99.32
3856	99.32
3855	99.32
3854	99.32
3853	99.31
3852	99.31
3851	99.31
3850	99.31
3849	99.3
3848	99.3
3847	99.29
3846	99.29
3845	99.29
3844	99.29
3843	99.29
3842	99.29
3841	99.28
3840	99.28
3839	99.27
3838	99.27
3837	99.27
3836	99.28
3835	99.29
3834	99.29
3833	99.3
3832	99.3
3831	99.3
3830	99.3
3829	99.3
3828	99.3
3827	99.3
3826	99.3
3825	99.3
3824	99.3
3823	99.3
3822	99.3
3821	99.3
3820	99.3
3819	99.3
3818	99.29
3817	99.29
3816	99.28
3815	99.28
3814	99.27
3813	99.27
3812	99.27
3811	99.26
3810	99.26
3809	99.26
3808	99.26
3807	99.25
3806	99.26
3805	99.26
3804	99.26
3803	99.26
3802	99.26
3801	99.26
3800	99.26
3799	99.25
3798	99.25
3797	99.24
3796	99.24
3795	99.23
3794	99.23
3793	99.22
3792	99.22
3791	99.21
3790	99.21
3789	99.21
3788	99.21
3787	99.2
3786	99.21
3785	99.21
3784	99.21
3783	99.21
3782	99.21
3781	99.22
3780	99.22
3779	99.22
3778	99.23
3777	99.23
3776	99.22
3775	99.22
3774	99.22
3773	99.22
3772	99.23
3771	99.23
3770	99.23
3769	99.23
3768	99.23
3767	99.23
3766	99.22
3765	99.22
3764	99.22
3763	99.21
3762	99.21
3761	99.2
3760	99.2
3759	99.2
3758	99.2
3757	99.2
3756	99.2
3755	99.2
3754	99.19
3753	99.19
3752	99.19
3751	99.19
3750	99.19
3749	99.19
3748	99.19
3747	99.19
3746	99.19
3745	99.19
3744	99.19
3743	99.19
3742	99.19
3741	99.18
3740	99.18
3739	99.18
3738	99.18
3737	99.18
3736	99.18
3735	99.17
3734	99.16
3733	99.16
3732	99.16
3731	99.16
3730	99.16
3729	99.15
3728	99.15
3727	99.15
3726	99.14
3725	99.14
3724	99.13
3723	99.13
3722	99.12
3721	99.11
3720	99.11
3719	99.1
3718	99.09
3717	99.08
3716	99.07
3715	99.05
3714	99.04
3713	99.02
3712	99
3711	98.98
3710	98.97
3709	98.95
3708	98.92
3707	98.88
3706	98.85
3705	98.81
3704	98.76
3703	98.71
3702	98.66
3701	98.6
3700	98.55
3699	98.5
3698	98.44
3697	98.39
3696	98.33
3695	98.29
3694	98.24
3693	98.21
3692	98.18
3691	98.16
3690	98.13
3689	98.1
3688	98.06
3687	98.03
3686	98
3685	97.99
3684	97.99
3683	98.01
3682	98.04
3681	98.06
3680	98.04
3679	97.99
3678	97.91
3677	97.83
3676	97.79
3675	97.79
3674	97.82
3673	97.84
3672	97.85
3671	97.84
3670	97.83
3669	97.82
3668	97.81
3667	97.8
3666	97.79
3665	97.78
3664	97.78
3663	97.77
3662	97.77
3661	97.78
3660	97.8
3659	97.82
3658	97.84
3657	97.88
3656	97.92
3655	97.97
3654	98
3653	98.02
3652	98.05
3651	98.08
3650	98.12
3649	98.16
3648	98.2
3647	98.23
3646	98.26
3645	98.29
3644	98.31
3643	98.34
3642	98.36
3641	98.39
3640	98.42
3639	98.44
3638	98.47
3637	98.5
3636	98.52
3635	98.54
3634	98.56
3633	98.57
3632	98.59
3631	98.61
3630	98.64
3629	98.66
3628	98.67
3627	98.69
3626	98.69
3625	98.7
3624	98.7
3623	98.71
3622	98.72
3621	98.73
3620	98.74
3619	98.76
3618	98.77
3617	98.79
3616	98.81
3615	98.82
3614	98.83
3613	98.84
3612	98.85
3611	98.85
3610	98.86
3609	98.86
3608	98.87
3607	98.88
3606	98.88
3605	98.89
3604	98.9
3603	98.91
3602	98.92
3601	98.94
3600	98.95
3599	98.96
3598	98.97
3597	98.97
3596	98.97
3595	98.96
3594	98.96
3593	98.97
3592	98.97
3591	98.98
3590	99
3589	99.01
3588	99.02
3587	99.03
3586	99.03
3585	99.04
3584	99.05
3583	99.06
3582	99.06
3581	99.07
3580	99.06
3579	99.06
3578	99.06
3577	99.07
3576	99.07
3575	99.08
3574	99.08
3573	99.09
3572	99.09
3571	99.09
3570	99.09
3569	99.09
3568	99.09
3567	99.09
3566	99.09
3565	99.1
3564	99.1
3563	99.1
3562	99.1
3561	99.1
3560	99.1
3559	99.11
3558	99.11
3557	99.11
3556	99.12
3555	99.12
3554	99.13
3553	99.13
3552	99.13
3551	99.14
3550	99.14
3549	99.14
3548	99.14
3547	99.14
3546	99.15
3545	99.15
3544	99.16
3543	99.16
3542	99.16
3541	99.16
3540	99.16
3539	99.16
3538	99.16
3537	99.16
3536	99.16
3535	99.17
3534	99.17
3533	99.17
3532	99.18
3531	99.18
3530	99.18
3529	99.19
3528	99.2
3527	99.21
3526	99.21
3525	99.22
3524	99.22
3523	99.23
3522	99.23
3521	99.23
3520	99.22
3519	99.22
3518	99.22
3517	99.22
3516	99.22
3515	99.23
3514	99.24
3513	99.24
3512	99.24
3511	99.23
3510	99.23
3509	99.23
3508	99.24
3507	99.24
3506	99.25
3505	99.27
3504	99.28
3503	99.29
3502	99.29
3501	99.3
3500	99.3
3499	99.31
3498	99.31
3497	99.32
3496	99.33
3495	99.33
3494	99.33
3493	99.34
3492	99.34
3491	99.35
3490	99.35
3489	99.36
3488	99.37
3487	99.38
3486	99.38
3485	99.39
3484	99.4
3483	99.41
3482	99.42
3481	99.43
3480	99.44
3479	99.44
3478	99.44
3477	99.43
3476	99.43
3475	99.43
3474	99.43
3473	99.43
3472	99.44
3471	99.46
3470	99.47
3469	99.49
3468	99.5
3467	99.49
3466	99.48
3465	99.46
3464	99.45
3463	99.45
3462	99.45
3461	99.45
3460	99.44
3459	99.43
3458	99.42
3457	99.41
3456	99.4
3455	99.4
3454	99.4
3453	99.39
3452	99.39
3451	99.39
3450	99.39
3449	99.4
3448	99.4
3447	99.4
3446	99.4
3445	99.39
3444	99.38
3443	99.37
3442	99.37
3441	99.37
3440	99.39
3439	99.41
3438	99.44
3437	99.45
3436	99.45
3435	99.42
3434	99.39
3433	99.36
3432	99.33
3431	99.31
3430	99.28
3429	99.24
3428	99.19
3427	99.12
3426	99.06
3425	99.01
3424	98.96
3423	98.92
3422	98.88
3421	98.85
3420	98.8
3419	98.75
3418	98.71
3417	98.68
3416	98.68
3415	98.69
3414	98.71
3413	98.73
3412	98.74
3411	98.76
3410	98.78
3409	98.8
3408	98.83
3407	98.86
3406	98.9
3405	98.96
3404	99.03
3403	99.1
3402	99.17
3401	99.23
3400	99.25
3399	99.26
3398	99.26
3397	99.27
3396	99.29
3395	99.32
3394	99.35
3393	99.38
3392	99.4
3391	99.41
3390	99.41
3389	99.4
3388	99.4
3387	99.4
3386	99.4
3385	99.41
3384	99.41
3383	99.42
3382	99.43
3381	99.44
3380	99.45
3379	99.45
3378	99.45
3377	99.45
3376	99.45
3375	99.44
3374	99.44
3373	99.44
3372	99.45
3371	99.47
3370	99.49
3369	99.49
3368	99.49
3367	99.48
3366	99.46
3365	99.44
3364	99.43
3363	99.42
3362	99.41
3361	99.4
3360	99.4
3359	99.39
3358	99.39
3357	99.38
3356	99.37
3355	99.37
3354	99.37
3353	99.37
3352	99.38
3351	99.38
3350	99.38
3349	99.37
3348	99.35
3347	99.34
3346	99.34
3345	99.35
3344	99.35
3343	99.35
3342	99.34
3341	99.34
3340	99.33
3339	99.33
3338	99.32
3337	99.31
3336	99.3
3335	99.29
3334	99.28
3333	99.28
3332	99.27
3331	99.27
3330	99.27
3329	99.28
3328	99.28
3327	99.28
3326	99.28
3325	99.27
3324	99.26
3323	99.25
3322	99.25
3321	99.24
3320	99.23
3319	99.23
3318	99.22
3317	99.22
3316	99.21
3315	99.21
3314	99.21
3313	99.21
3312	99.21
3311	99.21
3310	99.21
3309	99.21
3308	99.2
3307	99.2
3306	99.19
3305	99.19
3304	99.18
3303	99.17
3302	99.16
3301	99.16
3300	99.16
3299	99.16
3298	99.16
3297	99.16
3296	99.16
3295	99.16
3294	99.16
3293	99.15
3292	99.15
3291	99.14
3290	99.13
3289	99.12
3288	99.11
3287	99.11
3286	99.11
3285	99.1
3284	99.1
3283	99.1
3282	99.09
3281	99.09
3280	99.09
3279	99.08
3278	99.08
3277	99.08
3276	99.08
3275	99.09
3274	99.09
3273	99.09
3272	99.09
3271	99.09
3270	99.08
3269	99.07
3268	99.06
3267	99.06
3266	99.06
3265	99.06
3264	99.05
3263	99.05
3262	99.05
3261	99.04
3260	99.03
3259	99.03
3258	99.02
3257	99.02
3256	99.02
3255	99.02
3254	99.02
3253	99.02
3252	99.01
3251	99.01
3250	99.02
3249	99.02
3248	99.01
3247	99.01
3246	99
3245	98.99
3244	98.99
3243	98.98
3242	98.98
3241	98.98
3240	98.98
3239	98.97
3238	98.97
3237	98.98
3236	98.98
3235	98.98
3234	98.98
3233	98.98
3232	98.97
3231	98.96
3230	98.95
3229	98.94
3228	98.94
3227	98.93
3226	98.93
3225	98.93
3224	98.93
3223	98.93
3222	98.93
3221	98.92
3220	98.92
3219	98.92
3218	98.92
3217	98.92
3216	98.91
3215	98.91
3214	98.91
3213	98.91
3212	98.9
3211	98.9
3210	98.9
3209	98.9
3208	98.89
3207	98.89
3206	98.89
3205	98.89
3204	98.89
3203	98.89
3202	98.89
3201	98.89
3200	98.88
3199	98.87
3198	98.87
3197	98.86
3196	98.86
3195	98.86
3194	98.86
3193	98.86
3192	98.86
3191	98.86
3190	98.85
3189	98.85
3188	98.84
3187	98.84
3186	98.84
3185	98.83
3184	98.83
3183	98.82
3182	98.82
3181	98.82
3180	98.82
3179	98.82
3178	98.81
3177	98.81
3176	98.8
3175	98.8
3174	98.79
3173	98.79
3172	98.78
3171	98.77
3170	98.77
3169	98.77
3168	98.77
3167	98.77
3166	98.77
3165	98.77
3164	98.76
3163	98.76
3162	98.75
3161	98.75
3160	98.75
3159	98.74
3158	98.74
3157	98.74
3156	98.73
3155	98.73
3154	98.73
3153	98.73
3152	98.73
3151	98.72
3150	98.71
3149	98.7
3148	98.69
3147	98.68
3146	98.68
3145	98.67
3144	98.67
3143	98.67
3142	98.67
3141	98.68
3140	98.68
3139	98.67
3138	98.67
3137	98.66
3136	98.66
3135	98.65
3134	98.65
3133	98.64
3132	98.64
3131	98.63
3130	98.62
3129	98.61
3128	98.61
3127	98.6
3126	98.59
3125	98.59
3124	98.59
3123	98.59
3122	98.59
3121	98.59
3120	98.6
3119	98.59
3118	98.59
3117	98.58
3116	98.57
3115	98.55
3114	98.54
3113	98.53
3112	98.53
3111	98.52
3110	98.52
3109	98.51
3108	98.5
3107	98.49
3106	98.48
3105	98.47
3104	98.47
3103	98.46
3102	98.45
3101	98.45
3100	98.44
3099	98.43
3098	98.42
3097	98.41
3096	98.41
3095	98.4
3094	98.4
3093	98.4
3092	98.39
3091	98.39
3090	98.38
3089	98.37
3088	98.35
3087	98.35
3086	98.34
3085	98.34
3084	98.33
3083	98.32
3082	98.32
3081	98.31
3080	98.31
3079	98.3
3078	98.29
3077	98.28
3076	98.26
3075	98.26
3074	98.25
3073	98.24
3072	98.24
3071	98.23
3070	98.22
3069	98.22
3068	98.22
3067	98.21
3066	98.21
3065	98.2
3064	98.2
3063	98.18
3062	98.17
3061	98.16
3060	98.14
3059	98.13
3058	98.12
3057	98.11
3056	98.1
3055	98.08
3054	98.07
3053	98.05
3052	98.03
3051	98.02
3050	97.99
3049	97.97
3048	97.95
3047	97.92
3046	97.89
3045	97.86
3044	97.83
3043	97.79
3042	97.75
3041	97.71
3040	97.65
3039	97.6
3038	97.54
3037	97.49
3036	97.43
3035	97.37
3034	97.31
3033	97.23
3032	97.14
3031	97.05
3030	96.95
3029	96.85
3028	96.75
3027	96.64
3026	96.52
3025	96.4
3024	96.28
3023	96.14
3022	95.99
3021	95.84
3020	95.67
3019	95.48
3018	95.29
3017	95.08
3016	94.86
3015	94.63
3014	94.4
3013	94.15
3012	93.91
3011	93.66
3010	93.41
3009	93.16
3008	92.93
3007	92.72
3006	92.54
3005	92.38
3004	92.27
3003	92.18
3002	92.13
3001	92.1
3000	92.09
2999	92.1
2998	92.12
2997	92.16
2996	92.21
2995	92.27
2994	92.32
2993	92.31
2992	92.21
2991	92.05
2990	91.9
2989	91.82
2988	91.84
2987	91.93
2986	92.03
2985	92.13
2984	92.21
2983	92.25
2982	92.26
2981	92.25
2980	92.24
2979	92.22
2978	92.19
2977	92.15
2976	92.11
2975	92.06
2974	92
2973	91.96
2972	91.93
2971	91.93
2970	91.96
2969	92.01
2968	92.09
2967	92.18
2966	92.29
2965	92.41
2964	92.53
2963	92.63
2962	92.73
2961	92.82
2960	92.9
2959	92.99
2958	93.09
2957	93.19
2956	93.29
2955	93.39
2954	93.49
2953	93.58
2952	93.67
2951	93.76
2950	93.86
2949	93.93
2948	93.99
2947	94.03
2946	94.05
2945	94.06
2944	94.07
2943	94.09
2942	94.11
2941	94.13
2940	94.15
2939	94.15
2938	94.14
2937	94.12
2936	94.1
2935	94.08
2934	94.06
2933	94.04
2932	94.01
2931	93.97
2930	93.92
2929	93.87
2928	93.82
2927	93.77
2926	93.74
2925	93.7
2924	93.68
2923	93.66
2922	93.66
2921	93.67
2920	93.69
2919	93.73
2918	93.76
2917	93.79
2916	93.81
2915	93.81
2914	93.8
2913	93.77
2912	93.76
2911	93.76
2910	93.78
2909	93.81
2908	93.82
2907	93.83
2906	93.82
2905	93.8
2904	93.74
2903	93.65
2902	93.58
2901	93.58
2900	93.68
2899	93.85
2898	94.03
2897	94.16
2896	94.23
2895	94.27
2894	94.29
2893	94.32
2892	94.36
2891	94.41
2890	94.46
2889	94.49
2888	94.52
2887	94.53
2886	94.54
2885	94.55
2884	94.59
2883	94.66
2882	94.74
2881	94.83
2880	94.92
2879	95.01
2878	95.1
2877	95.18
2876	95.26
2875	95.33
2874	95.39
2873	95.43
2872	95.46
2871	95.49
2870	95.53
2869	95.58
2868	95.64
2867	95.7
2866	95.78
2865	95.87
2864	95.95
2863	96.05
2862	96.14
2861	96.24
2860	96.32
2859	96.4
2858	96.46
2857	96.53
2856	96.59
2855	96.65
2854	96.72
2853	96.78
2852	96.84
2851	96.91
2850	96.97
2849	97.02
2848	97.08
2847	97.12
2846	97.15
2845	97.19
2844	97.23
2843	97.28
2842	97.33
2841	97.38
2840	97.43
2839	97.47
2838	97.5
2837	97.53
2836	97.56
2835	97.59
2834	97.62
2833	97.65
2832	97.68
2831	97.7
2830	97.73
2829	97.75
2828	97.78
2827	97.8
2826	97.82
2825	97.84
2824	97.85
2823	97.87
2822	97.89
2821	97.91
2820	97.93
2819	97.95
2818	97.97
2817	97.99
2816	98
2815	98.02
2814	98.03
2813	98.04
2812	98.06
2811	98.08
2810	98.09
2809	98.1
2808	98.11
2807	98.11
2806	98.11
2805	98.12
2804	98.12
2803	98.12
2802	98.12
2801	98.13
2800	98.14
2799	98.16
2798	98.17
2797	98.17
2796	98.18
2795	98.18
2794	98.18
2793	98.18
2792	98.19
2791	98.19
2790	98.19
2789	98.19
2788	98.19
2787	98.19
2786	98.19
2785	98.18
2784	98.18
2783	98.18
2782	98.18
2781	98.19
2780	98.2
2779	98.21
2778	98.23
2777	98.24
2776	98.26
2775	98.27
2774	98.28
2773	98.29
2772	98.3
2771	98.31
2770	98.32
2769	98.33
2768	98.34
2767	98.36
2766	98.37
2765	98.37
2764	98.38
2763	98.39
2762	98.39
2761	98.41
2760	98.41
2759	98.42
2758	98.43
2757	98.43
2756	98.44
2755	98.44
2754	98.45
2753	98.46
2752	98.46
2751	98.47
2750	98.48
2749	98.48
2748	98.49
2747	98.49
2746	98.48
2745	98.48
2744	98.48
2743	98.48
2742	98.48
2741	98.48
2740	98.49
2739	98.49
2738	98.49
2737	98.49
2736	98.49
2735	98.49
2734	98.49
2733	98.5
2732	98.5
2731	98.5
2730	98.51
2729	98.52
2728	98.54
2727	98.55
2726	98.55
2725	98.55
2724	98.54
2723	98.54
2722	98.54
2721	98.54
2720	98.53
2719	98.53
2718	98.53
2717	98.53
2716	98.53
2715	98.54
2714	98.54
2713	98.55
2712	98.56
2711	98.57
2710	98.57
2709	98.58
2708	98.58
2707	98.58
2706	98.58
2705	98.59
2704	98.6
2703	98.6
2702	98.61
2701	98.62
2700	98.63
2699	98.64
2698	98.65
2697	98.65
2696	98.66
2695	98.66
2694	98.67
2693	98.68
2692	98.68
2691	98.68
2690	98.69
2689	98.69
2688	98.7
2687	98.71
2686	98.71
2685	98.71
2684	98.72
2683	98.73
2682	98.74
2681	98.75
2680	98.75
2679	98.75
2678	98.75
2677	98.75
2676	98.75
2675	98.75
2674	98.75
2673	98.75
2672	98.76
2671	98.76
2670	98.76
2669	98.76
2668	98.76
2667	98.76
2666	98.76
2665	98.75
2664	98.75
2663	98.75
2662	98.75
2661	98.75
2660	98.75
2659	98.75
2658	98.75
2657	98.75
2656	98.75
2655	98.75
2654	98.75
2653	98.76
2652	98.76
2651	98.76
2650	98.75
2649	98.75
2648	98.76
2647	98.76
2646	98.77
2645	98.78
2644	98.78
2643	98.78
2642	98.78
2641	98.79
2640	98.79
2639	98.79
2638	98.79
2637	98.79
2636	98.79
2635	98.8
2634	98.8
2633	98.81
2632	98.82
2631	98.82
2630	98.83
2629	98.83
2628	98.84
2627	98.83
2626	98.83
2625	98.84
2624	98.84
2623	98.84
2622	98.84
2621	98.84
2620	98.85
2619	98.86
2618	98.86
2617	98.86
2616	98.86
2615	98.86
2614	98.86
2613	98.87
2612	98.87
2611	98.87
2610	98.87
2609	98.86
2608	98.86
2607	98.86
2606	98.86
2605	98.86
2604	98.86
2603	98.86
2602	98.86
2601	98.86
2600	98.85
2599	98.85
2598	98.85
2597	98.84
2596	98.84
2595	98.84
2594	98.84
2593	98.84
2592	98.84
2591	98.84
2590	98.83
2589	98.83
2588	98.82
2587	98.81
2586	98.8
2585	98.8
2584	98.79
2583	98.77
2582	98.76
2581	98.74
2580	98.74
2579	98.73
2578	98.73
2577	98.74
2576	98.74
2575	98.75
2574	98.75
2573	98.76
2572	98.77
2571	98.78
2570	98.8
2569	98.81
2568	98.82
2567	98.82
2566	98.84
2565	98.85
2564	98.87
2563	98.88
2562	98.89
2561	98.89
2560	98.89
2559	98.9
2558	98.91
2557	98.92
2556	98.92
2555	98.92
2554	98.92
2553	98.92
2552	98.92
2551	98.92
2550	98.92
2549	98.93
2548	98.94
2547	98.94
2546	98.95
2545	98.95
2544	98.94
2543	98.94
2542	98.94
2541	98.94
2540	98.94
2539	98.94
2538	98.94
2537	98.95
2536	98.95
2535	98.95
2534	98.95
2533	98.95
2532	98.95
2531	98.95
2530	98.94
2529	98.94
2528	98.94
2527	98.95
2526	98.95
2525	98.96
2524	98.95
2523	98.95
2522	98.95
2521	98.95
2520	98.95
2519	98.95
2518	98.95
2517	98.95
2516	98.94
2515	98.94
2514	98.94
2513	98.94
2512	98.94
2511	98.94
2510	98.94
2509	98.94
2508	98.95
2507	98.95
2506	98.95
2505	98.94
2504	98.94
2503	98.93
2502	98.93
2501	98.93
2500	98.93
2499	98.92
2498	98.92
2497	98.93
2496	98.93
2495	98.93
2494	98.94
2493	98.94
2492	98.94
2491	98.93
2490	98.93
2489	98.93
2488	98.94
2487	98.94
2486	98.95
2485	98.95
2484	98.94
2483	98.94
2482	98.95
2481	98.96
2480	98.96
2479	98.97
2478	98.96
2477	98.95
2476	98.95
2475	98.94
2474	98.93
2473	98.93
2472	98.93
2471	98.93
2470	98.93
2469	98.93
2468	98.92
2467	98.91
2466	98.91
2465	98.91
2464	98.91
2463	98.91
2462	98.91
2461	98.91
2460	98.91
2459	98.91
2458	98.9
2457	98.88
2456	98.86
2455	98.85
2454	98.83
2453	98.82
2452	98.81
2451	98.8
2450	98.79
2449	98.78
2448	98.77
2447	98.76
2446	98.76
2445	98.76
2444	98.76
2443	98.76
2442	98.76
2441	98.77
2440	98.77
2439	98.78
2438	98.79
2437	98.79
2436	98.8
2435	98.81
2434	98.82
2433	98.83
2432	98.84
2431	98.86
2430	98.87
2429	98.88
2428	98.88
2427	98.88
2426	98.88
2425	98.88
2424	98.89
2423	98.89
2422	98.9
2421	98.9
2420	98.91
2419	98.92
2418	98.93
2417	98.93
2416	98.93
2415	98.93
2414	98.93
2413	98.94
2412	98.95
2411	98.96
2410	98.97
2409	98.97
2408	98.97
2407	98.97
2406	98.98
2405	98.98
2404	98.98
2403	98.99
2402	98.99
2401	98.99
2400	98.99
2399	98.99
2398	98.99
2397	99
2396	99
2395	98.99
2394	98.99
2393	98.99
2392	98.99
2391	98.99
2390	99
2389	99.01
2388	99.01
2387	99.02
2386	99.02
2385	99.02
2384	99.02
2383	99.01
2382	99.01
2381	99.01
2380	99.01
2379	99.02
2378	99.03
2377	99.03
2376	99.03
2375	99.03
2374	99.02
2373	99.02
2372	99.03
2371	99.04
2370	99.05
2369	99.05
2368	99.04
2367	99.03
2366	99.02
2365	99.01
2364	99
2363	99.01
2362	99.02
2361	99.03
2360	99.03
2359	99.03
2358	99.02
2357	99.02
2356	99.01
2355	99.01
2354	99.02
2353	99.03
2352	99.03
2351	99.03
2350	99.02
2349	99.02
2348	99.01
2347	99.01
2346	99.01
2345	99
2344	98.99
2343	98.98
2342	98.97
2341	98.97
2340	98.98
2339	98.99
2338	98.99
2337	99
2336	99
2335	99.01
2334	99.02
2333	99.03
2332	99.02
2331	99.02
2330	99.01
2329	99
2328	98.97
2327	98.94
2326	98.91
2325	98.89
2324	98.89
2323	98.9
2322	98.92
2321	98.94
2320	98.95
2319	98.96
2318	98.97
2317	98.97
2316	98.97
2315	98.97
2314	98.97
2313	98.96
2312	98.96
2311	98.96
2310	98.96
2309	98.97
2308	98.96
2307	98.96
2306	98.96
2305	98.96
2304	98.97
2303	98.97
2302	98.97
2301	98.97
2300	98.97
2299	98.97
2298	98.97
2297	98.96
2296	98.96
2295	98.95
2294	98.95
2293	98.95
2292	98.95
2291	98.94
2290	98.94
2289	98.93
2288	98.92
2287	98.91
2286	98.91
2285	98.91
2284	98.92
2283	98.92
2282	98.93
2281	98.92
2280	98.92
2279	98.92
2278	98.91
2277	98.91
2276	98.9
2275	98.9
2274	98.91
2273	98.92
2272	98.92
2271	98.91
2270	98.9
2269	98.89
2268	98.88
2267	98.87
2266	98.88
2265	98.88
2264	98.88
2263	98.89
2262	98.89
2261	98.9
2260	98.91
2259	98.91
2258	98.92
2257	98.93
2256	98.93
2255	98.94
2254	98.95
2253	98.97
2252	98.97
2251	98.97
2250	98.96
2249	98.95
2248	98.95
2247	98.95
2246	98.96
2245	98.97
2244	98.98
2243	98.99
2242	99
2241	99
2240	98.99
2239	98.99
2238	98.99
2237	99
2236	99.01
2235	99
2234	98.98
2233	98.97
2232	98.97
2231	98.98
2230	98.99
2229	98.99
2228	98.98
2227	98.97
2226	98.97
2225	98.99
2224	99.03
2223	99.06
2222	99.08
2221	99.09
2220	99.09
2219	99.09
2218	99.09
2217	99.11
2216	99.11
2215	99.11
2214	99.1
2213	99.1
2212	99.11
2211	99.13
2210	99.14
2209	99.15
2208	99.14
2207	99.13
2206	99.13
2205	99.13
2204	99.14
2203	99.14
2202	99.15
2201	99.15
2200	99.14
2199	99.15
2198	99.17
2197	99.19
2196	99.19
2195	99.16
2194	99.14
2193	99.13
2192	99.13
2191	99.15
2190	99.16
2189	99.17
2188	99.18
2187	99.18
2186	99.18
2185	99.18
2184	99.19
2183	99.2
2182	99.23
2181	99.23
2180	99.22
2179	99.21
2178	99.2
2177	99.19
2176	99.19
2175	99.18
2174	99.2
2173	99.22
2172	99.23
2171	99.22
2170	99.21
2169	99.18
2168	99.16
2167	99.14
2166	99.13
2165	99.12
2164	99.08
2163	99.03
2162	98.98
2161	98.98
2160	99.03
2159	99.12
2158	99.21
2157	99.26
2156	99.26
2155	99.23
2154	99.19
2153	99.14
2152	99.09
2151	99.03
2150	98.98
2149	98.95
2148	98.93
2147	98.93
2146	98.93
2145	98.94
2144	98.94
2143	98.93
2142	98.93
2141	98.93
2140	98.94
2139	98.94
2138	98.95
2137	98.95
2136	98.95
2135	98.95
2134	98.96
2133	98.97
2132	98.98
2131	98.97
2130	98.97
2129	98.96
2128	98.96
2127	98.96
2126	98.96
2125	98.95
2124	98.95
2123	98.95
2122	98.94
2121	98.94
2120	98.93
2119	98.92
2118	98.92
2117	98.92
2116	98.92
2115	98.91
2114	98.92
2113	98.93
2112	98.94
2111	98.95
2110	98.95
2109	98.96
2108	98.95
2107	98.96
2106	98.97
2105	98.99
2104	99.01
2103	99.02
2102	99.03
2101	99.03
2100	99.04
2099	99.06
2098	99.08
2097	99.1
2096	99.12
2095	99.12
2094	99.12
2093	99.12
2092	99.13
2091	99.14
2090	99.15
2089	99.15
2088	99.16
2087	99.16
2086	99.18
2085	99.2
2084	99.21
2083	99.2
2082	99.19
2081	99.18
2080	99.17
2079	99.17
2078	99.18
2077	99.19
2076	99.19
2075	99.2
2074	99.2
2073	99.2
2072	99.2
2071	99.2
2070	99.19
2069	99.18
2068	99.17
2067	99.17
2066	99.18
2065	99.2
2064	99.22
2063	99.23
2062	99.23
2061	99.22
2060	99.22
2059	99.22
2058	99.23
2057	99.24
2056	99.26
2055	99.27
2054	99.28
2053	99.27
2052	99.25
2051	99.25
2050	99.26
2049	99.3
2048	99.32
2047	99.33
2046	99.34
2045	99.35
2044	99.37
2043	99.37
2042	99.37
2041	99.36
2040	99.34
2039	99.31
2038	99.29
2037	99.28
2036	99.28
2035	99.3
2034	99.34
2033	99.36
2032	99.37
2031	99.35
2030	99.35
2029	99.37
2028	99.4
2027	99.43
2026	99.47
2025	99.5
2024	99.51
2023	99.49
2022	99.48
2021	99.46
2020	99.45
2019	99.45
2018	99.45
2017	99.47
2016	99.49
2015	99.49
2014	99.47
2013	99.44
2012	99.41
2011	99.39
2010	99.37
2009	99.36
2008	99.37
2007	99.4
2006	99.44
2005	99.47
2004	99.46
2003	99.44
2002	99.41
2001	99.38
2000	99.36
1999	99.34
1998	99.33
1997	99.32
1996	99.31
1995	99.31
1994	99.32
1993	99.35
1992	99.36
1991	99.35
1990	99.34
1989	99.33
1988	99.32
1987	99.32
1986	99.33
1985	99.35
1984	99.36
1983	99.37
1982	99.36
1981	99.35
1980	99.34
1979	99.34
1978	99.37
1977	99.42
1976	99.45
1975	99.47
1974	99.47
1973	99.46
1972	99.44
1971	99.42
1970	99.42
1969	99.43
1968	99.45
1967	99.46
1966	99.47
1965	99.47
1964	99.47
1963	99.46
1962	99.46
1961	99.48
1960	99.49
1959	99.48
1958	99.47
1957	99.47
1956	99.46
1955	99.46
1954	99.46
1953	99.44
1952	99.43
1951	99.42
1950	99.43
1949	99.46
1948	99.47
1947	99.46
1946	99.44
1945	99.41
1944	99.39
1943	99.38
1942	99.39
1941	99.4
1940	99.42
1939	99.43
1938	99.43
1937	99.43
1936	99.41
1935	99.39
1934	99.38
1933	99.38
1932	99.39
1931	99.4
1930	99.41
1929	99.42
1928	99.42
1927	99.41
1926	99.41
1925	99.41
1924	99.4
1923	99.39
1922	99.38
1921	99.38
1920	99.39
1919	99.4
1918	99.4
1917	99.4
1916	99.39
1915	99.4
1914	99.4
1913	99.42
1912	99.43
1911	99.43
1910	99.43
1909	99.44
1908	99.44
1907	99.44
1906	99.45
1905	99.45
1904	99.46
1903	99.45
1902	99.45
1901	99.46
1900	99.45
1899	99.44
1898	99.44
1897	99.44
1896	99.45
1895	99.45
1894	99.45
1893	99.45
1892	99.45
1891	99.45
1890	99.45
1889	99.45
1888	99.45
1887	99.45
1886	99.46
1885	99.46
1884	99.46
1883	99.46
1882	99.46
1881	99.46
1880	99.46
1879	99.45
1878	99.46
1877	99.47
1876	99.47
1875	99.47
1874	99.47
1873	99.47
1872	99.47
1871	99.47
1870	99.47
1869	99.48
1868	99.48
1867	99.47
1866	99.47
1865	99.47
1864	99.47
1863	99.47
1862	99.46
1861	99.45
1860	99.44
1859	99.43
1858	99.44
1857	99.44
1856	99.44
1855	99.43
1854	99.42
1853	99.41
1852	99.4
1851	99.4
1850	99.4
1849	99.4
1848	99.39
1847	99.37
1846	99.36
1845	99.36
1844	99.36
1843	99.36
1842	99.37
1841	99.37
1840	99.37
1839	99.37
1838	99.36
1837	99.35
1836	99.34
1835	99.33
1834	99.32
1833	99.31
1832	99.31
1831	99.3
1830	99.29
1829	99.27
1828	99.26
1827	99.24
1826	99.22
1825	99.2
1824	99.19
1823	99.17
1822	99.16
1821	99.14
1820	99.12
1819	99.1
1818	99.08
1817	99.06
1816	99.03
1815	99
1814	98.96
1813	98.93
1812	98.89
1811	98.85
1810	98.81
1809	98.77
1808	98.72
1807	98.68
1806	98.63
1805	98.6
1804	98.57
1803	98.53
1802	98.49
1801	98.45
1800	98.41
1799	98.37
1798	98.34
1797	98.31
1796	98.29
1795	98.28
1794	98.26
1793	98.25
1792	98.22
1791	98.19
1790	98.16
1789	98.15
1788	98.15
1787	98.14
1786	98.13
1785	98.12
1784	98.11
1783	98.09
1782	98.08
1781	98.06
1780	98.03
1779	98.01
1778	97.98
1777	97.95
1776	97.92
1775	97.87
1774	97.82
1773	97.75
1772	97.67
1771	97.58
1770	97.49
1769	97.4
1768	97.28
1767	97.15
1766	97.01
1765	96.88
1764	96.73
1763	96.53
1762	96.28
1761	96
1760	95.72
1759	95.42
1758	95.05
1757	94.6
1756	94.11
1755	93.64
1754	93.22
1753	92.83
1752	92.46
1751	92.14
1750	91.92
1749	91.85
1748	91.89
1747	91.97
1746	92.06
1745	92.16
1744	92.24
1743	92.3
1742	92.29
1741	92.23
1740	92.12
1739	91.94
1738	91.72
1737	91.51
1736	91.27
1735	90.83
1734	90.14
1733	89.41
1732	88.76
1731	88.04
1730	87.13
1729	86.05
1728	84.84
1727	83.46
1726	81.83
1725	79.88
1724	77.57
1723	74.94
1722	72.19
1721	69.51
1720	66.71
1719	63.22
1718	58.81
1717	54.36
1716	50.86
1715	48.14
1714	45.92
1713	44.38
1712	43.55
1711	43.25
1710	43.38
1709	44.11
1708	45.55
1707	47.69
1706	50.56
1705	53.96
1704	57.23
1703	60.05
1702	62.91
1701	66.77
1700	71.34
1699	74.83
1698	76.98
1697	78.86
1696	81.05
1695	83.12
1694	84.59
1693	85.61
1692	86.47
1691	87.32
1690	88.14
1689	88.85
1688	89.42
1687	89.86
1686	90.27
1685	90.77
1684	91.34
1683	91.76
1682	92
1681	92.14
1680	92.26
1679	92.35
1678	92.41
1677	92.51
1676	92.68
1675	92.95
1674	93.25
1673	93.54
1672	93.84
1671	94.18
1670	94.55
1669	94.93
1668	95.24
1667	95.47
1666	95.65
1665	95.81
1664	95.99
1663	96.17
1662	96.33
1661	96.46
1660	96.57
1659	96.67
1658	96.75
1657	96.82
1656	96.88
1655	96.96
1654	97.04
1653	97.14
1652	97.23
1651	97.28
1650	97.3
1649	97.33
1648	97.38
1647	97.44
1646	97.5
1645	97.54
1644	97.58
1643	97.62
1642	97.67
1641	97.71
1640	97.75
1639	97.8
1638	97.84
1637	97.9
1636	97.97
1635	98.04
1634	98.08
1633	98.11
1632	98.13
1631	98.16
1630	98.2
1629	98.23
1628	98.27
1627	98.31
1626	98.35
1625	98.38
1624	98.42
1623	98.46
1622	98.49
1621	98.5
1620	98.51
1619	98.52
1618	98.53
1617	98.55
1616	98.58
1615	98.59
1614	98.6
1613	98.6
1612	98.6
1611	98.61
1610	98.61
1609	98.61
1608	98.6
1607	98.6
1606	98.59
1605	98.58
1604	98.57
1603	98.56
1602	98.55
1601	98.53
1600	98.52
1599	98.51
1598	98.5
1597	98.48
1596	98.47
1595	98.44
1594	98.42
1593	98.39
1592	98.36
1591	98.34
1590	98.32
1589	98.3
1588	98.27
1587	98.24
1586	98.22
1585	98.19
1584	98.18
1583	98.16
1582	98.15
1581	98.14
1580	98.13
1579	98.12
1578	98.11
1577	98.1
1576	98.09
1575	98.08
1574	98.07
1573	98.06
1572	98.06
1571	98.06
1570	98.06
1569	98.05
1568	98.04
1567	98.03
1566	98.03
1565	98.03
1564	98.02
1563	98.02
1562	98.03
1561	98.04
1560	98.06
1559	98.07
1558	98.07
1557	98.07
1556	98.06
1555	98.06
1554	98.06
1553	98.06
1552	98.05
1551	98.05
1550	98.05
1549	98.04
1548	98.05
1547	98.05
1546	98.06
1545	98.06
1544	98.05
1543	98.05
1542	98.06
1541	98.06
1540	98.06
1539	98.07
1538	98.07
1537	98.06
1536	98.05
1535	98.05
1534	98.06
1533	98.06
1532	98.06
1531	98.07
1530	98.07
1529	98.07
1528	98.06
1527	98.05
1526	98.05
1525	98.04
1524	98.03
1523	98.03
1522	98.04
1521	98.04
1520	98.03
1519	98.03
1518	98.03
1517	98.02
1516	98.01
1515	98
1514	97.99
1513	97.99
1512	97.98
1511	97.96
1510	97.95
1509	97.94
1508	97.92
1507	97.89
1506	97.86
1505	97.85
1504	97.84
1503	97.82
1502	97.8
1501	97.78
1500	97.75
1499	97.72
1498	97.69
1497	97.65
1496	97.6
1495	97.56
1494	97.53
1493	97.49
1492	97.45
1491	97.4
1490	97.34
1489	97.27
1488	97.21
1487	97.15
1486	97.1
1485	97.05
1484	96.99
1483	96.94
1482	96.88
1481	96.82
1480	96.76
1479	96.7
1478	96.65
1477	96.59
1476	96.51
1475	96.44
1474	96.36
1473	96.25
1472	96.12
1471	95.99
1470	95.88
1469	95.77
1468	95.64
1467	95.5
1466	95.34
1465	95.14
1464	94.92
1463	94.73
1462	94.56
1461	94.39
1460	94.21
1459	94
1458	93.72
1457	93.33
1456	92.93
1455	92.61
1454	92.33
1453	92.04
1452	91.72
1451	91.4
1450	91.07
1449	90.72
1448	90.33
1447	89.94
1446	89.56
1445	89.17
1444	88.79
1443	88.42
1442	88.07
1441	87.76
1440	87.49
1439	87.28
1438	87.11
1437	86.94
1436	86.82
1435	86.76
1434	86.74
1433	86.72
1432	86.69
1431	86.65
1430	86.58
1429	86.46
1428	86.31
1427	86.15
1426	85.97
1425	85.74
1424	85.49
1423	85.27
1422	85.09
1421	84.94
1420	84.82
1419	84.78
1418	84.82
1417	84.93
1416	85.09
1415	85.3
1414	85.56
1413	85.84
1412	86.15
1411	86.49
1410	86.83
1409	87.15
1408	87.47
1407	87.8
1406	88.13
1405	88.47
1404	88.81
1403	89.12
1402	89.4
1401	89.66
1400	89.91
1399	90.13
1398	90.26
1397	90.25
1396	90.11
1395	89.94
1394	89.86
1393	89.96
1392	90.17
1391	90.35
1390	90.43
1389	90.39
1388	90.25
1387	90.02
1386	89.73
1385	89.43
1384	89.12
1383	88.77
1382	88.37
1381	87.92
1380	87.4
1379	86.81
1378	86.13
1377	85.37
1376	84.48
1375	83.37
1374	82.02
1373	80.53
1372	78.95
1371	77.26
1370	75.36
1369	73.22
1368	70.93
1367	68.67
1366	66.56
1365	64.62
1364	62.83
1363	61.25
1362	60.03
1361	59.23
1360	58.8
1359	58.64
1358	58.7
1357	58.99
1356	59.58
1355	60.54
1354	61.92
1353	63.66
1352	65.7
1351	67.95
1350	70.29
1349	72.6
1348	74.81
1347	76.85
1346	78.73
1345	80.43
1344	81.95
1343	83.29
1342	84.5
1341	85.59
1340	86.61
1339	87.55
1338	88.36
1337	89.06
1336	89.68
1335	90.24
1334	90.74
1333	91.2
1332	91.62
1331	92.02
1330	92.38
1329	92.7
1328	92.99
1327	93.27
1326	93.52
1325	93.74
1324	93.96
1323	94.16
1322	94.35
1321	94.53
1320	94.71
1319	94.88
1318	95.04
1317	95.19
1316	95.34
1315	95.5
1314	95.64
1313	95.78
1312	95.92
1311	96.05
1310	96.17
1309	96.29
1308	96.4
1307	96.51
1306	96.61
1305	96.69
1304	96.78
1303	96.87
1302	96.95
1301	97.02
1300	97.1
1299	97.17
1298	97.22
1297	97.27
1296	97.33
1295	97.38
1294	97.43
1293	97.48
1292	97.52
1291	97.56
1290	97.6
1289	97.63
1288	97.66
1287	97.69
1286	97.71
1285	97.72
1284	97.74
1283	97.75
1282	97.76
1281	97.75
1280	97.75
1279	97.75
1278	97.75
1277	97.73
1276	97.71
1275	97.69
1274	97.66
1273	97.62
1272	97.59
1271	97.54
1270	97.49
1269	97.43
1268	97.37
1267	97.3
1266	97.23
1265	97.16
1264	97.09
1263	97.02
1262	96.94
1261	96.87
1260	96.79
1259	96.73
1258	96.66
1257	96.59
1256	96.51
1255	96.44
1254	96.36
1253	96.26
1252	96.15
1251	96.04
1250	95.93
1249	95.85
1248	95.8
1247	95.75
1246	95.67
1245	95.52
1244	95.28
1243	94.98
1242	94.65
1241	94.37
1240	94.12
1239	93.81
1238	93.37
1237	92.75
1236	91.96
1235	91.01
1234	89.87
1233	88.5
1232	86.9
1231	85.02
1230	82.84
1229	80.29
1228	77.33
1227	73.95
1226	70.16
1225	66.12
1224	62.1
1223	58.52
1222	55.74
1221	54.04
1220	53.55
1219	54.27
1218	56
1217	58.48
1216	61.43
1215	64.64
1214	67.9
1213	71.05
1212	73.99
1211	76.68
1210	79.06
1209	81.15
1208	82.96
1207	84.53
1206	85.88
1205	87.03
1204	88.03
1203	88.88
1202	89.6
1201	90.19
1200	90.68
1199	91.09
1198	91.44
1197	91.76
1196	92.08
1195	92.43
1194	92.79
1193	93.16
1192	93.54
1191	93.9
1190	94.22
1189	94.51
1188	94.77
1187	95.01
1186	95.23
1185	95.42
1184	95.61
1183	95.8
1182	95.96
1181	96.1
1180	96.24
1179	96.37
1178	96.49
1177	96.59
1176	96.7
1175	96.8
1174	96.88
1173	96.97
1172	97.05
1171	97.14
1170	97.21
1169	97.27
1168	97.33
1167	97.39
1166	97.44
1165	97.48
1164	97.53
1163	97.57
1162	97.61
1161	97.64
1160	97.68
1159	97.72
1158	97.75
1157	97.78
1156	97.8
1155	97.82
1154	97.84
1153	97.85
1152	97.88
1151	97.91
1150	97.93
1149	97.95
1148	97.98
1147	98
1146	98
1145	98
1144	98
1143	98
1142	98
1141	97.99
1140	97.99
1139	97.99
1138	97.97
1137	97.96
1136	97.95
1135	97.94
1134	97.92
1133	97.89
1132	97.86
1131	97.83
1130	97.79
1129	97.76
1128	97.73
1127	97.7
1126	97.66
1125	97.61
1124	97.56
1123	97.51
1122	97.45
1121	97.37
1120	97.29
1119	97.2
1118	97.11
1117	97
1116	96.89
1115	96.78
1114	96.65
1113	96.5
1112	96.34
1111	96.16
1110	95.97
1109	95.77
1108	95.56
1107	95.33
1106	95.07
1105	94.78
1104	94.47
1103	94.13
1102	93.75
1101	93.3
1100	92.79
1099	92.21
1098	91.55
1097	90.81
1096	90.05
1095	89.32
1094	88.66
1093	88.14
1092	87.81
1091	87.71
1090	87.81
1089	88.09
1088	88.5
1087	88.95
1086	89.36
1085	89.7
1084	89.97
1083	90.19
1082	90.33
1081	90.43
1080	90.5
1079	90.57
1078	90.64
1077	90.71
1076	90.81
1075	90.94
1074	91.09
1073	91.25
1072	91.44
1071	91.6
1070	91.64
1069	91.51
1068	91.25
1067	91.02
1066	90.96
1065	91.15
1064	91.5
1063	91.83
1062	92.01
1061	92.01
1060	91.86
1059	91.63
1058	91.42
1057	91.31
1056	91.33
1055	91.39
1054	91.42
1053	91.43
1052	91.46
1051	91.53
1050	91.61
1049	91.71
1048	91.83
1047	91.96
1046	92.11
1045	92.26
1044	92.43
1043	92.62
1042	92.81
1041	93
1040	93.2
1039	93.4
1038	93.6
1037	93.87
1036	94.23
1035	94.62
1034	94.97
1033	95.26
1032	95.49
1031	95.63
1030	95.62
1029	95.52
1028	95.47
1027	95.58
1026	95.84
1025	96.15
1024	96.4
1023	96.57
1022	96.67
1021	96.73
1020	96.79
1019	96.84
1018	96.89
1017	96.94
1016	97.02
1015	97.11
1014	97.2
1013	97.31
1012	97.42
1011	97.52
1010	97.62
1009	97.71
1008	97.81
1007	97.9
1006	97.97
1005	98.03
1004	98.1
1003	98.19
1002	98.28
1001	98.37
1000	98.45
999	98.52
998	98.58
997	98.62
996	98.67
995	98.71
994	98.73
993	98.76
992	98.79
991	98.82
990	98.84
989	98.85
988	98.87
987	98.88
986	98.89
985	98.89
984	98.9
983	98.91
982	98.92
981	98.93
980	98.95
979	98.97
978	98.98
977	98.99
976	99.02
975	99.05
974	99.07
973	99.09
972	99.11
971	99.13
970	99.14
969	99.14
968	99.16
967	99.18
966	99.19
965	99.2
964	99.21
963	99.21
962	99.21
961	99.2
960	99.2
959	99.2
958	99.18
957	99.17
956	99.17
955	99.18
954	99.17
953	99.17
952	99.16
951	99.15
950	99.12
949	99.1
948	99.08
947	99.07
946	99.06
945	99.03
944	99.01
943	98.99
942	98.96
941	98.93
940	98.91
939	98.89
938	98.86
937	98.82
936	98.78
935	98.74
934	98.69
933	98.64
932	98.59
931	98.54
930	98.47
929	98.41
928	98.34
927	98.27
926	98.19
925	98.09
924	98
923	97.91
922	97.81
921	97.7
920	97.59
919	97.47
918	97.33
917	97.17
916	97.02
915	96.85
914	96.66
913	96.45
912	96.24
911	96.01
910	95.77
909	95.52
908	95.28
907	95.05
906	94.82
905	94.61
904	94.42
903	94.28
902	94.19
901	94.16
900	94.19
899	94.29
898	94.42
897	94.58
896	94.79
895	95
894	95.19
893	95.37
892	95.57
891	95.8
890	96.05
889	96.29
888	96.5
887	96.68
886	96.81
885	96.91
884	96.99
883	97.07
882	97.13
881	97.16
880	97.21
879	97.32
878	97.48
877	97.66
876	97.81
875	97.92
874	97.98
873	98.02
872	98.07
871	98.1
870	98.13
869	98.18
868	98.23
867	98.29
866	98.34
865	98.39
864	98.46
863	98.53
862	98.61
861	98.68
860	98.76
859	98.83
858	98.87
857	98.91
856	98.96
855	99.02
854	99.07
853	99.11
852	99.16
851	99.2
850	99.22
849	99.23
848	99.25
847	99.29
846	99.32
845	99.34
844	99.36
843	99.38
842	99.38
841	99.38
840	99.4
839	99.43
838	99.45
837	99.46
836	99.47
835	99.47
834	99.47
833	99.47
832	99.48
831	99.48
830	99.48
829	99.47
828	99.47
827	99.47
826	99.47
825	99.47
824	99.47
823	99.47
822	99.46
821	99.44
820	99.44
819	99.43
818	99.42
817	99.41
816	99.42
815	99.42
814	99.41
813	99.39
812	99.37
811	99.36
810	99.35
809	99.34
808	99.34
807	99.33
806	99.31
805	99.27
804	99.25
803	99.22
802	99.19
801	99.17
800	99.16
799	99.16
798	99.13
797	99.08
796	99.03
795	98.96
794	98.85
793	98.72
792	98.58
791	98.42
790	98.24
789	98.05
788	97.9
787	97.78
786	97.7
785	97.68
784	97.71
783	97.79
782	97.88
781	97.98
780	98.09
779	98.21
778	98.32
777	98.42
776	98.54
775	98.64
774	98.72
773	98.78
772	98.86
771	98.92
770	98.96
769	99
768	99.05
767	99.1
766	99.13
765	99.15
764	99.18
763	99.21
762	99.22
761	99.23
760	99.26
759	99.28
758	99.29
757	99.3
756	99.32
755	99.34
754	99.34
753	99.34
752	99.35
751	99.36
750	99.36
749	99.35
748	99.36
747	99.37
746	99.36
745	99.35
744	99.37
743	99.4
742	99.42
741	99.43
740	99.46
739	99.47
738	99.47
737	99.45
736	99.44
735	99.44
734	99.44
733	99.43
732	99.44
731	99.44
730	99.43
729	99.42
728	99.43
727	99.44
726	99.45
725	99.45
724	99.46
723	99.46
722	99.45
721	99.45
720	99.45
719	99.46
718	99.46
717	99.46
716	99.48
715	99.49
714	99.48
713	99.47
712	99.47
711	99.47
710	99.47
709	99.46
708	99.47
707	99.47
706	99.45
705	99.43
704	99.43
703	99.44
702	99.46
701	99.47
700	99.49
699	99.49
698	99.47
697	99.45
696	99.46
695	99.47
694	99.47
693	99.45
692	99.46
691	99.47
690	99.47
689	99.47
688	99.48
687	99.49
686	99.48
685	99.46
684	99.46
683	99.46
682	99.45
681	99.45
680	99.46
679	99.47
678	99.45
677	99.43
676	99.43
675	99.44
674	99.44
673	99.44
672	99.46
671	99.49
670	99.51
669	99.51
668	99.51
667	99.48
666	99.44
665	99.41
664	99.42
663	99.42
662	99.41
661	99.4
660	99.42
659	99.45
658	99.45
657	99.45
656	99.46
655	99.46
654	99.44
653	99.42
652	99.41
651	99.41
650	99.4
649	99.39
648	99.4
647	99.41
646	99.4
645	99.39
644	99.39
643	99.39
642	99.39
641	99.38
640	99.39
639	99.4
638	99.39
637	99.38
636	99.39
635	99.39
634	99.38
633	99.36
632	99.37
631	99.38
630	99.37
629	99.36
628	99.38
627	99.4
626	99.4
625	99.4
624	99.43
623	99.45
622	99.45
621	99.43
620	99.44
619	99.46
618	99.45
617	99.44
616	99.44
615	99.44
614	99.44
613	99.44
612	99.47
611	99.49
610	99.49
609	99.48
608	99.49
607	99.5
606	99.47
605	99.44
604	99.44
603	99.44
602	99.43
601	99.43
600	99.45
599	99.46
598	99.46
597	99.44
596	99.44
595	99.43
594	99.41
593	99.4
592	99.44
591	99.48
590	99.48
589	99.45
588	99.44
587	99.44
586	99.42
585	99.4
584	99.41
583	99.41
582	99.39
581	99.37
580	99.37
579	99.37
578	99.36
577	99.35
576	99.38
575	99.4
574	99.39
573	99.36
572	99.36
571	99.37
570	99.33
569	99.29
568	99.28
567	99.26
566	99.2
565	99.13
564	99.1
563	99.08
562	99.06
561	99.03
560	99.01
559	98.97
558	98.87
557	98.75
556	98.65
555	98.55
554	98.41
553	98.29
552	98.18
551	98.05
550	97.86
549	97.65
548	97.45
547	97.2
546	96.86
545	96.42
544	95.95
543	95.4
542	94.73
541	93.94
540	93.01
539	91.87
538	90.41
537	88.6
536	86.37
535	83.65
534	80.4
533	76.76
532	73.08
531	69.87
530	67.71
529	66.96
528	67.71
527	69.79
526	72.74
525	75.96
524	78.95
523	81.55
522	83.74
521	85.6
520	87.21
519	88.58
518	89.7
517	90.62
516	91.42
515	92.1
514	92.66
513	93.13
512	93.58
511	93.99
510	94.3
509	94.56
508	94.83
507	95.09
506	95.28
505	95.44
504	95.61
503	95.75
502	95.8
501	95.81
500	95.85
499	95.92
498	95.96
497	95.98
496	96
495	95.98
494	95.9
493	95.83
492	95.87
491	95.98
490	96.11
489	96.31
488	96.61
487	96.91
486	97.12
485	97.26
484	97.41
483	97.53
482	97.58
481	97.61
480	97.71
479	97.8
478	97.85
477	97.92
476	98.06
475	98.19
474	98.24
473	98.29
472	98.41
471	98.49
470	98.42
469	98.33
468	98.35
467	98.43
466	98.47
465	98.52
464	98.64
463	98.73
462	98.71
461	98.67
460	98.77
459	98.95
458	99.04
457	99.07
456	99.12
455	99.14
454	99.07
453	99.02
452	99.07
451	99.1
450	98.99
449	98.85
448	98.81
447	98.83
446	98.81
445	98.81
444	98.88
443	98.93
442	98.88
441	98.85
440	98.95
439	99.03
438	98.97
437	98.91
436	99.01
435	99.15
434	99.17
433	99.13
432	99.18
431	99.25
430	99.26
429	99.26
428	99.36
427	99.4
426	99.26
425	99.11
424	99.21
423	99.42
422	99.5
421	99.5
420	99.62
419	99.69
418	99.5
417	99.36
416	99.47
415	99.59
414	99.48
413	99.36
412	99.47
411	99.64
410	99.61
409	99.55
408	99.73
407	99.96
406	99.91
405	99.73
404	99.72
403	99.73
402	99.49
401	99.15
400	98.93