4000	100.23
3999	100.23
3998	100.23
3997	100.23
3996	100.24
3995	100.24
3994	100.24
3993	100.23
3992	100.23
3991	100.23
3990	100.23
3989	100.23
3988	100.23
3987	100.23
3986	100.23
3985	100.23
3984	100.23
3983	100.22
3982	100.22
3981	100.22
3980	100.22
3979	100.22
3978	100.22
3977	100.22
3976	100.22
3975	100.22
3974	100.22
3973	100.22
3972	100.22
3971	100.22
3970	100.21
3969	100.21
3968	100.21
3967	100.21
3966	100.21
3965	100.2
3964	100.2
3963	100.2
3962	100.2
3961	100.2
3960	100.2
3959	100.2
3958	100.19
3957	100.19
3956	100.19
3955	100.18
3954	100.18
3953	100.18
3952	100.18
3951	100.18
3950	100.18
3949	100.18
3948	100.18
3947	100.17
3946	100.17
3945	100.17
3944	100.18
3943	100.18
3942	100.17
3941	100.17
3940	100.16
3939	100.16
3938	100.16
3937	100.15
3936	100.15
3935	100.14
3934	100.14
3933	100.14
3932	100.14
3931	100.14
3930	100.14
3929	100.13
3928	100.13
3927	100.13
3926	100.14
3925	100.14
3924	100.15
3923	100.14
3922	100.14
3921	100.14
3920	100.14
3919	100.13
3918	100.13
3917	100.13
3916	100.12
3915	100.11
3914	100.1
3913	100.1
3912	100.1
3911	100.1
3910	100.1
3909	100.08
3908	100.07
3907	100.07
3906	100.06
3905	100.06
3904	100.06
3903	100.06
3902	100.05
3901	100.05
3900	100.06
3899	100.06
3898	100.05
3897	100.05
3896	100.05
3895	100.05
3894	100.05
3893	100.05
3892	100.05
3891	100.05
3890	100.04
3889	100.03
3888	100.03
3887	100.03
3886	100.03
3885	100.03
3884	100.02
3883	100.02
3882	100.03
3881	100.04
3880	100.04
3879	100.03
3878	100.02
3877	100.02
3876	100.03
3875	100.04
3874	100.04
3873	100.03
3872	100.03
3871	100.03
3870	100.04
3869	100.03
3868	100.03
3867	100.04
3866	100.05
3865	100.06
3864	100.07
3863	100.07
3862	100.07
3861	100.07
3860	100.07
3859	100.07
3858	100.06
3857	100.05
3856	100.03
3855	100.02
3854	100.04
3853	100.05
3852	100.05
3851	100.05
3850	100.08
3849	100.1
3848	100.11
3847	100.11
3846	100.11
3845	100.11
3844	100.11
3843	100.11
3842	100.11
3841	100.1
3840	100.11
3839	100.11
3838	100.11
3837	100.12
3836	100.12
3835	100.12
3834	100.13
3833	100.13
3832	100.13
3831	100.13
3830	100.13
3829	100.13
3828	100.14
3827	100.14
3826	100.13
3825	100.13
3824	100.12
3823	100.12
3822	100.13
3821	100.13
3820	100.12
3819	100.11
3818	100.12
3817	100.14
3816	100.15
3815	100.15
3814	100.14
3813	100.15
3812	100.16
3811	100.16
3810	100.15
3809	100.15
3808	100.15
3807	100.16
3806	100.15
3805	100.15
3804	100.15
3803	100.16
3802	100.17
3801	100.17
3800	100.16
3799	100.15
3798	100.16
3797	100.17
3796	100.17
3795	100.17
3794	100.16
3793	100.17
3792	100.17
3791	100.17
3790	100.17
3789	100.17
3788	100.16
3787	100.17
3786	100.17
3785	100.18
3784	100.18
3783	100.18
3782	100.18
3781	100.19
3780	100.19
3779	100.19
3778	100.18
3777	100.18
3776	100.17
3775	100.17
3774	100.16
3773	100.16
3772	100.16
3771	100.17
3770	100.18
3769	100.18
3768	100.17
3767	100.18
3766	100.18
3765	100.18
3764	100.17
3763	100.17
3762	100.17
3761	100.17
3760	100.17
3759	100.17
3758	100.17
3757	100.17
3756	100.17
3755	100.16
3754	100.15
3753	100.15
3752	100.15
3751	100.16
3750	100.17
3749	100.17
3748	100.16
3747	100.17
3746	100.18
3745	100.19
3744	100.19
3743	100.18
3742	100.18
3741	100.19
3740	100.2
3739	100.19
3738	100.18
3737	100.18
3736	100.19
3735	100.2
3734	100.2
3733	100.2
3732	100.2
3731	100.21
3730	100.21
3729	100.22
3728	100.23
3727	100.23
3726	100.23
3725	100.23
3724	100.23
3723	100.22
3722	100.22
3721	100.23
3720	100.23
3719	100.24
3718	100.24
3717	100.23
3716	100.22
3715	100.21
3714	100.19
3713	100.19
3712	100.18
3711	100.19
3710	100.2
3709	100.2
3708	100.2
3707	100.21
3706	100.21
3705	100.21
3704	100.22
3703	100.22
3702	100.23
3701	100.23
3700	100.22
3699	100.22
3698	100.22
3697	100.22
3696	100.22
3695	100.22
3694	100.22
3693	100.23
3692	100.23
3691	100.23
3690	100.23
3689	100.23
3688	100.22
3687	100.21
3686	100.21
3685	100.22
3684	100.23
3683	100.23
3682	100.23
3681	100.23
3680	100.22
3679	100.21
3678	100.19
3677	100.19
3676	100.21
3675	100.22
3674	100.21
3673	100.21
3672	100.22
3671	100.23
3670	100.23
3669	100.22
3668	100.21
3667	100.21
3666	100.22
3665	100.23
3664	100.24
3663	100.23
3662	100.23
3661	100.22
3660	100.21
3659	100.21
3658	100.22
3657	100.23
3656	100.23
3655	100.23
3654	100.23
3653	100.22
3652	100.21
3651	100.21
3650	100.21
3649	100.22
3648	100.23
3647	100.22
3646	100.22
3645	100.23
3644	100.23
3643	100.23
3642	100.23
3641	100.23
3640	100.23
3639	100.23
3638	100.22
3637	100.22
3636	100.22
3635	100.22
3634	100.22
3633	100.21
3632	100.2
3631	100.18
3630	100.18
3629	100.18
3628	100.17
3627	100.15
3626	100.15
3625	100.16
3624	100.16
3623	100.15
3622	100.14
3621	100.12
3620	100.1
3619	100.09
3618	100.07
3617	100.06
3616	100.05
3615	100.04
3614	100.03
3613	100
3612	99.97
3611	99.95
3610	99.93
3609	99.92
3608	99.9
3607	99.88
3606	99.86
3605	99.84
3604	99.81
3603	99.78
3602	99.75
3601	99.71
3600	99.67
3599	99.64
3598	99.6
3597	99.57
3596	99.53
3595	99.5
3594	99.46
3593	99.41
3592	99.36
3591	99.32
3590	99.27
3589	99.22
3588	99.17
3587	99.11
3586	99.05
3585	98.99
3584	98.94
3583	98.89
3582	98.84
3581	98.79
3580	98.75
3579	98.7
3578	98.66
3577	98.62
3576	98.58
3575	98.54
3574	98.5
3573	98.46
3572	98.42
3571	98.39
3570	98.37
3569	98.34
3568	98.31
3567	98.28
3566	98.24
3565	98.21
3564	98.18
3563	98.15
3562	98.12
3561	98.08
3560	98.04
3559	98
3558	97.96
3557	97.92
3556	97.88
3555	97.84
3554	97.78
3553	97.72
3552	97.66
3551	97.58
3550	97.51
3549	97.44
3548	97.37
3547	97.28
3546	97.2
3545	97.1
3544	97
3543	96.9
3542	96.8
3541	96.69
3540	96.58
3539	96.47
3538	96.35
3537	96.22
3536	96.09
3535	95.96
3534	95.83
3533	95.71
3532	95.58
3531	95.45
3530	95.33
3529	95.2
3528	95.07
3527	94.95
3526	94.83
3525	94.72
3524	94.61
3523	94.5
3522	94.41
3521	94.32
3520	94.23
3519	94.15
3518	94.07
3517	94
3516	93.92
3515	93.84
3514	93.77
3513	93.71
3512	93.65
3511	93.59
3510	93.53
3509	93.47
3508	93.41
3507	93.34
3506	93.27
3505	93.2
3504	93.12
3503	93.05
3502	92.97
3501	92.88
3500	92.8
3499	92.72
3498	92.64
3497	92.55
3496	92.47
3495	92.39
3494	92.3
3493	92.22
3492	92.14
3491	92.07
3490	92.01
3489	91.95
3488	91.9
3487	91.85
3486	91.81
3485	91.77
3484	91.74
3483	91.71
3482	91.69
3481	91.67
3480	91.65
3479	91.64
3478	91.64
3477	91.64
3476	91.65
3475	91.66
3474	91.66
3473	91.66
3472	91.66
3471	91.65
3470	91.64
3469	91.63
3468	91.63
3467	91.63
3466	91.62
3465	91.62
3464	91.61
3463	91.6
3462	91.58
3461	91.55
3460	91.53
3459	91.5
3458	91.47
3457	91.44
3456	91.41
3455	91.38
3454	91.33
3453	91.29
3452	91.23
3451	91.17
3450	91.11
3449	91.04
3448	90.97
3447	90.88
3446	90.8
3445	90.7
3444	90.6
3443	90.49
3442	90.38
3441	90.26
3440	90.14
3439	90.02
3438	89.89
3437	89.76
3436	89.64
3435	89.53
3434	89.43
3433	89.34
3432	89.24
3431	89.15
3430	89.07
3429	89
3428	88.93
3427	88.87
3426	88.82
3425	88.78
3424	88.75
3423	88.72
3422	88.69
3421	88.68
3420	88.67
3419	88.68
3418	88.69
3417	88.72
3416	88.76
3415	88.8
3414	88.85
3413	88.91
3412	88.99
3411	89.07
3410	89.17
3409	89.26
3408	89.37
3407	89.47
3406	89.57
3405	89.67
3404	89.76
3403	89.85
3402	89.94
3401	90.03
3400	90.14
3399	90.24
3398	90.36
3397	90.47
3396	90.57
3395	90.66
3394	90.76
3393	90.86
3392	90.96
3391	91.07
3390	91.18
3389	91.29
3388	91.39
3387	91.49
3386	91.6
3385	91.7
3384	91.8
3383	91.9
3382	92
3381	92.1
3380	92.19
3379	92.29
3378	92.39
3377	92.49
3376	92.6
3375	92.7
3374	92.8
3373	92.9
3372	92.99
3371	93.08
3370	93.17
3369	93.27
3368	93.37
3367	93.46
3366	93.56
3365	93.66
3364	93.75
3363	93.84
3362	93.93
3361	94.01
3360	94.09
3359	94.18
3358	94.26
3357	94.34
3356	94.42
3355	94.49
3354	94.56
3353	94.63
3352	94.69
3351	94.75
3350	94.81
3349	94.88
3348	94.95
3347	95.01
3346	95.07
3345	95.13
3344	95.18
3343	95.23
3342	95.29
3341	95.34
3340	95.4
3339	95.45
3338	95.51
3337	95.56
3336	95.61
3335	95.66
3334	95.7
3333	95.75
3332	95.8
3331	95.85
3330	95.9
3329	95.94
3328	95.98
3327	96.02
3326	96.06
3325	96.1
3324	96.14
3323	96.18
3322	96.22
3321	96.26
3320	96.31
3319	96.35
3318	96.39
3317	96.43
3316	96.46
3315	96.49
3314	96.52
3313	96.55
3312	96.58
3311	96.61
3310	96.63
3309	96.66
3308	96.68
3307	96.71
3306	96.74
3305	96.78
3304	96.81
3303	96.85
3302	96.88
3301	96.91
3300	96.93
3299	96.95
3298	96.98
3297	97
3296	97.02
3295	97.04
3294	97.06
3293	97.09
3292	97.1
3291	97.12
3290	97.14
3289	97.17
3288	97.2
3287	97.23
3286	97.25
3285	97.27
3284	97.29
3283	97.31
3282	97.32
3281	97.34
3280	97.35
3279	97.37
3278	97.39
3277	97.41
3276	97.42
3275	97.44
3274	97.46
3273	97.48
3272	97.5
3271	97.51
3270	97.53
3269	97.55
3268	97.57
3267	97.59
3266	97.61
3265	97.62
3264	97.64
3263	97.65
3262	97.66
3261	97.67
3260	97.68
3259	97.7
3258	97.71
3257	97.73
3256	97.74
3255	97.75
3254	97.75
3253	97.76
3252	97.77
3251	97.78
3250	97.8
3249	97.81
3248	97.83
3247	97.83
3246	97.84
3245	97.84
3244	97.84
3243	97.84
3242	97.85
3241	97.87
3240	97.87
3239	97.88
3238	97.89
3237	97.9
3236	97.92
3235	97.93
3234	97.93
3233	97.92
3232	97.91
3231	97.9
3230	97.89
3229	97.89
3228	97.89
3227	97.89
3226	97.89
3225	97.89
3224	97.88
3223	97.86
3222	97.84
3221	97.81
3220	97.78
3219	97.74
3218	97.69
3217	97.63
3216	97.57
3215	97.51
3214	97.45
3213	97.39
3212	97.35
3211	97.31
3210	97.29
3209	97.28
3208	97.3
3207	97.33
3206	97.37
3205	97.43
3204	97.49
3203	97.57
3202	97.64
3201	97.72
3200	97.79
3199	97.85
3198	97.91
3197	97.97
3196	98.02
3195	98.08
3194	98.12
3193	98.16
3192	98.2
3191	98.24
3190	98.28
3189	98.32
3188	98.35
3187	98.37
3186	98.4
3185	98.42
3184	98.44
3183	98.46
3182	98.48
3181	98.5
3180	98.52
3179	98.53
3178	98.54
3177	98.55
3176	98.56
3175	98.57
3174	98.59
3173	98.6
3172	98.61
3171	98.62
3170	98.63
3169	98.64
3168	98.65
3167	98.66
3166	98.68
3165	98.69
3164	98.7
3163	98.71
3162	98.72
3161	98.73
3160	98.74
3159	98.75
3158	98.75
3157	98.76
3156	98.77
3155	98.79
3154	98.8
3153	98.82
3152	98.83
3151	98.83
3150	98.83
3149	98.84
3148	98.84
3147	98.84
3146	98.85
3145	98.86
3144	98.86
3143	98.87
3142	98.88
3141	98.89
3140	98.9
3139	98.91
3138	98.91
3137	98.91
3136	98.92
3135	98.92
3134	98.92
3133	98.93
3132	98.94
3131	98.94
3130	98.95
3129	98.95
3128	98.96
3127	98.96
3126	98.98
3125	98.99
3124	99
3123	99.01
3122	99.02
3121	99.02
3120	99.03
3119	99.03
3118	99.03
3117	99.03
3116	99.03
3115	99.03
3114	99.03
3113	99.04
3112	99.04
3111	99.05
3110	99.05
3109	99.05
3108	99.04
3107	99.04
3106	99.05
3105	99.05
3104	99.06
3103	99.07
3102	99.07
3101	99.08
3100	99.08
3099	99.09
3098	99.09
3097	99.09
3096	99.1
3095	99.11
3094	99.11
3093	99.12
3092	99.12
3091	99.12
3090	99.12
3089	99.12
3088	99.12
3087	99.13
3086	99.13
3085	99.14
3084	99.14
3083	99.15
3082	99.15
3081	99.16
3080	99.16
3079	99.16
3078	99.16
3077	99.16
3076	99.16
3075	99.16
3074	99.16
3073	99.16
3072	99.16
3071	99.16
3070	99.17
3069	99.17
3068	99.18
3067	99.18
3066	99.18
3065	99.19
3064	99.19
3063	99.19
3062	99.19
3061	99.19
3060	99.19
3059	99.19
3058	99.2
3057	99.2
3056	99.2
3055	99.2
3054	99.2
3053	99.21
3052	99.21
3051	99.22
3050	99.22
3049	99.22
3048	99.22
3047	99.21
3046	99.21
3045	99.21
3044	99.22
3043	99.23
3042	99.23
3041	99.24
3040	99.24
3039	99.24
3038	99.24
3037	99.24
3036	99.25
3035	99.25
3034	99.26
3033	99.26
3032	99.26
3031	99.26
3030	99.26
3029	99.25
3028	99.25
3027	99.25
3026	99.26
3025	99.26
3024	99.27
3023	99.27
3022	99.27
3021	99.27
3020	99.27
3019	99.28
3018	99.28
3017	99.28
3016	99.29
3015	99.29
3014	99.29
3013	99.3
3012	99.29
3011	99.29
3010	99.29
3009	99.29
3008	99.29
3007	99.29
3006	99.29
3005	99.29
3004	99.29
3003	99.29
3002	99.3
3001	99.3
3000	99.3
2999	99.31
2998	99.31
2997	99.3
2996	99.3
2995	99.3
2994	99.3
2993	99.3
2992	99.3
2991	99.31
2990	99.31
2989	99.31
2988	99.31
2987	99.31
2986	99.31
2985	99.31
2984	99.31
2983	99.31
2982	99.31
2981	99.31
2980	99.32
2979	99.32
2978	99.31
2977	99.31
2976	99.31
2975	99.31
2974	99.31
2973	99.31
2972	99.31
2971	99.31
2970	99.31
2969	99.32
2968	99.32
2967	99.32
2966	99.32
2965	99.32
2964	99.32
2963	99.32
2962	99.32
2961	99.33
2960	99.33
2959	99.33
2958	99.33
2957	99.33
2956	99.33
2955	99.33
2954	99.33
2953	99.33
2952	99.33
2951	99.34
2950	99.34
2949	99.34
2948	99.34
2947	99.35
2946	99.35
2945	99.35
2944	99.35
2943	99.35
2942	99.35
2941	99.36
2940	99.36
2939	99.36
2938	99.37
2937	99.37
2936	99.37
2935	99.37
2934	99.37
2933	99.38
2932	99.38
2931	99.38
2930	99.38
2929	99.38
2928	99.39
2927	99.39
2926	99.39
2925	99.39
2924	99.38
2923	99.38
2922	99.39
2921	99.39
2920	99.4
2919	99.4
2918	99.4
2917	99.4
2916	99.4
2915	99.4
2914	99.4
2913	99.4
2912	99.4
2911	99.4
2910	99.4
2909	99.4
2908	99.4
2907	99.4
2906	99.4
2905	99.4
2904	99.4
2903	99.4
2902	99.4
2901	99.4
2900	99.41
2899	99.41
2898	99.41
2897	99.41
2896	99.41
2895	99.41
2894	99.41
2893	99.41
2892	99.41
2891	99.41
2890	99.42
2889	99.42
2888	99.42
2887	99.42
2886	99.42
2885	99.42
2884	99.42
2883	99.42
2882	99.43
2881	99.43
2880	99.43
2879	99.43
2878	99.43
2877	99.43
2876	99.43
2875	99.43
2874	99.43
2873	99.43
2872	99.43
2871	99.44
2870	99.44
2869	99.44
2868	99.44
2867	99.44
2866	99.44
2865	99.44
2864	99.45
2863	99.45
2862	99.44
2861	99.44
2860	99.44
2859	99.44
2858	99.44
2857	99.45
2856	99.45
2855	99.45
2854	99.45
2853	99.46
2852	99.46
2851	99.46
2850	99.46
2849	99.46
2848	99.46
2847	99.46
2846	99.46
2845	99.46
2844	99.46
2843	99.46
2842	99.46
2841	99.46
2840	99.46
2839	99.46
2838	99.46
2837	99.45
2836	99.45
2835	99.45
2834	99.45
2833	99.44
2832	99.44
2831	99.44
2830	99.43
2829	99.43
2828	99.43
2827	99.43
2826	99.43
2825	99.43
2824	99.44
2823	99.44
2822	99.45
2821	99.46
2820	99.47
2819	99.47
2818	99.48
2817	99.48
2816	99.49
2815	99.49
2814	99.49
2813	99.49
2812	99.49
2811	99.49
2810	99.49
2809	99.5
2808	99.49
2807	99.49
2806	99.49
2805	99.5
2804	99.5
2803	99.51
2802	99.51
2801	99.51
2800	99.51
2799	99.51
2798	99.51
2797	99.51
2796	99.51
2795	99.51
2794	99.51
2793	99.51
2792	99.52
2791	99.52
2790	99.52
2789	99.52
2788	99.52
2787	99.52
2786	99.52
2785	99.52
2784	99.52
2783	99.52
2782	99.51
2781	99.51
2780	99.51
2779	99.51
2778	99.52
2777	99.52
2776	99.52
2775	99.52
2774	99.52
2773	99.52
2772	99.52
2771	99.52
2770	99.52
2769	99.52
2768	99.52
2767	99.53
2766	99.53
2765	99.53
2764	99.53
2763	99.53
2762	99.52
2761	99.52
2760	99.52
2759	99.52
2758	99.52
2757	99.52
2756	99.53
2755	99.53
2754	99.54
2753	99.54
2752	99.54
2751	99.54
2750	99.54
2749	99.54
2748	99.53
2747	99.53
2746	99.53
2745	99.53
2744	99.53
2743	99.53
2742	99.53
2741	99.53
2740	99.53
2739	99.54
2738	99.54
2737	99.54
2736	99.54
2735	99.54
2734	99.54
2733	99.54
2732	99.54
2731	99.54
2730	99.54
2729	99.54
2728	99.54
2727	99.54
2726	99.54
2725	99.54
2724	99.54
2723	99.54
2722	99.54
2721	99.54
2720	99.54
2719	99.54
2718	99.54
2717	99.54
2716	99.54
2715	99.54
2714	99.54
2713	99.54
2712	99.54
2711	99.54
2710	99.54
2709	99.55
2708	99.55
2707	99.55
2706	99.55
2705	99.55
2704	99.55
2703	99.55
2702	99.55
2701	99.56
2700	99.56
2699	99.56
2698	99.56
2697	99.56
2696	99.56
2695	99.55
2694	99.55
2693	99.55
2692	99.56
2691	99.56
2690	99.56
2689	99.56
2688	99.56
2687	99.56
2686	99.56
2685	99.56
2684	99.56
2683	99.56
2682	99.56
2681	99.57
2680	99.57
2679	99.57
2678	99.57
2677	99.56
2676	99.56
2675	99.56
2674	99.56
2673	99.57
2672	99.57
2671	99.56
2670	99.56
2669	99.56
2668	99.56
2667	99.56
2666	99.56
2665	99.55
2664	99.55
2663	99.53
2662	99.52
2661	99.5
2660	99.5
2659	99.49
2658	99.49
2657	99.49
2656	99.49
2655	99.49
2654	99.49
2653	99.49
2652	99.49
2651	99.49
2650	99.49
2649	99.49
2648	99.49
2647	99.49
2646	99.49
2645	99.5
2644	99.5
2643	99.5
2642	99.5
2641	99.5
2640	99.5
2639	99.51
2638	99.51
2637	99.51
2636	99.51
2635	99.51
2634	99.51
2633	99.51
2632	99.52
2631	99.52
2630	99.53
2629	99.53
2628	99.53
2627	99.54
2626	99.54
2625	99.54
2624	99.54
2623	99.55
2622	99.55
2621	99.55
2620	99.56
2619	99.56
2618	99.56
2617	99.57
2616	99.57
2615	99.57
2614	99.57
2613	99.57
2612	99.58
2611	99.58
2610	99.58
2609	99.59
2608	99.59
2607	99.59
2606	99.59
2605	99.59
2604	99.59
2603	99.59
2602	99.6
2601	99.61
2600	99.61
2599	99.62
2598	99.62
2597	99.62
2596	99.62
2595	99.63
2594	99.63
2593	99.63
2592	99.63
2591	99.63
2590	99.63
2589	99.64
2588	99.64
2587	99.64
2586	99.64
2585	99.64
2584	99.64
2583	99.63
2582	99.64
2581	99.64
2580	99.65
2579	99.65
2578	99.65
2577	99.65
2576	99.65
2575	99.65
2574	99.65
2573	99.65
2572	99.65
2571	99.65
2570	99.66
2569	99.66
2568	99.66
2567	99.66
2566	99.66
2565	99.67
2564	99.67
2563	99.67
2562	99.67
2561	99.66
2560	99.66
2559	99.66
2558	99.66
2557	99.66
2556	99.67
2555	99.67
2554	99.67
2553	99.67
2552	99.67
2551	99.68
2550	99.69
2549	99.7
2548	99.7
2547	99.71
2546	99.7
2545	99.7
2544	99.7
2543	99.7
2542	99.7
2541	99.71
2540	99.71
2539	99.71
2538	99.71
2537	99.71
2536	99.71
2535	99.71
2534	99.7
2533	99.7
2532	99.7
2531	99.71
2530	99.71
2529	99.71
2528	99.71
2527	99.71
2526	99.72
2525	99.73
2524	99.74
2523	99.74
2522	99.74
2521	99.74
2520	99.73
2519	99.73
2518	99.73
2517	99.73
2516	99.73
2515	99.73
2514	99.73
2513	99.73
2512	99.73
2511	99.73
2510	99.74
2509	99.74
2508	99.75
2507	99.75
2506	99.75
2505	99.75
2504	99.75
2503	99.76
2502	99.76
2501	99.76
2500	99.76
2499	99.75
2498	99.74
2497	99.74
2496	99.74
2495	99.74
2494	99.74
2493	99.74
2492	99.74
2491	99.74
2490	99.74
2489	99.74
2488	99.74
2487	99.74
2486	99.74
2485	99.74
2484	99.74
2483	99.74
2482	99.74
2481	99.74
2480	99.75
2479	99.75
2478	99.76
2477	99.76
2476	99.75
2475	99.75
2474	99.76
2473	99.76
2472	99.77
2471	99.77
2470	99.76
2469	99.75
2468	99.75
2467	99.74
2466	99.74
2465	99.74
2464	99.75
2463	99.75
2462	99.75
2461	99.75
2460	99.75
2459	99.74
2458	99.74
2457	99.73
2456	99.72
2455	99.72
2454	99.73
2453	99.73
2452	99.74
2451	99.75
2450	99.75
2449	99.76
2448	99.76
2447	99.75
2446	99.75
2445	99.74
2444	99.74
2443	99.75
2442	99.75
2441	99.76
2440	99.76
2439	99.76
2438	99.76
2437	99.77
2436	99.78
2435	99.79
2434	99.79
2433	99.79
2432	99.79
2431	99.79
2430	99.79
2429	99.79
2428	99.79
2427	99.79
2426	99.79
2425	99.8
2424	99.8
2423	99.8
2422	99.81
2421	99.81
2420	99.81
2419	99.8
2418	99.8
2417	99.8
2416	99.8
2415	99.8
2414	99.8
2413	99.79
2412	99.79
2411	99.79
2410	99.78
2409	99.79
2408	99.8
2407	99.81
2406	99.82
2405	99.82
2404	99.82
2403	99.82
2402	99.81
2401	99.81
2400	99.81
2399	99.81
2398	99.82
2397	99.82
2396	99.82
2395	99.82
2394	99.82
2393	99.83
2392	99.84
2391	99.84
2390	99.83
2389	99.83
2388	99.83
2387	99.83
2386	99.84
2385	99.85
2384	99.87
2383	99.88
2382	99.89
2381	99.91
2380	99.92
2379	99.93
2378	99.93
2377	99.92
2376	99.91
2375	99.89
2374	99.88
2373	99.88
2372	99.89
2371	99.9
2370	99.92
2369	99.94
2368	99.95
2367	99.96
2366	99.96
2365	99.96
2364	99.96
2363	99.94
2362	99.92
2361	99.9
2360	99.89
2359	99.89
2358	99.89
2357	99.89
2356	99.89
2355	99.9
2354	99.9
2353	99.91
2352	99.92
2351	99.93
2350	99.92
2349	99.91
2348	99.89
2347	99.86
2346	99.84
2345	99.83
2344	99.83
2343	99.84
2342	99.84
2341	99.84
2340	99.84
2339	99.84
2338	99.84
2337	99.83
2336	99.83
2335	99.82
2334	99.81
2333	99.8
2332	99.81
2331	99.81
2330	99.82
2329	99.82
2328	99.79
2327	99.74
2326	99.66
2325	99.59
2324	99.55
2323	99.56
2322	99.6
2321	99.65
2320	99.69
2319	99.72
2318	99.74
2317	99.75
2316	99.75
2315	99.76
2314	99.77
2313	99.78
2312	99.79
2311	99.8
2310	99.81
2309	99.82
2308	99.82
2307	99.82
2306	99.81
2305	99.8
2304	99.78
2303	99.77
2302	99.76
2301	99.75
2300	99.75
2299	99.74
2298	99.73
2297	99.72
2296	99.7
2295	99.68
2294	99.67
2293	99.65
2292	99.64
2291	99.63
2290	99.61
2289	99.59
2288	99.57
2287	99.55
2286	99.54
2285	99.55
2284	99.56
2283	99.58
2282	99.6
2281	99.62
2280	99.62
2279	99.63
2278	99.63
2277	99.64
2276	99.64
2275	99.65
2274	99.66
2273	99.66
2272	99.66
2271	99.66
2270	99.66
2269	99.67
2268	99.68
2267	99.69
2266	99.7
2265	99.71
2264	99.7
2263	99.7
2262	99.68
2261	99.67
2260	99.65
2259	99.64
2258	99.64
2257	99.65
2256	99.68
2255	99.71
2254	99.73
2253	99.73
2252	99.73
2251	99.72
2250	99.71
2249	99.71
2248	99.71
2247	99.71
2246	99.71
2245	99.71
2244	99.71
2243	99.7
2242	99.7
2241	99.69
2240	99.69
2239	99.68
2238	99.67
2237	99.66
2236	99.66
2235	99.66
2234	99.66
2233	99.67
2232	99.69
2231	99.69
2230	99.69
2229	99.69
2228	99.7
2227	99.69
2226	99.68
2225	99.66
2224	99.64
2223	99.63
2222	99.65
2221	99.67
2220	99.68
2219	99.7
2218	99.71
2217	99.71
2216	99.71
2215	99.71
2214	99.71
2213	99.72
2212	99.73
2211	99.75
2210	99.77
2209	99.76
2208	99.74
2207	99.72
2206	99.7
2205	99.69
2204	99.69
2203	99.68
2202	99.67
2201	99.67
2200	99.66
2199	99.66
2198	99.66
2197	99.66
2196	99.67
2195	99.68
2194	99.67
2193	99.66
2192	99.64
2191	99.62
2190	99.61
2189	99.62
2188	99.63
2187	99.63
2186	99.62
2185	99.62
2184	99.66
2183	99.72
2182	99.78
2181	99.82
2180	99.83
2179	99.81
2178	99.78
2177	99.76
2176	99.77
2175	99.81
2174	99.84
2173	99.85
2172	99.82
2171	99.76
2170	99.68
2169	99.62
2168	99.57
2167	99.53
2166	99.51
2165	99.49
2164	99.46
2163	99.43
2162	99.41
2161	99.5
2160	99.73
2159	100.05
2158	100.31
2157	100.42
2156	100.39
2155	100.3
2154	100.21
2153	100.14
2152	100.09
2151	100.06
2150	100.05
2149	100.05
2148	100.07
2147	100.08
2146	100.09
2145	100.07
2144	100.04
2143	100.01
2142	100
2141	100
2140	100.01
2139	100.03
2138	100.06
2137	100.08
2136	100.1
2135	100.12
2134	100.15
2133	100.15
2132	100.14
2131	100.11
2130	100.08
2129	100.05
2128	100.02
2127	100
2126	99.97
2125	99.94
2124	99.91
2123	99.89
2122	99.87
2121	99.86
2120	99.86
2119	99.85
2118	99.83
2117	99.79
2116	99.75
2115	99.72
2114	99.71
2113	99.72
2112	99.73
2111	99.73
2110	99.73
2109	99.73
2108	99.71
2107	99.7
2106	99.69
2105	99.68
2104	99.68
2103	99.67
2102	99.66
2101	99.66
2100	99.65
2099	99.65
2098	99.66
2097	99.68
2096	99.71
2095	99.73
2094	99.73
2093	99.73
2092	99.72
2091	99.7
2090	99.69
2089	99.68
2088	99.66
2087	99.65
2086	99.63
2085	99.6
2084	99.57
2083	99.54
2082	99.52
2081	99.52
2080	99.52
2079	99.52
2078	99.51
2077	99.5
2076	99.49
2075	99.49
2074	99.49
2073	99.48
2072	99.47
2071	99.45
2070	99.44
2069	99.42
2068	99.41
2067	99.4
2066	99.39
2065	99.39
2064	99.39
2063	99.39
2062	99.38
2061	99.37
2060	99.36
2059	99.36
2058	99.35
2057	99.34
2056	99.32
2055	99.31
2054	99.28
2053	99.23
2052	99.16
2051	99.1
2050	99.08
2049	99.12
2048	99.18
2047	99.22
2046	99.24
2045	99.24
2044	99.25
2043	99.25
2042	99.26
2041	99.26
2040	99.24
2039	99.19
2038	99.14
2037	99.12
2036	99.17
2035	99.26
2034	99.35
2033	99.41
2032	99.42
2031	99.4
2030	99.39
2029	99.4
2028	99.42
2027	99.44
2026	99.44
2025	99.43
2024	99.43
2023	99.44
2022	99.45
2021	99.47
2020	99.49
2019	99.5
2018	99.51
2017	99.52
2016	99.52
2015	99.52
2014	99.52
2013	99.52
2012	99.51
2011	99.5
2010	99.5
2009	99.51
2008	99.54
2007	99.58
2006	99.61
2005	99.63
2004	99.63
2003	99.63
2002	99.61
2001	99.59
2000	99.56
1999	99.52
1998	99.49
1997	99.46
1996	99.45
1995	99.46
1994	99.49
1993	99.5
1992	99.5
1991	99.47
1990	99.44
1989	99.42
1988	99.41
1987	99.42
1986	99.42
1985	99.42
1984	99.41
1983	99.38
1982	99.34
1981	99.29
1980	99.28
1979	99.34
1978	99.45
1977	99.56
1976	99.66
1975	99.73
1974	99.78
1973	99.81
1972	99.82
1971	99.81
1970	99.82
1969	99.85
1968	99.89
1967	99.92
1966	99.93
1965	99.93
1964	99.94
1963	99.95
1962	99.97
1961	99.98
1960	100
1959	100.03
1958	100.06
1957	100.07
1956	100.07
1955	100.06
1954	100.05
1953	100.05
1952	100.05
1951	100.05
1950	100.04
1949	100.03
1948	100.03
1947	100.03
1946	100.03
1945	100.03
1944	100.04
1943	100.06
1942	100.08
1941	100.09
1940	100.09
1939	100.1
1938	100.11
1937	100.11
1936	100.11
1935	100.1
1934	100.1
1933	100.11
1932	100.12
1931	100.13
1930	100.13
1929	100.14
1928	100.14
1927	100.14
1926	100.15
1925	100.16
1924	100.15
1923	100.14
1922	100.12
1921	100.11
1920	100.11
1919	100.12
1918	100.13
1917	100.14
1916	100.14
1915	100.14
1914	100.14
1913	100.15
1912	100.16
1911	100.16
1910	100.17
1909	100.16
1908	100.15
1907	100.15
1906	100.14
1905	100.14
1904	100.14
1903	100.15
1902	100.15
1901	100.15
1900	100.15
1899	100.15
1898	100.15
1897	100.15
1896	100.16
1895	100.16
1894	100.16
1893	100.16
1892	100.16
1891	100.16
1890	100.16
1889	100.16
1888	100.16
1887	100.16
1886	100.16
1885	100.17
1884	100.18
1883	100.18
1882	100.19
1881	100.18
1880	100.17
1879	100.16
1878	100.16
1877	100.16
1876	100.15
1875	100.15
1874	100.15
1873	100.16
1872	100.18
1871	100.19
1870	100.2
1869	100.19
1868	100.17
1867	100.16
1866	100.15
1865	100.15
1864	100.15
1863	100.15
1862	100.16
1861	100.17
1860	100.17
1859	100.17
1858	100.17
1857	100.16
1856	100.16
1855	100.15
1854	100.15
1853	100.14
1852	100.15
1851	100.16
1850	100.17
1849	100.18
1848	100.18
1847	100.19
1846	100.19
1845	100.2
1844	100.19
1843	100.18
1842	100.17
1841	100.17
1840	100.17
1839	100.18
1838	100.19
1837	100.19
1836	100.19
1835	100.19
1834	100.19
1833	100.18
1832	100.17
1831	100.17
1830	100.17
1829	100.17
1828	100.18
1827	100.18
1826	100.18
1825	100.18
1824	100.17
1823	100.17
1822	100.17
1821	100.17
1820	100.18
1819	100.19
1818	100.21
1817	100.22
1816	100.22
1815	100.21
1814	100.19
1813	100.17
1812	100.16
1811	100.15
1810	100.14
1809	100.15
1808	100.15
1807	100.15
1806	100.15
1805	100.15
1804	100.14
1803	100.13
1802	100.12
1801	100.11
1800	100.12
1799	100.12
1798	100.11
1797	100.11
1796	100.1
1795	100.09
1794	100.08
1793	100.08
1792	100.07
1791	100.06
1790	100.05
1789	100.04
1788	100.04
1787	100.03
1786	100.03
1785	100.03
1784	100.02
1783	100.02
1782	100.02
1781	100.02
1780	100.01
1779	100.01
1778	100.01
1777	100.01
1776	100.01
1775	100.01
1774	100.01
1773	100.01
1772	100
1771	99.99
1770	99.98
1769	99.98
1768	99.98
1767	99.98
1766	99.97
1765	99.97
1764	99.96
1763	99.95
1762	99.93
1761	99.93
1760	99.92
1759	99.92
1758	99.92
1757	99.92
1756	99.92
1755	99.91
1754	99.91
1753	99.9
1752	99.9
1751	99.9
1750	99.89
1749	99.88
1748	99.88
1747	99.87
1746	99.88
1745	99.88
1744	99.88
1743	99.88
1742	99.88
1741	99.88
1740	99.88
1739	99.88
1738	99.88
1737	99.89
1736	99.89
1735	99.91
1734	99.92
1733	99.93
1732	99.93
1731	99.93
1730	99.93
1729	99.94
1728	99.94
1727	99.95
1726	99.95
1725	99.96
1724	99.97
1723	99.98
1722	99.99
1721	100
1720	100.01
1719	100.02
1718	100.04
1717	100.04
1716	100.04
1715	100.04
1714	100.05
1713	100.06
1712	100.07
1711	100.07
1710	100.08
1709	100.08
1708	100.09
1707	100.1
1706	100.11
1705	100.12
1704	100.11
1703	100.12
1702	100.12
1701	100.14
1700	100.16
1699	100.16
1698	100.16
1697	100.16
1696	100.16
1695	100.16
1694	100.16
1693	100.16
1692	100.16
1691	100.16
1690	100.16
1689	100.16
1688	100.16
1687	100.16
1686	100.17
1685	100.17
1684	100.16
1683	100.15
1682	100.15
1681	100.15
1680	100.16
1679	100.16
1678	100.16
1677	100.16
1676	100.15
1675	100.15
1674	100.14
1673	100.14
1672	100.14
1671	100.14
1670	100.14
1669	100.13
1668	100.12
1667	100.11
1666	100.11
1665	100.1
1664	100.09
1663	100.08
1662	100.07
1661	100.07
1660	100.06
1659	100.05
1658	100.05
1657	100.04
1656	100.02
1655	100.01
1654	100
1653	100
1652	99.99
1651	99.98
1650	99.98
1649	99.97
1648	99.95
1647	99.93
1646	99.9
1645	99.88
1644	99.86
1643	99.83
1642	99.8
1641	99.76
1640	99.71
1639	99.66
1638	99.6
1637	99.52
1636	99.37
1635	99.17
1634	98.97
1633	98.77
1632	98.53
1631	98.23
1630	97.84
1629	97.3
1628	96.62
1627	95.88
1626	95.17
1625	94.47
1624	93.76
1623	93.17
1622	92.85
1621	92.82
1620	92.99
1619	93.28
1618	93.71
1617	94.24
1616	94.68
1615	94.89
1614	94.88
1613	94.67
1612	94.27
1611	93.69
1610	92.96
1609	92.14
1608	91.33
1607	90.63
1606	90.13
1605	89.85
1604	89.79
1603	89.94
1602	90.27
1601	90.71
1600	91.2
1599	91.71
1598	92.23
1597	92.73
1596	93.21
1595	93.66
1594	94.07
1593	94.45
1592	94.78
1591	95.09
1590	95.37
1589	95.62
1588	95.85
1587	96.06
1586	96.26
1585	96.44
1584	96.6
1583	96.76
1582	96.9
1581	97.02
1580	97.13
1579	97.23
1578	97.32
1577	97.43
1576	97.54
1575	97.64
1574	97.72
1573	97.79
1572	97.86
1571	97.92
1570	98
1569	98.06
1568	98.12
1567	98.17
1566	98.21
1565	98.26
1564	98.31
1563	98.35
1562	98.39
1561	98.42
1560	98.46
1559	98.53
1558	98.57
1557	98.6
1556	98.63
1555	98.66
1554	98.69
1553	98.72
1552	98.74
1551	98.76
1550	98.78
1549	98.8
1548	98.82
1547	98.85
1546	98.87
1545	98.89
1544	98.91
1543	98.93
1542	98.96
1541	98.98
1540	98.99
1539	98.99
1538	99
1537	99.01
1536	99.03
1535	99.04
1534	99.06
1533	99.07
1532	99.08
1531	99.09
1530	99.1
1529	99.11
1528	99.12
1527	99.13
1526	99.14
1525	99.15
1524	99.17
1523	99.17
1522	99.18
1521	99.17
1520	99.18
1519	99.19
1518	99.2
1517	99.2
1516	99.2
1515	99.2
1514	99.2
1513	99.21
1512	99.21
1511	99.21
1510	99.2
1509	99.19
1508	99.19
1507	99.2
1506	99.2
1505	99.2
1504	99.21
1503	99.21
1502	99.21
1501	99.21
1500	99.22
1499	99.23
1498	99.24
1497	99.25
1496	99.25
1495	99.26
1494	99.27
1493	99.28
1492	99.3
1491	99.31
1490	99.31
1489	99.31
1488	99.31
1487	99.32
1486	99.33
1485	99.34
1484	99.34
1483	99.35
1482	99.36
1481	99.36
1480	99.37
1479	99.37
1478	99.37
1477	99.38
1476	99.38
1475	99.39
1474	99.39
1473	99.4
1472	99.41
1471	99.41
1470	99.41
1469	99.41
1468	99.41
1467	99.41
1466	99.41
1465	99.41
1464	99.42
1463	99.43
1462	99.43
1461	99.44
1460	99.45
1459	99.46
1458	99.47
1457	99.48
1456	99.49
1455	99.49
1454	99.5
1453	99.5
1452	99.51
1451	99.51
1450	99.51
1449	99.52
1448	99.52
1447	99.53
1446	99.53
1445	99.54
1444	99.55
1443	99.56
1442	99.56
1441	99.57
1440	99.57
1439	99.58
1438	99.58
1437	99.58
1436	99.59
1435	99.59
1434	99.59
1433	99.6
1432	99.6
1431	99.61
1430	99.61
1429	99.61
1428	99.61
1427	99.61
1426	99.61
1425	99.62
1424	99.62
1423	99.63
1422	99.63
1421	99.63
1420	99.63
1419	99.64
1418	99.64
1417	99.64
1416	99.64
1415	99.65
1414	99.65
1413	99.66
1412	99.66
1411	99.66
1410	99.66
1409	99.66
1408	99.66
1407	99.67
1406	99.67
1405	99.67
1404	99.67
1403	99.68
1402	99.68
1401	99.68
1400	99.68
1399	99.68
1398	99.68
1397	99.68
1396	99.68
1395	99.68
1394	99.67
1393	99.67
1392	99.67
1391	99.67
1390	99.66
1389	99.65
1388	99.65
1387	99.64
1386	99.64
1385	99.64
1384	99.65
1383	99.66
1382	99.66
1381	99.67
1380	99.67
1379	99.67
1378	99.67
1377	99.67
1376	99.67
1375	99.66
1374	99.64
1373	99.62
1372	99.59
1371	99.56
1370	99.54
1369	99.51
1368	99.5
1367	99.5
1366	99.51
1365	99.51
1364	99.52
1363	99.53
1362	99.53
1361	99.52
1360	99.52
1359	99.51
1358	99.5
1357	99.5
1356	99.51
1355	99.53
1354	99.55
1353	99.57
1352	99.59
1351	99.61
1350	99.63
1349	99.64
1348	99.66
1347	99.67
1346	99.69
1345	99.7
1344	99.7
1343	99.71
1342	99.71
1341	99.71
1340	99.71
1339	99.72
1338	99.72
1337	99.71
1336	99.72
1335	99.72
1334	99.73
1333	99.74
1332	99.75
1331	99.75
1330	99.75
1329	99.76
1328	99.76
1327	99.77
1326	99.76
1325	99.76
1324	99.76
1323	99.76
1322	99.76
1321	99.76
1320	99.77
1319	99.77
1318	99.77
1317	99.77
1316	99.77
1315	99.77
1314	99.77
1313	99.76
1312	99.77
1311	99.77
1310	99.77
1309	99.77
1308	99.78
1307	99.78
1306	99.78
1305	99.77
1304	99.77
1303	99.78
1302	99.78
1301	99.77
1300	99.77
1299	99.77
1298	99.77
1297	99.77
1296	99.77
1295	99.77
1294	99.76
1293	99.76
1292	99.77
1291	99.77
1290	99.76
1289	99.76
1288	99.76
1287	99.76
1286	99.76
1285	99.75
1284	99.75
1283	99.75
1282	99.74
1281	99.74
1280	99.74
1279	99.73
1278	99.72
1277	99.72
1276	99.72
1275	99.72
1274	99.71
1273	99.71
1272	99.7
1271	99.7
1270	99.69
1269	99.68
1268	99.67
1267	99.66
1266	99.65
1265	99.65
1264	99.65
1263	99.65
1262	99.65
1261	99.63
1260	99.62
1259	99.62
1258	99.61
1257	99.6
1256	99.6
1255	99.6
1254	99.59
1253	99.57
1252	99.56
1251	99.55
1250	99.54
1249	99.53
1248	99.53
1247	99.52
1246	99.51
1245	99.49
1244	99.48
1243	99.47
1242	99.46
1241	99.46
1240	99.46
1239	99.45
1238	99.44
1237	99.43
1236	99.41
1235	99.4
1234	99.39
1233	99.37
1232	99.36
1231	99.34
1230	99.33
1229	99.31
1228	99.3
1227	99.28
1226	99.27
1225	99.26
1224	99.25
1223	99.24
1222	99.22
1221	99.2
1220	99.19
1219	99.18
1218	99.16
1217	99.14
1216	99.13
1215	99.11
1214	99.09
1213	99.07
1212	99.06
1211	99.05
1210	99.03
1209	99.02
1208	99.01
1207	99
1206	98.99
1205	98.97
1204	98.96
1203	98.94
1202	98.92
1201	98.9
1200	98.89
1199	98.89
1198	98.87
1197	98.86
1196	98.85
1195	98.84
1194	98.83
1193	98.81
1192	98.79
1191	98.78
1190	98.77
1189	98.75
1188	98.74
1187	98.72
1186	98.71
1185	98.7
1184	98.7
1183	98.7
1182	98.7
1181	98.7
1180	98.7
1179	98.7
1178	98.69
1177	98.69
1176	98.69
1175	98.7
1174	98.71
1173	98.71
1172	98.71
1171	98.7
1170	98.7
1169	98.69
1168	98.68
1167	98.68
1166	98.68
1165	98.68
1164	98.68
1163	98.68
1162	98.68
1161	98.67
1160	98.67
1159	98.67
1158	98.66
1157	98.66
1156	98.66
1155	98.66
1154	98.65
1153	98.65
1152	98.64
1151	98.65
1150	98.65
1149	98.65
1148	98.65
1147	98.64
1146	98.63
1145	98.62
1144	98.62
1143	98.63
1142	98.62
1141	98.61
1140	98.61
1139	98.61
1138	98.61
1137	98.6
1136	98.6
1135	98.6
1134	98.59
1133	98.58
1132	98.58
1131	98.57
1130	98.56
1129	98.55
1128	98.54
1127	98.54
1126	98.54
1125	98.53
1124	98.53
1123	98.53
1122	98.52
1121	98.52
1120	98.52
1119	98.52
1118	98.51
1117	98.51
1116	98.5
1115	98.49
1114	98.48
1113	98.47
1112	98.47
1111	98.46
1110	98.45
1109	98.45
1108	98.44
1107	98.44
1106	98.44
1105	98.43
1104	98.43
1103	98.42
1102	98.41
1101	98.39
1100	98.38
1099	98.37
1098	98.36
1097	98.35
1096	98.35
1095	98.35
1094	98.35
1093	98.34
1092	98.34
1091	98.34
1090	98.33
1089	98.32
1088	98.31
1087	98.3
1086	98.29
1085	98.28
1084	98.27
1083	98.27
1082	98.25
1081	98.24
1080	98.24
1079	98.24
1078	98.24
1077	98.23
1076	98.24
1075	98.24
1074	98.23
1073	98.22
1072	98.22
1071	98.22
1070	98.21
1069	98.2
1068	98.2
1067	98.2
1066	98.2
1065	98.19
1064	98.2
1063	98.2
1062	98.19
1061	98.18
1060	98.18
1059	98.18
1058	98.17
1057	98.16
1056	98.15
1055	98.15
1054	98.14
1053	98.13
1052	98.14
1051	98.15
1050	98.15
1049	98.15
1048	98.15
1047	98.16
1046	98.16
1045	98.17
1044	98.18
1043	98.19
1042	98.18
1041	98.16
1040	98.16
1039	98.16
1038	98.15
1037	98.14
1036	98.14
1035	98.14
1034	98.15
1033	98.15
1032	98.16
1031	98.17
1030	98.17
1029	98.17
1028	98.17
1027	98.18
1026	98.18
1025	98.17
1024	98.17
1023	98.17
1022	98.17
1021	98.17
1020	98.17
1019	98.18
1018	98.18
1017	98.18
1016	98.19
1015	98.2
1014	98.2
1013	98.2
1012	98.21
1011	98.23
1010	98.23
1009	98.23
1008	98.24
1007	98.25
1006	98.24
1005	98.24
1004	98.25
1003	98.26
1002	98.26
1001	98.26
1000	98.27
999	98.27
998	98.28
997	98.29
996	98.3
995	98.31
994	98.32
993	98.32
992	98.32
991	98.33
990	98.33
989	98.33
988	98.34
987	98.36
986	98.36
985	98.37
984	98.38
983	98.38
982	98.39
981	98.4
980	98.41
979	98.43
978	98.44
977	98.44
976	98.45
975	98.47
974	98.49
973	98.5
972	98.52
971	98.53
970	98.53
969	98.54
968	98.55
967	98.57
966	98.58
965	98.59
964	98.61
963	98.62
962	98.63
961	98.63
960	98.65
959	98.67
958	98.68
957	98.69
956	98.71
955	98.72
954	98.73
953	98.74
952	98.75
951	98.77
950	98.78
949	98.79
948	98.8
947	98.82
946	98.83
945	98.83
944	98.84
943	98.86
942	98.87
941	98.88
940	98.89
939	98.91
938	98.92
937	98.93
936	98.94
935	98.96
934	98.96
933	98.97
932	98.98
931	98.98
930	98.98
929	98.98
928	99
927	99.01
926	99.02
925	99.03
924	99.05
923	99.06
922	99.07
921	99.07
920	99.08
919	99.09
918	99.09
917	99.09
916	99.1
915	99.11
914	99.12
913	99.13
912	99.14
911	99.15
910	99.15
909	99.15
908	99.16
907	99.17
906	99.17
905	99.18
904	99.19
903	99.2
902	99.2
901	99.19
900	99.19
899	99.2
898	99.2
897	99.2
896	99.21
895	99.22
894	99.21
893	99.21
892	99.21
891	99.22
890	99.22
889	99.22
888	99.22
887	99.23
886	99.23
885	99.23
884	99.25
883	99.26
882	99.26
881	99.26
880	99.26
879	99.26
878	99.25
877	99.24
876	99.24
875	99.23
874	99.22
873	99.21
872	99.21
871	99.21
870	99.21
869	99.2
868	99.2
867	99.19
866	99.18
865	99.17
864	99.19
863	99.21
862	99.21
861	99.21
860	99.21
859	99.21
858	99.2
857	99.19
856	99.19
855	99.19
854	99.17
853	99.17
852	99.18
851	99.19
850	99.19
849	99.18
848	99.18
847	99.18
846	99.18
845	99.17
844	99.18
843	99.18
842	99.17
841	99.16
840	99.16
839	99.17
838	99.17
837	99.17
836	99.18
835	99.19
834	99.18
833	99.17
832	99.18
831	99.19
830	99.2
829	99.21
828	99.23
827	99.24
826	99.23
825	99.22
824	99.23
823	99.25
822	99.25
821	99.26
820	99.27
819	99.28
818	99.28
817	99.28
816	99.29
815	99.29
814	99.29
813	99.3
812	99.32
811	99.33
810	99.33
809	99.33
808	99.34
807	99.35
806	99.36
805	99.36
804	99.37
803	99.38
802	99.38
801	99.38
800	99.39
799	99.4
798	99.4
797	99.39
796	99.41
795	99.42
794	99.43
793	99.44
792	99.45
791	99.45
790	99.44
789	99.44
788	99.45
787	99.46
786	99.47
785	99.47
784	99.49
783	99.49
782	99.48
781	99.48
780	99.49
779	99.5
778	99.5
777	99.5
776	99.49
775	99.47
774	99.43
773	99.4
772	99.4
771	99.44
770	99.47
769	99.49
768	99.52
767	99.54
766	99.55
765	99.55
764	99.57
763	99.59
762	99.59
761	99.59
760	99.6
759	99.61
758	99.61
757	99.61
756	99.63
755	99.65
754	99.64
753	99.63
752	99.64
751	99.65
750	99.65
749	99.65
748	99.66
747	99.67
746	99.67
745	99.66
744	99.66
743	99.67
742	99.67
741	99.67
740	99.68
739	99.68
738	99.67
737	99.67
736	99.67
735	99.68
734	99.67
733	99.66
732	99.66
731	99.66
730	99.65
729	99.65
728	99.65
727	99.66
726	99.66
725	99.66
724	99.68
723	99.7
722	99.7
721	99.71
720	99.73
719	99.75
718	99.75
717	99.74
716	99.74
715	99.75
714	99.74
713	99.74
712	99.76
711	99.79
710	99.8
709	99.82
708	99.84
707	99.85
706	99.85
705	99.86
704	99.87
703	99.89
702	99.91
701	99.92
700	99.95
699	99.97
698	99.97
697	99.98
696	100
695	100.02
694	100.03
693	100.04
692	100.06
691	100.06
690	100.05
689	100.04
688	100.05
687	100.08
686	100.08
685	100.09
684	100.12
683	100.13
682	100.12
681	100.1
680	100.1
679	100.1
678	100.1
677	100.11
676	100.12
675	100.14
674	100.14
673	100.15
672	100.18
671	100.19
670	100.17
669	100.13
668	100.11
667	100.09
666	100.1
665	100.12
664	100.15
663	100.16
662	100.16
661	100.16
660	100.17
659	100.2
658	100.2
657	100.2
656	100.21
655	100.21
654	100.19
653	100.18
652	100.18
651	100.18
650	100.16
649	100.15
648	100.17
647	100.18
646	100.18
645	100.17
644	100.19
643	100.2
642	100.2
641	100.2
640	100.21
639	100.22
638	100.21
637	100.19
636	100.2
635	100.21
634	100.2
633	100.18
632	100.19
631	100.2
630	100.19
629	100.19
628	100.2
627	100.2
626	100.17
625	100.13
624	100.1
623	100.07
622	100.01
621	99.96
620	99.91
619	99.85
618	99.75
617	99.64
616	99.54
615	99.47
614	99.38
613	99.29
612	99.21
611	99.11
610	98.98
609	98.84
608	98.71
607	98.59
606	98.45
605	98.29
604	98.14
603	97.98
602	97.8
601	97.6
600	97.43
599	97.25
598	97.07
597	96.89
596	96.73
595	96.56
594	96.38
593	96.19
592	96.02
591	95.85
590	95.67
589	95.49
588	95.34
587	95.2
586	95.05
585	94.9
584	94.76
583	94.62
582	94.46
581	94.32
580	94.21
579	94.12
578	94.02
577	93.92
576	93.82
575	93.73
574	93.65
573	93.6
572	93.58
571	93.57
570	93.55
569	93.53
568	93.54
567	93.56
566	93.57
565	93.58
564	93.63
563	93.72
562	93.8
561	93.89
560	94
559	94.13
558	94.24
557	94.37
556	94.53
555	94.71
554	94.88
553	95.06
552	95.25
551	95.45
550	95.62
549	95.8
548	96
547	96.21
546	96.4
545	96.6
544	96.83
543	97.04
542	97.2
541	97.36
540	97.56
539	97.77
538	97.94
537	98.1
536	98.27
535	98.43
534	98.56
533	98.7
532	98.87
531	99.01
530	99.08
529	99.13
528	99.21
527	99.31
526	99.36
525	99.39
524	99.42
523	99.43
522	99.39
521	99.35
520	99.37
519	99.37
518	99.32
517	99.22
516	99.15
515	99.08
514	98.97
513	98.87
512	98.82
511	98.76
510	98.67
509	98.58
508	98.56
507	98.58
506	98.56
505	98.54
504	98.55
503	98.56
502	98.52
501	98.52
500	98.6
499	98.72
498	98.8
497	98.86
496	98.96
495	99.06
494	99.13
493	99.19
492	99.31
491	99.42
490	99.47
489	99.5
488	99.59
487	99.72
486	99.81
485	99.88
484	99.96
483	100.02
482	100.03
481	100.05
480	100.15
479	100.25
478	100.25
477	100.2
476	100.19
475	100.22
474	100.21
473	100.21
472	100.23
471	100.21
470	100.11
469	100.02
468	100
467	99.98
466	99.89
465	99.81
464	99.77
463	99.7
462	99.54
461	99.38
460	99.33
459	99.31
458	99.19
457	99.03
456	98.95
455	98.88
454	98.72
453	98.55
452	98.46
451	98.42
450	98.33
449	98.2
448	98.06
447	97.87
446	97.61
445	97.4
444	97.33
443	97.29
442	97.18
441	97.08
440	97.11
439	97.14
438	97.04
437	96.85
436	96.73
435	96.69
434	96.65
433	96.64
432	96.72
431	96.8
430	96.74
429	96.64
428	96.67
427	96.83
426	97.01
425	97.21
424	97.47
423	97.7
422	97.75
421	97.78
420	98.02
419	98.38
418	98.53
417	98.55
416	98.7
415	98.94
414	99.14
413	99.36
412	99.66
411	99.91
410	99.95
409	99.97
408	100.14
407	100.33
406	100.33
405	100.32
404	100.46
403	100.56
402	100.34
401	100.07
400	100.12