4000	97.86
3999	97.85
3998	97.85
3997	97.85
3996	97.84
3995	97.84
3994	97.84
3993	97.84
3992	97.84
3991	97.84
3990	97.84
3989	97.84
3988	97.84
3987	97.84
3986	97.84
3985	97.84
3984	97.84
3983	97.84
3982	97.84
3981	97.84
3980	97.84
3979	97.83
3978	97.83
3977	97.82
3976	97.82
3975	97.81
3974	97.81
3973	97.81
3972	97.81
3971	97.82
3970	97.83
3969	97.84
3968	97.85
3967	97.85
3966	97.84
3965	97.83
3964	97.83
3963	97.82
3962	97.82
3961	97.83
3960	97.83
3959	97.83
3958	97.83
3957	97.83
3956	97.84
3955	97.84
3954	97.84
3953	97.83
3952	97.82
3951	97.82
3950	97.82
3949	97.82
3948	97.82
3947	97.82
3946	97.81
3945	97.8
3944	97.8
3943	97.81
3942	97.82
3941	97.83
3940	97.83
3939	97.83
3938	97.84
3937	97.84
3936	97.84
3935	97.84
3934	97.83
3933	97.84
3932	97.85
3931	97.86
3930	97.86
3929	97.86
3928	97.86
3927	97.85
3926	97.85
3925	97.85
3924	97.85
3923	97.85
3922	97.84
3921	97.84
3920	97.84
3919	97.85
3918	97.86
3917	97.86
3916	97.86
3915	97.85
3914	97.85
3913	97.85
3912	97.86
3911	97.86
3910	97.86
3909	97.86
3908	97.84
3907	97.83
3906	97.81
3905	97.8
3904	97.79
3903	97.79
3902	97.78
3901	97.79
3900	97.81
3899	97.83
3898	97.84
3897	97.85
3896	97.85
3895	97.85
3894	97.85
3893	97.86
3892	97.87
3891	97.87
3890	97.86
3889	97.84
3888	97.82
3887	97.81
3886	97.81
3885	97.81
3884	97.81
3883	97.8
3882	97.8
3881	97.82
3880	97.84
3879	97.86
3878	97.85
3877	97.84
3876	97.83
3875	97.82
3874	97.82
3873	97.82
3872	97.81
3871	97.81
3870	97.82
3869	97.82
3868	97.81
3867	97.8
3866	97.8
3865	97.81
3864	97.82
3863	97.84
3862	97.85
3861	97.86
3860	97.86
3859	97.86
3858	97.84
3857	97.81
3856	97.76
3855	97.71
3854	97.7
3853	97.71
3852	97.72
3851	97.73
3850	97.75
3849	97.78
3848	97.81
3847	97.83
3846	97.85
3845	97.85
3844	97.84
3843	97.82
3842	97.8
3841	97.77
3840	97.75
3839	97.74
3838	97.75
3837	97.76
3836	97.76
3835	97.76
3834	97.77
3833	97.79
3832	97.81
3831	97.83
3830	97.84
3829	97.85
3828	97.85
3827	97.86
3826	97.85
3825	97.82
3824	97.79
3823	97.77
3822	97.78
3821	97.79
3820	97.79
3819	97.78
3818	97.77
3817	97.77
3816	97.79
3815	97.81
3814	97.81
3813	97.81
3812	97.8
3811	97.8
3810	97.79
3809	97.79
3808	97.8
3807	97.8
3806	97.79
3805	97.76
3804	97.74
3803	97.73
3802	97.73
3801	97.73
3800	97.73
3799	97.72
3798	97.73
3797	97.75
3796	97.78
3795	97.81
3794	97.81
3793	97.81
3792	97.81
3791	97.81
3790	97.81
3789	97.81
3788	97.8
3787	97.78
3786	97.77
3785	97.77
3784	97.76
3783	97.75
3782	97.74
3781	97.74
3780	97.74
3779	97.74
3778	97.74
3777	97.74
3776	97.74
3775	97.73
3774	97.72
3773	97.71
3772	97.7
3771	97.7
3770	97.7
3769	97.7
3768	97.7
3767	97.69
3766	97.68
3765	97.67
3764	97.66
3763	97.65
3762	97.63
3761	97.61
3760	97.6
3759	97.6
3758	97.6
3757	97.59
3756	97.57
3755	97.54
3754	97.51
3753	97.48
3752	97.45
3751	97.44
3750	97.42
3749	97.38
3748	97.34
3747	97.31
3746	97.31
3745	97.33
3744	97.35
3743	97.35
3742	97.35
3741	97.35
3740	97.35
3739	97.35
3738	97.35
3737	97.34
3736	97.34
3735	97.33
3734	97.33
3733	97.33
3732	97.32
3731	97.31
3730	97.29
3729	97.28
3728	97.26
3727	97.24
3726	97.22
3725	97.21
3724	97.21
3723	97.2
3722	97.19
3721	97.17
3720	97.15
3719	97.12
3718	97.09
3717	97.05
3716	97.01
3715	96.97
3714	96.92
3713	96.88
3712	96.84
3711	96.81
3710	96.78
3709	96.75
3708	96.73
3707	96.7
3706	96.68
3705	96.64
3704	96.6
3703	96.55
3702	96.5
3701	96.44
3700	96.38
3699	96.32
3698	96.26
3697	96.19
3696	96.11
3695	96.02
3694	95.93
3693	95.82
3692	95.72
3691	95.61
3690	95.51
3689	95.41
3688	95.31
3687	95.2
3686	95.11
3685	95.03
3684	94.94
3683	94.85
3682	94.75
3681	94.64
3680	94.51
3679	94.39
3678	94.26
3677	94.12
3676	93.95
3675	93.77
3674	93.59
3673	93.43
3672	93.28
3671	93.13
3670	92.97
3669	92.81
3668	92.66
3667	92.52
3666	92.39
3665	92.26
3664	92.11
3663	91.95
3662	91.79
3661	91.62
3660	91.45
3659	91.29
3658	91.12
3657	90.93
3656	90.73
3655	90.54
3654	90.37
3653	90.2
3652	90.03
3651	89.84
3650	89.65
3649	89.46
3648	89.27
3647	89.1
3646	88.95
3645	88.82
3644	88.7
3643	88.57
3642	88.43
3641	88.28
3640	88.12
3639	87.96
3638	87.8
3637	87.65
3636	87.49
3635	87.34
3634	87.18
3633	87.03
3632	86.88
3631	86.73
3630	86.57
3629	86.39
3628	86.22
3627	86.07
3626	85.94
3625	85.83
3624	85.72
3623	85.6
3622	85.48
3621	85.34
3620	85.2
3619	85.04
3618	84.89
3617	84.75
3616	84.61
3615	84.48
3614	84.35
3613	84.23
3612	84.1
3611	83.98
3610	83.86
3609	83.72
3608	83.57
3607	83.42
3606	83.28
3605	83.15
3604	83.02
3603	82.89
3602	82.76
3601	82.63
3600	82.49
3599	82.35
3598	82.22
3597	82.09
3596	81.95
3595	81.82
3594	81.69
3593	81.56
3592	81.43
3591	81.29
3590	81.16
3589	81.01
3588	80.85
3587	80.68
3586	80.53
3585	80.39
3584	80.26
3583	80.14
3582	80.02
3581	79.89
3580	79.76
3579	79.62
3578	79.48
3577	79.34
3576	79.19
3575	79.05
3574	78.9
3573	78.75
3572	78.61
3571	78.47
3570	78.33
3569	78.18
3568	78.02
3567	77.85
3566	77.68
3565	77.52
3564	77.36
3563	77.21
3562	77.07
3561	76.92
3560	76.78
3559	76.65
3558	76.51
3557	76.36
3556	76.22
3555	76.07
3554	75.92
3553	75.76
3552	75.61
3551	75.45
3550	75.3
3549	75.14
3548	74.97
3547	74.8
3546	74.63
3545	74.46
3544	74.31
3543	74.16
3542	74.02
3541	73.88
3540	73.74
3539	73.59
3538	73.44
3537	73.28
3536	73.12
3535	72.97
3534	72.83
3533	72.68
3532	72.53
3531	72.37
3530	72.21
3529	72.05
3528	71.9
3527	71.73
3526	71.57
3525	71.41
3524	71.25
3523	71.1
3522	70.97
3521	70.83
3520	70.69
3519	70.54
3518	70.37
3517	70.2
3516	70.04
3515	69.88
3514	69.73
3513	69.59
3512	69.44
3511	69.29
3510	69.13
3509	68.97
3508	68.81
3507	68.65
3506	68.49
3505	68.32
3504	68.15
3503	67.98
3502	67.83
3501	67.68
3500	67.54
3499	67.39
3498	67.25
3497	67.1
3496	66.95
3495	66.8
3494	66.65
3493	66.51
3492	66.37
3491	66.22
3490	66.07
3489	65.91
3488	65.75
3487	65.6
3486	65.46
3485	65.31
3484	65.17
3483	65.02
3482	64.86
3481	64.7
3480	64.55
3479	64.4
3478	64.26
3477	64.13
3476	63.98
3475	63.83
3474	63.68
3473	63.52
3472	63.35
3471	63.18
3470	63.01
3469	62.85
3468	62.7
3467	62.57
3466	62.44
3465	62.3
3464	62.16
3463	62.02
3462	61.87
3461	61.73
3460	61.59
3459	61.46
3458	61.33
3457	61.19
3456	61.05
3455	60.91
3454	60.76
3453	60.62
3452	60.46
3451	60.31
3450	60.15
3449	60
3448	59.84
3447	59.69
3446	59.55
3445	59.41
3444	59.27
3443	59.14
3442	59
3441	58.86
3440	58.71
3439	58.55
3438	58.38
3437	58.21
3436	58.05
3435	57.91
3434	57.78
3433	57.65
3432	57.52
3431	57.39
3430	57.26
3429	57.13
3428	57.01
3427	56.9
3426	56.78
3425	56.67
3424	56.54
3423	56.42
3422	56.28
3421	56.15
3420	56.03
3419	55.9
3418	55.78
3417	55.66
3416	55.52
3415	55.39
3414	55.25
3413	55.12
3412	54.99
3411	54.87
3410	54.76
3409	54.66
3408	54.55
3407	54.45
3406	54.35
3405	54.24
3404	54.11
3403	53.98
3402	53.86
3401	53.74
3400	53.65
3399	53.57
3398	53.5
3397	53.41
3396	53.32
3395	53.23
3394	53.12
3393	53.03
3392	52.94
3391	52.87
3390	52.81
3389	52.75
3388	52.69
3387	52.63
3386	52.57
3385	52.49
3384	52.42
3383	52.34
3382	52.26
3381	52.19
3380	52.12
3379	52.05
3378	51.99
3377	51.93
3376	51.88
3375	51.83
3374	51.78
3373	51.72
3372	51.65
3371	51.57
3370	51.51
3369	51.45
3368	51.4
3367	51.36
3366	51.34
3365	51.32
3364	51.3
3363	51.28
3362	51.24
3361	51.21
3360	51.18
3359	51.16
3358	51.14
3357	51.12
3356	51.1
3355	51.07
3354	51.04
3353	51
3352	50.96
3351	50.93
3350	50.91
3349	50.91
3348	50.91
3347	50.9
3346	50.89
3345	50.87
3344	50.85
3343	50.83
3342	50.81
3341	50.79
3340	50.77
3339	50.77
3338	50.76
3337	50.77
3336	50.78
3335	50.79
3334	50.8
3333	50.8
3332	50.8
3331	50.8
3330	50.79
3329	50.78
3328	50.77
3327	50.76
3326	50.75
3325	50.76
3324	50.77
3323	50.79
3322	50.8
3321	50.8
3320	50.8
3319	50.81
3318	50.81
3317	50.81
3316	50.82
3315	50.82
3314	50.82
3313	50.82
3312	50.81
3311	50.81
3310	50.81
3309	50.8
3308	50.8
3307	50.79
3306	50.8
3305	50.81
3304	50.83
3303	50.85
3302	50.87
3301	50.89
3300	50.91
3299	50.91
3298	50.9
3297	50.89
3296	50.88
3295	50.89
3294	50.9
3293	50.91
3292	50.92
3291	50.93
3290	50.95
3289	50.97
3288	50.99
3287	51.01
3286	51.02
3285	51.03
3284	51.03
3283	51.04
3282	51.05
3281	51.05
3280	51.06
3279	51.06
3278	51.06
3277	51.06
3276	51.06
3275	51.06
3274	51.06
3273	51.06
3272	51.07
3271	51.08
3270	51.1
3269	51.13
3268	51.15
3267	51.18
3266	51.21
3265	51.23
3264	51.25
3263	51.27
3262	51.28
3261	51.3
3260	51.32
3259	51.33
3258	51.35
3257	51.37
3256	51.4
3255	51.43
3254	51.46
3253	51.49
3252	51.51
3251	51.53
3250	51.55
3249	51.56
3248	51.59
3247	51.62
3246	51.66
3245	51.71
3244	51.76
3243	51.81
3242	51.86
3241	51.9
3240	51.95
3239	51.99
3238	52.02
3237	52.06
3236	52.1
3235	52.14
3234	52.19
3233	52.25
3232	52.33
3231	52.4
3230	52.48
3229	52.56
3228	52.64
3227	52.72
3226	52.8
3225	52.87
3224	52.94
3223	53.02
3222	53.1
3221	53.18
3220	53.26
3219	53.35
3218	53.44
3217	53.54
3216	53.63
3215	53.72
3214	53.82
3213	53.92
3212	54.03
3211	54.14
3210	54.25
3209	54.36
3208	54.47
3207	54.58
3206	54.69
3205	54.81
3204	54.93
3203	55.05
3202	55.18
3201	55.31
3200	55.44
3199	55.57
3198	55.71
3197	55.85
3196	55.99
3195	56.12
3194	56.26
3193	56.4
3192	56.54
3191	56.68
3190	56.83
3189	56.98
3188	57.13
3187	57.29
3186	57.44
3185	57.6
3184	57.76
3183	57.93
3182	58.09
3181	58.25
3180	58.41
3179	58.57
3178	58.74
3177	58.91
3176	59.07
3175	59.25
3174	59.42
3173	59.6
3172	59.77
3171	59.95
3170	60.12
3169	60.3
3168	60.48
3167	60.66
3166	60.85
3165	61.03
3164	61.22
3163	61.41
3162	61.61
3161	61.8
3160	61.98
3159	62.16
3158	62.35
3157	62.53
3156	62.72
3155	62.9
3154	63.08
3153	63.27
3152	63.46
3151	63.67
3150	63.87
3149	64.08
3148	64.28
3147	64.48
3146	64.68
3145	64.88
3144	65.07
3143	65.27
3142	65.47
3141	65.65
3140	65.85
3139	66.05
3138	66.25
3137	66.45
3136	66.66
3135	66.86
3134	67.06
3133	67.26
3132	67.46
3131	67.66
3130	67.86
3129	68.06
3128	68.27
3127	68.47
3126	68.67
3125	68.87
3124	69.06
3123	69.25
3122	69.43
3121	69.61
3120	69.8
3119	70
3118	70.2
3117	70.41
3116	70.62
3115	70.83
3114	71.03
3113	71.23
3112	71.42
3111	71.61
3110	71.81
3109	72.01
3108	72.22
3107	72.42
3106	72.61
3105	72.8
3104	72.98
3103	73.17
3102	73.35
3101	73.53
3100	73.72
3099	73.91
3098	74.1
3097	74.29
3096	74.48
3095	74.66
3094	74.84
3093	75.02
3092	75.19
3091	75.37
3090	75.54
3089	75.71
3088	75.88
3087	76.06
3086	76.23
3085	76.41
3084	76.58
3083	76.76
3082	76.93
3081	77.1
3080	77.27
3079	77.45
3078	77.62
3077	77.8
3076	77.98
3075	78.16
3074	78.32
3073	78.48
3072	78.64
3071	78.79
3070	78.95
3069	79.1
3068	79.26
3067	79.42
3066	79.57
3065	79.73
3064	79.89
3063	80.05
3062	80.2
3061	80.36
3060	80.51
3059	80.65
3058	80.8
3057	80.94
3056	81.09
3055	81.25
3054	81.4
3053	81.55
3052	81.69
3051	81.84
3050	81.98
3049	82.11
3048	82.25
3047	82.38
3046	82.51
3045	82.64
3044	82.78
3043	82.91
3042	83.05
3041	83.18
3040	83.31
3039	83.43
3038	83.56
3037	83.7
3036	83.84
3035	83.97
3034	84.11
3033	84.23
3032	84.36
3031	84.48
3030	84.61
3029	84.73
3028	84.85
3027	84.96
3026	85.08
3025	85.2
3024	85.31
3023	85.42
3022	85.54
3021	85.65
3020	85.77
3019	85.88
3018	86
3017	86.11
3016	86.22
3015	86.33
3014	86.44
3013	86.54
3012	86.64
3011	86.74
3010	86.84
3009	86.95
3008	87.06
3007	87.17
3006	87.27
3005	87.37
3004	87.47
3003	87.56
3002	87.65
3001	87.74
3000	87.83
2999	87.92
2998	88.02
2997	88.13
2996	88.23
2995	88.33
2994	88.44
2993	88.53
2992	88.62
2991	88.7
2990	88.78
2989	88.86
2988	88.94
2987	89.02
2986	89.11
2985	89.19
2984	89.27
2983	89.35
2982	89.44
2981	89.53
2980	89.62
2979	89.7
2978	89.77
2977	89.85
2976	89.92
2975	90
2974	90.08
2973	90.15
2972	90.22
2971	90.29
2970	90.36
2969	90.43
2968	90.51
2967	90.58
2966	90.65
2965	90.71
2964	90.77
2963	90.83
2962	90.9
2961	90.98
2960	91.05
2959	91.11
2958	91.18
2957	91.25
2956	91.31
2955	91.38
2954	91.45
2953	91.51
2952	91.57
2951	91.63
2950	91.69
2949	91.75
2948	91.82
2947	91.88
2946	91.94
2945	92
2944	92.05
2943	92.11
2942	92.16
2941	92.21
2940	92.26
2939	92.31
2938	92.36
2937	92.41
2936	92.47
2935	92.52
2934	92.58
2933	92.64
2932	92.7
2931	92.76
2930	92.81
2929	92.86
2928	92.9
2927	92.94
2926	92.98
2925	93.02
2924	93.07
2923	93.12
2922	93.17
2921	93.22
2920	93.28
2919	93.34
2918	93.39
2917	93.45
2916	93.5
2915	93.54
2914	93.58
2913	93.62
2912	93.66
2911	93.7
2910	93.74
2909	93.78
2908	93.81
2907	93.84
2906	93.88
2905	93.92
2904	93.96
2903	94
2902	94.04
2901	94.08
2900	94.12
2899	94.16
2898	94.2
2897	94.24
2896	94.28
2895	94.32
2894	94.36
2893	94.4
2892	94.44
2891	94.47
2890	94.51
2889	94.54
2888	94.57
2887	94.6
2886	94.64
2885	94.68
2884	94.71
2883	94.75
2882	94.78
2881	94.81
2880	94.83
2879	94.86
2878	94.89
2877	94.93
2876	94.97
2875	95.02
2874	95.05
2873	95.08
2872	95.1
2871	95.12
2870	95.14
2869	95.16
2868	95.19
2867	95.22
2866	95.26
2865	95.29
2864	95.32
2863	95.34
2862	95.37
2861	95.4
2860	95.43
2859	95.45
2858	95.48
2857	95.5
2856	95.52
2855	95.53
2854	95.55
2853	95.57
2852	95.59
2851	95.62
2850	95.65
2849	95.68
2848	95.71
2847	95.74
2846	95.77
2845	95.79
2844	95.81
2843	95.84
2842	95.87
2841	95.9
2840	95.93
2839	95.95
2838	95.97
2837	95.99
2836	96.01
2835	96.03
2834	96.05
2833	96.06
2832	96.07
2831	96.09
2830	96.11
2829	96.13
2828	96.16
2827	96.18
2826	96.2
2825	96.22
2824	96.23
2823	96.24
2822	96.26
2821	96.28
2820	96.31
2819	96.33
2818	96.35
2817	96.37
2816	96.38
2815	96.39
2814	96.41
2813	96.43
2812	96.45
2811	96.47
2810	96.49
2809	96.51
2808	96.52
2807	96.54
2806	96.55
2805	96.56
2804	96.58
2803	96.59
2802	96.61
2801	96.62
2800	96.64
2799	96.66
2798	96.67
2797	96.69
2796	96.7
2795	96.71
2794	96.73
2793	96.74
2792	96.76
2791	96.78
2790	96.8
2789	96.81
2788	96.81
2787	96.81
2786	96.81
2785	96.82
2784	96.83
2783	96.85
2782	96.86
2781	96.88
2780	96.89
2779	96.9
2778	96.91
2777	96.93
2776	96.94
2775	96.95
2774	96.97
2773	96.98
2772	96.99
2771	96.99
2770	97
2769	97
2768	97.01
2767	97.03
2766	97.05
2765	97.06
2764	97.08
2763	97.09
2762	97.1
2761	97.1
2760	97.1
2759	97.11
2758	97.11
2757	97.13
2756	97.14
2755	97.16
2754	97.17
2753	97.17
2752	97.18
2751	97.19
2750	97.2
2749	97.21
2748	97.22
2747	97.23
2746	97.23
2745	97.24
2744	97.24
2743	97.25
2742	97.26
2741	97.26
2740	97.28
2739	97.29
2738	97.31
2737	97.32
2736	97.33
2735	97.33
2734	97.33
2733	97.34
2732	97.35
2731	97.36
2730	97.37
2729	97.38
2728	97.39
2727	97.39
2726	97.4
2725	97.4
2724	97.4
2723	97.41
2722	97.42
2721	97.43
2720	97.44
2719	97.44
2718	97.44
2717	97.44
2716	97.44
2715	97.44
2714	97.45
2713	97.45
2712	97.46
2711	97.48
2710	97.49
2709	97.5
2708	97.5
2707	97.5
2706	97.5
2705	97.51
2704	97.51
2703	97.52
2702	97.53
2701	97.54
2700	97.55
2699	97.56
2698	97.56
2697	97.56
2696	97.56
2695	97.56
2694	97.56
2693	97.56
2692	97.56
2691	97.57
2690	97.57
2689	97.58
2688	97.58
2687	97.6
2686	97.61
2685	97.62
2684	97.62
2683	97.62
2682	97.62
2681	97.62
2680	97.62
2679	97.62
2678	97.63
2677	97.63
2676	97.63
2675	97.63
2674	97.64
2673	97.65
2672	97.65
2671	97.65
2670	97.65
2669	97.65
2668	97.66
2667	97.66
2666	97.66
2665	97.65
2664	97.65
2663	97.64
2662	97.63
2661	97.63
2660	97.64
2659	97.64
2658	97.65
2657	97.65
2656	97.65
2655	97.65
2654	97.66
2653	97.66
2652	97.66
2651	97.65
2650	97.65
2649	97.66
2648	97.66
2647	97.67
2646	97.67
2645	97.68
2644	97.68
2643	97.68
2642	97.69
2641	97.7
2640	97.71
2639	97.71
2638	97.71
2637	97.72
2636	97.72
2635	97.72
2634	97.72
2633	97.72
2632	97.72
2631	97.73
2630	97.74
2629	97.75
2628	97.75
2627	97.75
2626	97.75
2625	97.75
2624	97.74
2623	97.74
2622	97.74
2621	97.75
2620	97.76
2619	97.76
2618	97.77
2617	97.77
2616	97.77
2615	97.77
2614	97.77
2613	97.77
2612	97.77
2611	97.78
2610	97.79
2609	97.8
2608	97.8
2607	97.79
2606	97.78
2605	97.78
2604	97.78
2603	97.78
2602	97.78
2601	97.78
2600	97.8
2599	97.81
2598	97.83
2597	97.84
2596	97.84
2595	97.83
2594	97.82
2593	97.82
2592	97.82
2591	97.83
2590	97.84
2589	97.84
2588	97.83
2587	97.81
2586	97.8
2585	97.8
2584	97.8
2583	97.81
2582	97.82
2581	97.83
2580	97.84
2579	97.84
2578	97.85
2577	97.86
2576	97.86
2575	97.86
2574	97.86
2573	97.86
2572	97.85
2571	97.84
2570	97.84
2569	97.84
2568	97.85
2567	97.86
2566	97.86
2565	97.85
2564	97.85
2563	97.84
2562	97.84
2561	97.84
2560	97.85
2559	97.86
2558	97.86
2557	97.86
2556	97.86
2555	97.85
2554	97.85
2553	97.84
2552	97.84
2551	97.84
2550	97.84
2549	97.84
2548	97.84
2547	97.83
2546	97.83
2545	97.83
2544	97.82
2543	97.81
2542	97.81
2541	97.81
2540	97.81
2539	97.8
2538	97.81
2537	97.81
2536	97.82
2535	97.83
2534	97.83
2533	97.84
2532	97.85
2531	97.85
2530	97.86
2529	97.86
2528	97.86
2527	97.86
2526	97.85
2525	97.85
2524	97.84
2523	97.84
2522	97.84
2521	97.84
2520	97.84
2519	97.84
2518	97.83
2517	97.83
2516	97.82
2515	97.81
2514	97.81
2513	97.81
2512	97.81
2511	97.8
2510	97.79
2509	97.79
2508	97.79
2507	97.79
2506	97.8
2505	97.81
2504	97.8
2503	97.79
2502	97.79
2501	97.78
2500	97.78
2499	97.78
2498	97.77
2497	97.77
2496	97.76
2495	97.76
2494	97.77
2493	97.78
2492	97.79
2491	97.79
2490	97.78
2489	97.77
2488	97.76
2487	97.75
2486	97.75
2485	97.75
2484	97.75
2483	97.76
2482	97.77
2481	97.77
2480	97.76
2479	97.76
2478	97.76
2477	97.77
2476	97.76
2475	97.75
2474	97.74
2473	97.73
2472	97.72
2471	97.72
2470	97.74
2469	97.74
2468	97.73
2467	97.72
2466	97.7
2465	97.68
2464	97.67
2463	97.66
2462	97.66
2461	97.66
2460	97.66
2459	97.67
2458	97.67
2457	97.67
2456	97.66
2455	97.65
2454	97.64
2453	97.64
2452	97.65
2451	97.66
2450	97.67
2449	97.67
2448	97.67
2447	97.67
2446	97.67
2445	97.67
2444	97.66
2443	97.66
2442	97.65
2441	97.64
2440	97.64
2439	97.65
2438	97.66
2437	97.66
2436	97.66
2435	97.66
2434	97.67
2433	97.67
2432	97.66
2431	97.64
2430	97.62
2429	97.61
2428	97.6
2427	97.59
2426	97.59
2425	97.6
2424	97.61
2423	97.62
2422	97.63
2421	97.63
2420	97.63
2419	97.62
2418	97.61
2417	97.6
2416	97.58
2415	97.56
2414	97.55
2413	97.53
2412	97.53
2411	97.53
2410	97.54
2409	97.56
2408	97.57
2407	97.57
2406	97.57
2405	97.57
2404	97.56
2403	97.54
2402	97.52
2401	97.52
2400	97.52
2399	97.53
2398	97.53
2397	97.53
2396	97.52
2395	97.51
2394	97.5
2393	97.49
2392	97.49
2391	97.49
2390	97.49
2389	97.49
2388	97.5
2387	97.5
2386	97.51
2385	97.51
2384	97.5
2383	97.48
2382	97.47
2381	97.47
2380	97.46
2379	97.45
2378	97.44
2377	97.44
2376	97.44
2375	97.44
2374	97.45
2373	97.45
2372	97.44
2371	97.44
2370	97.45
2369	97.45
2368	97.43
2367	97.41
2366	97.38
2365	97.37
2364	97.36
2363	97.36
2362	97.36
2361	97.36
2360	97.36
2359	97.36
2358	97.36
2357	97.36
2356	97.36
2355	97.37
2354	97.36
2353	97.35
2352	97.33
2351	97.31
2350	97.29
2349	97.27
2348	97.27
2347	97.26
2346	97.24
2345	97.21
2344	97.18
2343	97.16
2342	97.16
2341	97.17
2340	97.18
2339	97.17
2338	97.17
2337	97.17
2336	97.16
2335	97.15
2334	97.15
2333	97.16
2332	97.17
2331	97.17
2330	97.16
2329	97.14
2328	97.11
2327	97.05
2326	97
2325	96.96
2324	96.94
2323	96.94
2322	96.95
2321	96.96
2320	96.97
2319	96.99
2318	97.01
2317	97.02
2316	97.02
2315	97.01
2314	97.01
2313	97.01
2312	97.01
2311	96.99
2310	96.97
2309	96.95
2308	96.92
2307	96.91
2306	96.91
2305	96.91
2304	96.9
2303	96.89
2302	96.88
2301	96.86
2300	96.85
2299	96.84
2298	96.84
2297	96.85
2296	96.85
2295	96.84
2294	96.83
2293	96.81
2292	96.79
2291	96.77
2290	96.75
2289	96.74
2288	96.74
2287	96.74
2286	96.72
2285	96.7
2284	96.69
2283	96.68
2282	96.69
2281	96.69
2280	96.68
2279	96.67
2278	96.66
2277	96.66
2276	96.66
2275	96.66
2274	96.66
2273	96.67
2272	96.66
2271	96.65
2270	96.62
2269	96.61
2268	96.6
2267	96.61
2266	96.63
2265	96.64
2264	96.64
2263	96.63
2262	96.61
2261	96.58
2260	96.56
2259	96.55
2258	96.56
2257	96.58
2256	96.59
2255	96.6
2254	96.6
2253	96.58
2252	96.55
2251	96.53
2250	96.53
2249	96.54
2248	96.54
2247	96.54
2246	96.55
2245	96.56
2244	96.55
2243	96.53
2242	96.5
2241	96.48
2240	96.45
2239	96.44
2238	96.44
2237	96.44
2236	96.44
2235	96.42
2234	96.39
2233	96.36
2232	96.34
2231	96.33
2230	96.33
2229	96.33
2228	96.32
2227	96.32
2226	96.33
2225	96.33
2224	96.33
2223	96.33
2222	96.34
2221	96.35
2220	96.34
2219	96.31
2218	96.29
2217	96.26
2216	96.23
2215	96.22
2214	96.23
2213	96.24
2212	96.22
2211	96.19
2210	96.17
2209	96.16
2208	96.14
2207	96.12
2206	96.1
2205	96.09
2204	96.09
2203	96.1
2202	96.11
2201	96.11
2200	96.1
2199	96.09
2198	96.08
2197	96.08
2196	96.07
2195	96.04
2194	96.01
2193	95.99
2192	95.97
2191	95.97
2190	95.98
2189	95.97
2188	95.95
2187	95.93
2186	95.93
2185	95.95
2184	95.99
2183	96.03
2182	96.06
2181	96.05
2180	96.02
2179	96.01
2178	96.02
2177	96.06
2176	96.09
2175	96.09
2174	96.07
2173	96.03
2172	95.97
2171	95.91
2170	95.86
2169	95.82
2168	95.79
2167	95.78
2166	95.79
2165	95.81
2164	95.82
2163	95.81
2162	95.8
2161	95.83
2160	95.94
2159	96.1
2158	96.25
2157	96.31
2156	96.29
2155	96.24
2154	96.19
2153	96.15
2152	96.1
2151	96.06
2150	96.03
2149	96.02
2148	96.02
2147	96.04
2146	96.05
2145	96.04
2144	96
2143	95.95
2142	95.92
2141	95.9
2140	95.89
2139	95.89
2138	95.9
2137	95.91
2136	95.94
2135	95.97
2134	96.01
2133	96.04
2132	96.04
2131	96.02
2130	96.01
2129	95.98
2128	95.94
2127	95.89
2126	95.84
2125	95.79
2124	95.77
2123	95.77
2122	95.8
2121	95.82
2120	95.83
2119	95.82
2118	95.81
2117	95.81
2116	95.8
2115	95.79
2114	95.79
2113	95.78
2112	95.77
2111	95.76
2110	95.76
2109	95.76
2108	95.76
2107	95.77
2106	95.78
2105	95.77
2104	95.75
2103	95.75
2102	95.78
2101	95.81
2100	95.83
2099	95.83
2098	95.83
2097	95.85
2096	95.88
2095	95.92
2094	95.94
2093	95.95
2092	95.94
2091	95.92
2090	95.9
2089	95.88
2088	95.85
2087	95.83
2086	95.82
2085	95.83
2084	95.85
2083	95.88
2082	95.91
2081	95.94
2080	95.95
2079	95.95
2078	95.96
2077	95.96
2076	95.96
2075	95.97
2074	95.99
2073	96.02
2072	96.04
2071	96.04
2070	96.03
2069	96
2068	95.97
2067	95.97
2066	96
2065	96.05
2064	96.09
2063	96.12
2062	96.16
2061	96.19
2060	96.21
2059	96.23
2058	96.24
2057	96.23
2056	96.19
2055	96.15
2054	96.12
2053	96.1
2052	96.1
2051	96.13
2050	96.2
2049	96.28
2048	96.33
2047	96.34
2046	96.37
2045	96.41
2044	96.44
2043	96.47
2042	96.47
2041	96.43
2040	96.37
2039	96.36
2038	96.41
2037	96.49
2036	96.55
2035	96.58
2034	96.6
2033	96.61
2032	96.61
2031	96.61
2030	96.61
2029	96.59
2028	96.58
2027	96.61
2026	96.71
2025	96.81
2024	96.86
2023	96.86
2022	96.84
2021	96.82
2020	96.81
2019	96.83
2018	96.87
2017	96.89
2016	96.88
2015	96.86
2014	96.85
2013	96.86
2012	96.87
2011	96.88
2010	96.9
2009	96.92
2008	96.95
2007	97
2006	97.05
2005	97.07
2004	97.06
2003	97.06
2002	97.09
2001	97.1
2000	97.1
1999	97.1
1998	97.1
1997	97.1
1996	97.09
1995	97.1
1994	97.15
1993	97.2
1992	97.22
1991	97.21
1990	97.18
1989	97.15
1988	97.12
1987	97.11
1986	97.11
1985	97.09
1984	97.06
1983	97.07
1982	97.12
1981	97.16
1980	97.18
1979	97.2
1978	97.25
1977	97.32
1976	97.38
1975	97.45
1974	97.53
1973	97.57
1972	97.58
1971	97.6
1970	97.65
1969	97.68
1968	97.67
1967	97.64
1966	97.63
1965	97.6
1964	97.57
1963	97.58
1962	97.63
1961	97.67
1960	97.69
1959	97.69
1958	97.69
1957	97.69
1956	97.67
1955	97.67
1954	97.71
1953	97.74
1952	97.75
1951	97.74
1950	97.73
1949	97.7
1948	97.66
1947	97.63
1946	97.64
1945	97.65
1944	97.67
1943	97.68
1942	97.7
1941	97.7
1940	97.7
1939	97.69
1938	97.7
1937	97.7
1936	97.7
1935	97.72
1934	97.76
1933	97.79
1932	97.8
1931	97.8
1930	97.81
1929	97.82
1928	97.81
1927	97.79
1926	97.79
1925	97.79
1924	97.78
1923	97.75
1922	97.74
1921	97.74
1920	97.75
1919	97.78
1918	97.81
1917	97.84
1916	97.83
1915	97.82
1914	97.8
1913	97.79
1912	97.77
1911	97.75
1910	97.76
1909	97.77
1908	97.78
1907	97.79
1906	97.82
1905	97.83
1904	97.83
1903	97.82
1902	97.83
1901	97.84
1900	97.84
1899	97.85
1898	97.86
1897	97.86
1896	97.83
1895	97.8
1894	97.79
1893	97.79
1892	97.79
1891	97.81
1890	97.84
1889	97.86
1888	97.87
1887	97.88
1886	97.88
1885	97.87
1884	97.84
1883	97.81
1882	97.8
1881	97.8
1880	97.81
1879	97.82
1878	97.84
1877	97.85
1876	97.85
1875	97.84
1874	97.84
1873	97.84
1872	97.84
1871	97.85
1870	97.85
1869	97.85
1868	97.85
1867	97.85
1866	97.86
1865	97.86
1864	97.84
1863	97.82
1862	97.81
1861	97.81
1860	97.8
1859	97.81
1858	97.83
1857	97.86
1856	97.87
1855	97.88
1854	97.88
1853	97.88
1852	97.86
1851	97.84
1850	97.83
1849	97.81
1848	97.79
1847	97.8
1846	97.83
1845	97.86
1844	97.86
1843	97.85
1842	97.85
1841	97.86
1840	97.86
1839	97.85
1838	97.85
1837	97.85
1836	97.85
1835	97.86
1834	97.86
1833	97.87
1832	97.85
1831	97.83
1830	97.83
1829	97.83
1828	97.84
1827	97.85
1826	97.85
1825	97.84
1824	97.83
1823	97.83
1822	97.84
1821	97.86
1820	97.86
1819	97.86
1818	97.87
1817	97.87
1816	97.86
1815	97.84
1814	97.83
1813	97.82
1812	97.82
1811	97.81
1810	97.82
1809	97.82
1808	97.8
1807	97.79
1806	97.78
1805	97.77
1804	97.75
1803	97.73
1802	97.72
1801	97.71
1800	97.7
1799	97.7
1798	97.7
1797	97.7
1796	97.69
1795	97.69
1794	97.69
1793	97.68
1792	97.65
1791	97.62
1790	97.61
1789	97.6
1788	97.58
1787	97.55
1786	97.54
1785	97.53
1784	97.51
1783	97.5
1782	97.49
1781	97.48
1780	97.44
1779	97.42
1778	97.41
1777	97.41
1776	97.4
1775	97.39
1774	97.38
1773	97.37
1772	97.33
1771	97.31
1770	97.29
1769	97.26
1768	97.21
1767	97.15
1766	97.11
1765	97.09
1764	97.07
1763	97.03
1762	96.99
1761	96.96
1760	96.92
1759	96.89
1758	96.86
1757	96.8
1756	96.73
1755	96.68
1754	96.65
1753	96.61
1752	96.53
1751	96.45
1750	96.41
1749	96.38
1748	96.35
1747	96.31
1746	96.26
1745	96.2
1744	96.11
1743	96.04
1742	95.98
1741	95.93
1740	95.84
1739	95.74
1738	95.67
1737	95.61
1736	95.54
1735	95.43
1734	95.29
1733	95.18
1732	95.1
1731	95.03
1730	94.95
1729	94.84
1728	94.71
1727	94.6
1726	94.5
1725	94.38
1724	94.24
1723	94.1
1722	93.98
1721	93.87
1720	93.75
1719	93.6
1718	93.43
1717	93.25
1716	93.08
1715	92.92
1714	92.78
1713	92.62
1712	92.44
1711	92.25
1710	92.08
1709	91.9
1708	91.72
1707	91.51
1706	91.28
1705	91.05
1704	90.84
1703	90.7
1702	90.55
1701	90.3
1700	89.92
1699	89.61
1698	89.45
1697	89.27
1696	88.96
1695	88.6
1694	88.32
1693	88.12
1692	87.9
1691	87.64
1690	87.34
1689	87.04
1688	86.77
1687	86.55
1686	86.32
1685	85.98
1684	85.52
1683	85.13
1682	84.88
1681	84.64
1680	84.34
1679	84.03
1678	83.77
1677	83.5
1676	83.15
1675	82.76
1674	82.41
1673	82.16
1672	81.91
1671	81.6
1670	81.24
1669	80.85
1668	80.49
1667	80.2
1666	79.95
1665	79.7
1664	79.39
1663	79.03
1662	78.68
1661	78.38
1660	78.09
1659	77.82
1658	77.57
1657	77.35
1656	77.15
1655	76.93
1654	76.59
1653	76.11
1652	75.73
1651	75.56
1650	75.48
1649	75.38
1648	75.18
1647	74.9
1646	74.64
1645	74.47
1644	74.33
1643	74.21
1642	74.11
1641	74.01
1640	73.92
1639	73.86
1638	73.83
1637	73.83
1636	73.82
1635	73.84
1634	73.89
1633	73.98
1632	74.06
1631	74.15
1630	74.26
1629	74.43
1628	74.62
1627	74.82
1626	75.02
1625	75.25
1624	75.52
1623	75.82
1622	76.14
1621	76.43
1620	76.7
1619	76.96
1618	77.28
1617	77.69
1616	78.12
1615	78.5
1614	78.83
1613	79.14
1612	79.45
1611	79.77
1610	80.12
1609	80.48
1608	80.84
1607	81.18
1606	81.51
1605	81.84
1604	82.17
1603	82.51
1602	82.83
1601	83.15
1600	83.46
1599	83.74
1598	84.02
1597	84.29
1596	84.57
1595	84.85
1594	85.11
1593	85.37
1592	85.62
1591	85.86
1590	86.09
1589	86.32
1588	86.54
1587	86.76
1586	86.97
1585	87.18
1584	87.38
1583	87.58
1582	87.75
1581	87.92
1580	88.07
1579	88.22
1578	88.36
1577	88.54
1576	88.76
1575	88.96
1574	89.1
1573	89.22
1572	89.32
1571	89.43
1570	89.57
1569	89.72
1568	89.86
1567	89.97
1566	90.06
1565	90.15
1564	90.26
1563	90.36
1562	90.44
1561	90.51
1560	90.64
1559	90.86
1558	91.03
1557	91.12
1556	91.18
1555	91.22
1554	91.25
1553	91.29
1552	91.36
1551	91.44
1550	91.51
1549	91.58
1548	91.65
1547	91.71
1546	91.76
1545	91.82
1544	91.9
1543	92
1542	92.09
1541	92.2
1540	92.33
1539	92.42
1538	92.43
1537	92.44
1536	92.46
1535	92.49
1534	92.52
1533	92.56
1532	92.63
1531	92.68
1530	92.72
1529	92.76
1528	92.81
1527	92.86
1526	92.92
1525	92.98
1524	93.04
1523	93.11
1522	93.17
1521	93.21
1520	93.25
1519	93.3
1518	93.33
1517	93.37
1516	93.4
1515	93.42
1514	93.44
1513	93.45
1512	93.47
1511	93.49
1510	93.53
1509	93.59
1508	93.67
1507	93.76
1506	93.8
1505	93.81
1504	93.82
1503	93.84
1502	93.85
1501	93.86
1500	93.88
1499	93.92
1498	93.96
1497	94.01
1496	94.05
1495	94.08
1494	94.1
1493	94.11
1492	94.13
1491	94.14
1490	94.16
1489	94.2
1488	94.24
1487	94.28
1486	94.29
1485	94.3
1484	94.31
1483	94.32
1482	94.33
1481	94.34
1480	94.36
1479	94.38
1478	94.4
1477	94.41
1476	94.42
1475	94.45
1474	94.48
1473	94.51
1472	94.54
1471	94.57
1470	94.6
1469	94.62
1468	94.64
1467	94.65
1466	94.65
1465	94.67
1464	94.69
1463	94.71
1462	94.72
1461	94.73
1460	94.74
1459	94.75
1458	94.78
1457	94.8
1456	94.81
1455	94.81
1454	94.83
1453	94.85
1452	94.86
1451	94.87
1450	94.89
1449	94.9
1448	94.93
1447	94.94
1446	94.96
1445	94.97
1444	94.99
1443	95.01
1442	95.03
1441	95.05
1440	95.09
1439	95.13
1438	95.14
1437	95.13
1436	95.12
1435	95.12
1434	95.12
1433	95.12
1432	95.1
1431	95.08
1430	95.06
1429	95.07
1428	95.1
1427	95.13
1426	95.16
1425	95.19
1424	95.21
1423	95.23
1422	95.25
1421	95.26
1420	95.27
1419	95.29
1418	95.3
1417	95.32
1416	95.34
1415	95.36
1414	95.36
1413	95.35
1412	95.36
1411	95.36
1410	95.37
1409	95.39
1408	95.41
1407	95.43
1406	95.45
1405	95.46
1404	95.48
1403	95.51
1402	95.52
1401	95.53
1400	95.54
1399	95.55
1398	95.57
1397	95.58
1396	95.6
1395	95.62
1394	95.62
1393	95.63
1392	95.65
1391	95.67
1390	95.67
1389	95.67
1388	95.67
1387	95.67
1386	95.69
1385	95.71
1384	95.73
1383	95.75
1382	95.75
1381	95.76
1380	95.77
1379	95.79
1378	95.8
1377	95.81
1376	95.82
1375	95.83
1374	95.84
1373	95.86
1372	95.88
1371	95.9
1370	95.9
1369	95.89
1368	95.89
1367	95.9
1366	95.91
1365	95.92
1364	95.93
1363	95.94
1362	95.95
1361	95.96
1360	95.98
1359	96.01
1358	96.02
1357	96.04
1356	96.04
1355	96.05
1354	96.05
1353	96.05
1352	96.06
1351	96.08
1350	96.09
1349	96.11
1348	96.13
1347	96.14
1346	96.14
1345	96.14
1344	96.14
1343	96.15
1342	96.15
1341	96.15
1340	96.14
1339	96.14
1338	96.14
1337	96.14
1336	96.15
1335	96.18
1334	96.2
1333	96.23
1332	96.25
1331	96.27
1330	96.28
1329	96.28
1328	96.29
1327	96.3
1326	96.3
1325	96.31
1324	96.32
1323	96.33
1322	96.33
1321	96.33
1320	96.33
1319	96.35
1318	96.36
1317	96.38
1316	96.41
1315	96.42
1314	96.43
1313	96.44
1312	96.44
1311	96.44
1310	96.44
1309	96.44
1308	96.45
1307	96.47
1306	96.49
1305	96.5
1304	96.51
1303	96.52
1302	96.53
1301	96.54
1300	96.55
1299	96.56
1298	96.56
1297	96.56
1296	96.58
1295	96.59
1294	96.6
1293	96.61
1292	96.62
1291	96.63
1290	96.63
1289	96.64
1288	96.65
1287	96.66
1286	96.68
1285	96.69
1284	96.71
1283	96.73
1282	96.74
1281	96.75
1280	96.77
1279	96.79
1278	96.8
1277	96.8
1276	96.81
1275	96.82
1274	96.82
1273	96.82
1272	96.81
1271	96.81
1270	96.82
1269	96.83
1268	96.85
1267	96.86
1266	96.87
1265	96.87
1264	96.89
1263	96.9
1262	96.91
1261	96.92
1260	96.92
1259	96.92
1258	96.92
1257	96.93
1256	96.94
1255	96.94
1254	96.94
1253	96.93
1252	96.94
1251	96.95
1250	96.96
1249	96.97
1248	96.98
1247	96.99
1246	96.99
1245	96.98
1244	96.98
1243	96.99
1242	97
1241	97
1240	97.01
1239	97.02
1238	97.02
1237	97.02
1236	97.03
1235	97.03
1234	97.04
1233	97.04
1232	97.05
1231	97.06
1230	97.07
1229	97.08
1228	97.09
1227	97.11
1226	97.11
1225	97.12
1224	97.12
1223	97.13
1222	97.14
1221	97.14
1220	97.15
1219	97.16
1218	97.17
1217	97.17
1216	97.18
1215	97.19
1214	97.19
1213	97.2
1212	97.21
1211	97.22
1210	97.21
1209	97.21
1208	97.22
1207	97.24
1206	97.26
1205	97.27
1204	97.29
1203	97.3
1202	97.31
1201	97.32
1200	97.34
1199	97.36
1198	97.38
1197	97.39
1196	97.41
1195	97.41
1194	97.41
1193	97.41
1192	97.41
1191	97.41
1190	97.41
1189	97.41
1188	97.42
1187	97.43
1186	97.44
1185	97.45
1184	97.45
1183	97.46
1182	97.47
1181	97.48
1180	97.49
1179	97.51
1178	97.51
1177	97.52
1176	97.53
1175	97.53
1174	97.53
1173	97.52
1172	97.52
1171	97.51
1170	97.5
1169	97.5
1168	97.51
1167	97.52
1166	97.53
1165	97.54
1164	97.54
1163	97.54
1162	97.53
1161	97.53
1160	97.53
1159	97.53
1158	97.53
1157	97.53
1156	97.53
1155	97.53
1154	97.53
1153	97.54
1152	97.56
1151	97.58
1150	97.6
1149	97.61
1148	97.62
1147	97.63
1146	97.63
1145	97.62
1144	97.62
1143	97.61
1142	97.6
1141	97.59
1140	97.59
1139	97.59
1138	97.58
1137	97.57
1136	97.55
1135	97.53
1134	97.51
1133	97.49
1132	97.47
1131	97.45
1130	97.41
1129	97.38
1128	97.37
1127	97.36
1126	97.36
1125	97.36
1124	97.37
1123	97.37
1122	97.38
1121	97.38
1120	97.4
1119	97.43
1118	97.46
1117	97.49
1116	97.51
1115	97.52
1114	97.51
1113	97.49
1112	97.48
1111	97.46
1110	97.43
1109	97.41
1108	97.4
1107	97.4
1106	97.39
1105	97.38
1104	97.38
1103	97.38
1102	97.38
1101	97.39
1100	97.4
1099	97.42
1098	97.42
1097	97.43
1096	97.43
1095	97.44
1094	97.44
1093	97.45
1092	97.47
1091	97.5
1090	97.53
1089	97.56
1088	97.59
1087	97.61
1086	97.61
1085	97.6
1084	97.59
1083	97.59
1082	97.59
1081	97.61
1080	97.64
1079	97.66
1078	97.67
1077	97.68
1076	97.69
1075	97.71
1074	97.72
1073	97.73
1072	97.75
1071	97.77
1070	97.78
1069	97.79
1068	97.79
1067	97.79
1066	97.78
1065	97.77
1064	97.77
1063	97.77
1062	97.77
1061	97.78
1060	97.8
1059	97.82
1058	97.81
1057	97.8
1056	97.79
1055	97.8
1054	97.8
1053	97.81
1052	97.83
1051	97.85
1050	97.86
1049	97.86
1048	97.87
1047	97.87
1046	97.86
1045	97.84
1044	97.83
1043	97.83
1042	97.83
1041	97.84
1040	97.85
1039	97.86
1038	97.86
1037	97.86
1036	97.87
1035	97.87
1034	97.86
1033	97.85
1032	97.85
1031	97.84
1030	97.82
1029	97.81
1028	97.82
1027	97.83
1026	97.84
1025	97.84
1024	97.85
1023	97.86
1022	97.86
1021	97.86
1020	97.86
1019	97.85
1018	97.85
1017	97.85
1016	97.87
1015	97.87
1014	97.87
1013	97.86
1012	97.86
1011	97.87
1010	97.86
1009	97.85
1008	97.85
1007	97.86
1006	97.86
1005	97.85
1004	97.84
1003	97.84
1002	97.85
1001	97.88
1000	97.91
999	97.91
998	97.88
997	97.84
996	97.82
995	97.83
994	97.85
993	97.86
992	97.86
991	97.86
990	97.85
989	97.84
988	97.84
987	97.85
986	97.86
985	97.86
984	97.86
983	97.86
982	97.86
981	97.86
980	97.86
979	97.87
978	97.88
977	97.88
976	97.87
975	97.86
974	97.84
973	97.83
972	97.85
971	97.88
970	97.88
969	97.87
968	97.85
967	97.85
966	97.85
965	97.85
964	97.85
963	97.85
962	97.86
961	97.86
960	97.87
959	97.88
958	97.87
957	97.85
956	97.85
955	97.86
954	97.87
953	97.88
952	97.88
951	97.88
950	97.87
949	97.86
948	97.87
947	97.87
946	97.85
945	97.84
944	97.84
943	97.86
942	97.87
941	97.88
940	97.88
939	97.86
938	97.84
937	97.83
936	97.83
935	97.85
934	97.87
933	97.89
932	97.9
931	97.91
930	97.89
929	97.87
928	97.85
927	97.85
926	97.85
925	97.85
924	97.86
923	97.87
922	97.88
921	97.88
920	97.88
919	97.88
918	97.87
917	97.86
916	97.86
915	97.86
914	97.85
913	97.84
912	97.84
911	97.85
910	97.85
909	97.86
908	97.86
907	97.84
906	97.81
905	97.77
904	97.75
903	97.73
902	97.71
901	97.69
900	97.66
899	97.64
898	97.6
897	97.56
896	97.53
895	97.52
894	97.5
893	97.45
892	97.4
891	97.37
890	97.34
889	97.31
888	97.27
887	97.22
886	97.17
885	97.12
884	97.08
883	97.05
882	97.02
881	96.99
880	96.96
879	96.9
878	96.81
877	96.72
876	96.65
875	96.6
874	96.55
873	96.5
872	96.44
871	96.39
870	96.32
869	96.24
868	96.16
867	96.07
866	95.99
865	95.91
864	95.84
863	95.77
862	95.71
861	95.64
860	95.59
859	95.54
858	95.48
857	95.39
856	95.3
855	95.21
854	95.1
853	94.99
852	94.91
851	94.86
850	94.83
849	94.8
848	94.74
847	94.64
846	94.51
845	94.36
844	94.24
843	94.14
842	94.06
841	93.99
840	93.91
839	93.84
838	93.76
837	93.67
836	93.58
835	93.5
834	93.41
833	93.3
832	93.18
831	93.06
830	92.95
829	92.84
828	92.76
827	92.68
826	92.6
825	92.52
824	92.44
823	92.36
822	92.25
821	92.13
820	92
819	91.88
818	91.77
817	91.66
816	91.57
815	91.48
814	91.4
813	91.32
812	91.23
811	91.14
810	91.03
809	90.92
808	90.82
807	90.73
806	90.64
805	90.52
804	90.4
803	90.3
802	90.21
801	90.12
800	90.03
799	89.94
798	89.85
797	89.74
796	89.63
795	89.51
794	89.39
793	89.26
792	89.16
791	89.08
790	88.99
789	88.89
788	88.78
787	88.67
786	88.57
785	88.47
784	88.36
783	88.26
782	88.16
781	88.06
780	87.97
779	87.9
778	87.82
777	87.72
776	87.61
775	87.5
774	87.39
773	87.27
772	87.16
771	87.07
770	86.98
769	86.89
768	86.81
767	86.72
766	86.63
765	86.53
764	86.44
763	86.37
762	86.3
761	86.22
760	86.14
759	86.05
758	85.96
757	85.84
756	85.71
755	85.61
754	85.52
753	85.42
752	85.33
751	85.25
750	85.18
749	85.1
748	85.01
747	84.91
746	84.79
745	84.66
744	84.53
743	84.42
742	84.32
741	84.23
740	84.13
739	84.04
738	83.94
737	83.84
736	83.75
735	83.69
734	83.64
733	83.57
732	83.48
731	83.39
730	83.29
729	83.2
728	83.13
727	83.09
726	83.05
725	82.99
724	82.91
723	82.83
722	82.75
721	82.65
720	82.54
719	82.43
718	82.32
717	82.2
716	82.08
715	81.98
714	81.88
713	81.79
712	81.71
711	81.65
710	81.58
709	81.48
708	81.38
707	81.31
706	81.25
705	81.18
704	81.1
703	81.03
702	80.97
701	80.9
700	80.84
699	80.77
698	80.71
697	80.64
696	80.59
695	80.55
694	80.49
693	80.39
692	80.28
691	80.18
690	80.12
689	80.06
688	80
687	79.96
686	79.9
685	79.82
684	79.72
683	79.64
682	79.57
681	79.49
680	79.43
679	79.39
678	79.35
677	79.29
676	79.21
675	79.12
674	79.04
673	78.97
672	78.95
671	79
670	79.07
669	79.07
668	78.94
667	78.77
666	78.62
665	78.5
664	78.42
663	78.39
662	78.37
661	78.36
660	78.34
659	78.33
658	78.3
657	78.2
656	78.09
655	78
654	77.93
653	77.88
652	77.84
651	77.82
650	77.8
649	77.77
648	77.73
647	77.7
646	77.66
645	77.61
644	77.54
643	77.49
642	77.44
641	77.39
640	77.33
639	77.28
638	77.23
637	77.18
636	77.15
635	77.16
634	77.17
633	77.16
632	77.13
631	77.11
630	77.11
629	77.09
628	77.07
627	77.06
626	77.04
625	77.02
624	76.99
623	77
622	77
621	76.97
620	76.95
619	76.95
618	76.94
617	76.9
616	76.84
615	76.8
614	76.78
613	76.74
612	76.71
611	76.72
610	76.76
609	76.78
608	76.77
607	76.79
606	76.8
605	76.78
604	76.75
603	76.75
602	76.75
601	76.75
600	76.74
599	76.74
598	76.74
597	76.71
596	76.68
595	76.7
594	76.75
593	76.78
592	76.79
591	76.79
590	76.77
589	76.73
588	76.7
587	76.69
586	76.68
585	76.66
584	76.66
583	76.69
582	76.74
581	76.76
580	76.75
579	76.74
578	76.74
577	76.75
576	76.8
575	76.89
574	76.98
573	77.02
572	77.02
571	77.05
570	77.08
569	77.1
568	77.12
567	77.17
566	77.2
565	77.17
564	77.14
563	77.15
562	77.19
561	77.21
560	77.22
559	77.24
558	77.29
557	77.35
556	77.41
555	77.49
554	77.54
553	77.51
552	77.49
551	77.55
550	77.7
549	77.85
548	78
547	78.14
546	78.24
545	78.27
544	78.28
543	78.34
542	78.44
541	78.53
540	78.63
539	78.78
538	78.95
537	79.04
536	79.05
535	79.03
534	79.03
533	79.07
532	79.15
531	79.25
530	79.3
529	79.29
528	79.3
527	79.38
526	79.49
525	79.56
524	79.62
523	79.68
522	79.73
521	79.73
520	79.72
519	79.76
518	79.8
517	79.8
516	79.85
515	80
514	80.18
513	80.31
512	80.4
511	80.52
510	80.63
509	80.72
508	80.84
507	81
506	81.11
505	81.12
504	81.12
503	81.22
502	81.37
501	81.51
500	81.66
499	81.85
498	81.97
497	81.95
496	81.88
495	81.93
494	82.07
493	82.16
492	82.15
491	82.09
490	82.05
489	82.08
488	82.24
487	82.56
486	82.89
485	83.07
484	83.11
483	83.12
482	83.13
481	83.12
480	83.19
479	83.38
478	83.6
477	83.76
476	83.9
475	84.1
474	84.28
473	84.36
472	84.44
471	84.64
470	84.88
469	85.06
468	85.24
467	85.48
466	85.71
465	85.74
464	85.61
463	85.47
462	85.42
461	85.47
460	85.67
459	85.99
458	86.35
457	86.68
456	87
455	87.27
454	87.35
453	87.27
452	87.29
451	87.58
450	87.92
449	88.09
448	88.12
447	88.2
446	88.38
445	88.59
444	88.8
443	88.97
442	89
441	88.91
440	88.94
439	89.18
438	89.43
437	89.52
436	89.55
435	89.72
434	89.98
433	90.22
432	90.48
431	90.83
430	91.16
429	91.4
428	91.64
427	91.94
426	92.15
425	92.16
424	92.14
423	92.24
422	92.35
421	92.39
420	92.66
419	93.37
418	93.87
417	93.76
416	93.58
415	93.74
414	94.1
413	94.47
412	94.94
411	95.58
410	96.14
409	96.44
408	96.74
407	97.2
406	97.5
405	97.42
404	97.42
403	97.87
402	98.39
401	98.25
400	97.49