4000	99.97
3999	99.97
3998	99.96
3997	99.95
3996	99.94
3995	99.94
3994	99.93
3993	99.93
3992	99.92
3991	99.92
3990	99.92
3989	99.92
3988	99.93
3987	99.93
3986	99.93
3985	99.93
3984	99.93
3983	99.93
3982	99.93
3981	99.92
3980	99.91
3979	99.9
3978	99.9
3977	99.91
3976	99.93
3975	99.95
3974	99.97
3973	99.97
3972	99.96
3971	99.95
3970	99.94
3969	99.93
3968	99.93
3967	99.92
3966	99.92
3965	99.93
3964	99.93
3963	99.93
3962	99.94
3961	99.94
3960	99.93
3959	99.93
3958	99.92
3957	99.91
3956	99.91
3955	99.91
3954	99.92
3953	99.93
3952	99.94
3951	99.94
3950	99.94
3949	99.94
3948	99.94
3947	99.95
3946	99.95
3945	99.96
3944	99.96
3943	99.96
3942	99.95
3941	99.94
3940	99.93
3939	99.92
3938	99.91
3937	99.9
3936	99.9
3935	99.91
3934	99.92
3933	99.93
3932	99.93
3931	99.93
3930	99.92
3929	99.92
3928	99.93
3927	99.94
3926	99.94
3925	99.94
3924	99.93
3923	99.93
3922	99.92
3921	99.92
3920	99.92
3919	99.92
3918	99.92
3917	99.93
3916	99.93
3915	99.93
3914	99.93
3913	99.93
3912	99.93
3911	99.93
3910	99.93
3909	99.94
3908	99.94
3907	99.94
3906	99.94
3905	99.93
3904	99.93
3903	99.94
3902	99.96
3901	99.98
3900	99.99
3899	99.99
3898	99.98
3897	99.96
3896	99.95
3895	99.94
3894	99.93
3893	99.92
3892	99.91
3891	99.9
3890	99.9
3889	99.9
3888	99.9
3887	99.91
3886	99.91
3885	99.92
3884	99.92
3883	99.92
3882	99.91
3881	99.91
3880	99.91
3879	99.92
3878	99.94
3877	99.95
3876	99.95
3875	99.94
3874	99.94
3873	99.93
3872	99.93
3871	99.92
3870	99.92
3869	99.91
3868	99.9
3867	99.89
3866	99.88
3865	99.88
3864	99.88
3863	99.89
3862	99.9
3861	99.9
3860	99.9
3859	99.9
3858	99.9
3857	99.91
3856	99.92
3855	99.92
3854	99.92
3853	99.91
3852	99.91
3851	99.91
3850	99.91
3849	99.91
3848	99.91
3847	99.91
3846	99.92
3845	99.92
3844	99.93
3843	99.94
3842	99.94
3841	99.94
3840	99.93
3839	99.93
3838	99.93
3837	99.93
3836	99.93
3835	99.93
3834	99.94
3833	99.94
3832	99.94
3831	99.95
3830	99.96
3829	99.97
3828	99.98
3827	99.98
3826	99.97
3825	99.95
3824	99.95
3823	99.95
3822	99.96
3821	99.97
3820	99.97
3819	99.97
3818	99.96
3817	99.94
3816	99.92
3815	99.91
3814	99.91
3813	99.91
3812	99.92
3811	99.93
3810	99.94
3809	99.95
3808	99.96
3807	99.96
3806	99.97
3805	99.96
3804	99.95
3803	99.93
3802	99.91
3801	99.9
3800	99.91
3799	99.92
3798	99.93
3797	99.93
3796	99.93
3795	99.93
3794	99.92
3793	99.92
3792	99.92
3791	99.92
3790	99.91
3789	99.9
3788	99.89
3787	99.88
3786	99.88
3785	99.89
3784	99.9
3783	99.91
3782	99.91
3781	99.91
3780	99.91
3779	99.91
3778	99.91
3777	99.91
3776	99.92
3775	99.92
3774	99.92
3773	99.91
3772	99.91
3771	99.9
3770	99.9
3769	99.91
3768	99.92
3767	99.92
3766	99.92
3765	99.92
3764	99.92
3763	99.91
3762	99.91
3761	99.91
3760	99.91
3759	99.91
3758	99.91
3757	99.92
3756	99.93
3755	99.94
3754	99.94
3753	99.95
3752	99.94
3751	99.94
3750	99.95
3749	99.96
3748	99.97
3747	99.97
3746	99.97
3745	99.97
3744	99.97
3743	99.97
3742	99.95
3741	99.94
3740	99.92
3739	99.91
3738	99.91
3737	99.92
3736	99.93
3735	99.95
3734	99.96
3733	99.96
3732	99.95
3731	99.93
3730	99.92
3729	99.92
3728	99.92
3727	99.92
3726	99.92
3725	99.92
3724	99.91
3723	99.91
3722	99.91
3721	99.91
3720	99.92
3719	99.93
3718	99.93
3717	99.94
3716	99.95
3715	99.96
3714	99.96
3713	99.96
3712	99.95
3711	99.94
3710	99.93
3709	99.93
3708	99.93
3707	99.94
3706	99.94
3705	99.94
3704	99.93
3703	99.93
3702	99.92
3701	99.92
3700	99.92
3699	99.93
3698	99.93
3697	99.93
3696	99.94
3695	99.94
3694	99.94
3693	99.94
3692	99.93
3691	99.92
3690	99.92
3689	99.93
3688	99.94
3687	99.95
3686	99.94
3685	99.92
3684	99.91
3683	99.9
3682	99.9
3681	99.9
3680	99.9
3679	99.9
3678	99.9
3677	99.91
3676	99.94
3675	99.97
3674	99.98
3673	99.98
3672	99.97
3671	99.96
3670	99.97
3669	99.96
3668	99.96
3667	99.94
3666	99.92
3665	99.91
3664	99.9
3663	99.9
3662	99.9
3661	99.91
3660	99.92
3659	99.93
3658	99.92
3657	99.91
3656	99.89
3655	99.89
3654	99.9
3653	99.9
3652	99.91
3651	99.92
3650	99.92
3649	99.93
3648	99.93
3647	99.93
3646	99.93
3645	99.92
3644	99.92
3643	99.91
3642	99.9
3641	99.89
3640	99.88
3639	99.88
3638	99.88
3637	99.89
3636	99.9
3635	99.9
3634	99.9
3633	99.89
3632	99.88
3631	99.87
3630	99.86
3629	99.87
3628	99.89
3627	99.9
3626	99.9
3625	99.9
3624	99.89
3623	99.88
3622	99.88
3621	99.88
3620	99.88
3619	99.87
3618	99.87
3617	99.88
3616	99.88
3615	99.89
3614	99.89
3613	99.9
3612	99.9
3611	99.89
3610	99.87
3609	99.84
3608	99.82
3607	99.81
3606	99.81
3605	99.81
3604	99.81
3603	99.8
3602	99.8
3601	99.8
3600	99.81
3599	99.82
3598	99.83
3597	99.84
3596	99.84
3595	99.84
3594	99.83
3593	99.84
3592	99.85
3591	99.86
3590	99.87
3589	99.87
3588	99.88
3587	99.89
3586	99.9
3585	99.9
3584	99.89
3583	99.88
3582	99.87
3581	99.86
3580	99.84
3579	99.84
3578	99.84
3577	99.85
3576	99.86
3575	99.87
3574	99.87
3573	99.87
3572	99.87
3571	99.86
3570	99.86
3569	99.85
3568	99.86
3567	99.88
3566	99.89
3565	99.9
3564	99.9
3563	99.89
3562	99.89
3561	99.9
3560	99.9
3559	99.89
3558	99.89
3557	99.88
3556	99.88
3555	99.88
3554	99.88
3553	99.87
3552	99.86
3551	99.85
3550	99.85
3549	99.84
3548	99.84
3547	99.84
3546	99.84
3545	99.84
3544	99.84
3543	99.84
3542	99.84
3541	99.84
3540	99.84
3539	99.84
3538	99.84
3537	99.83
3536	99.83
3535	99.83
3534	99.83
3533	99.82
3532	99.82
3531	99.81
3530	99.81
3529	99.81
3528	99.82
3527	99.82
3526	99.83
3525	99.83
3524	99.84
3523	99.84
3522	99.84
3521	99.83
3520	99.82
3519	99.81
3518	99.81
3517	99.81
3516	99.82
3515	99.82
3514	99.81
3513	99.81
3512	99.81
3511	99.82
3510	99.84
3509	99.85
3508	99.85
3507	99.85
3506	99.85
3505	99.84
3504	99.84
3503	99.85
3502	99.85
3501	99.85
3500	99.85
3499	99.85
3498	99.85
3497	99.85
3496	99.85
3495	99.84
3494	99.84
3493	99.84
3492	99.84
3491	99.85
3490	99.85
3489	99.85
3488	99.85
3487	99.85
3486	99.85
3485	99.85
3484	99.85
3483	99.84
3482	99.84
3481	99.84
3480	99.84
3479	99.85
3478	99.85
3477	99.85
3476	99.85
3475	99.85
3474	99.86
3473	99.85
3472	99.85
3471	99.84
3470	99.85
3469	99.86
3468	99.87
3467	99.88
3466	99.88
3465	99.87
3464	99.86
3463	99.85
3462	99.85
3461	99.86
3460	99.87
3459	99.87
3458	99.87
3457	99.86
3456	99.86
3455	99.85
3454	99.85
3453	99.85
3452	99.85
3451	99.86
3450	99.86
3449	99.86
3448	99.86
3447	99.86
3446	99.87
3445	99.87
3444	99.88
3443	99.88
3442	99.88
3441	99.87
3440	99.87
3439	99.87
3438	99.87
3437	99.87
3436	99.87
3435	99.87
3434	99.87
3433	99.87
3432	99.88
3431	99.88
3430	99.88
3429	99.88
3428	99.87
3427	99.85
3426	99.83
3425	99.83
3424	99.83
3423	99.84
3422	99.85
3421	99.86
3420	99.87
3419	99.86
3418	99.85
3417	99.84
3416	99.83
3415	99.83
3414	99.83
3413	99.85
3412	99.85
3411	99.86
3410	99.85
3409	99.85
3408	99.85
3407	99.85
3406	99.85
3405	99.85
3404	99.85
3403	99.85
3402	99.84
3401	99.84
3400	99.84
3399	99.84
3398	99.85
3397	99.85
3396	99.85
3395	99.83
3394	99.82
3393	99.81
3392	99.81
3391	99.82
3390	99.82
3389	99.82
3388	99.83
3387	99.82
3386	99.82
3385	99.81
3384	99.81
3383	99.81
3382	99.81
3381	99.81
3380	99.82
3379	99.82
3378	99.82
3377	99.83
3376	99.84
3375	99.85
3374	99.85
3373	99.85
3372	99.84
3371	99.83
3370	99.83
3369	99.83
3368	99.84
3367	99.85
3366	99.85
3365	99.85
3364	99.85
3363	99.86
3362	99.85
3361	99.84
3360	99.84
3359	99.84
3358	99.84
3357	99.84
3356	99.84
3355	99.84
3354	99.84
3353	99.84
3352	99.85
3351	99.85
3350	99.85
3349	99.84
3348	99.83
3347	99.82
3346	99.82
3345	99.82
3344	99.83
3343	99.84
3342	99.85
3341	99.85
3340	99.85
3339	99.85
3338	99.84
3337	99.84
3336	99.84
3335	99.84
3334	99.84
3333	99.83
3332	99.82
3331	99.82
3330	99.82
3329	99.83
3328	99.84
3327	99.84
3326	99.84
3325	99.84
3324	99.84
3323	99.85
3322	99.84
3321	99.84
3320	99.84
3319	99.83
3318	99.83
3317	99.83
3316	99.82
3315	99.82
3314	99.82
3313	99.82
3312	99.82
3311	99.82
3310	99.83
3309	99.83
3308	99.84
3307	99.84
3306	99.84
3305	99.84
3304	99.85
3303	99.85
3302	99.86
3301	99.86
3300	99.85
3299	99.85
3298	99.84
3297	99.83
3296	99.82
3295	99.81
3294	99.81
3293	99.81
3292	99.81
3291	99.82
3290	99.82
3289	99.81
3288	99.81
3287	99.81
3286	99.81
3285	99.8
3284	99.79
3283	99.79
3282	99.79
3281	99.8
3280	99.8
3279	99.8
3278	99.8
3277	99.8
3276	99.8
3275	99.8
3274	99.8
3273	99.81
3272	99.82
3271	99.82
3270	99.83
3269	99.82
3268	99.82
3267	99.81
3266	99.81
3265	99.81
3264	99.82
3263	99.82
3262	99.82
3261	99.82
3260	99.81
3259	99.79
3258	99.79
3257	99.79
3256	99.79
3255	99.79
3254	99.79
3253	99.78
3252	99.77
3251	99.76
3250	99.76
3249	99.76
3248	99.77
3247	99.78
3246	99.79
3245	99.81
3244	99.81
3243	99.81
3242	99.79
3241	99.78
3240	99.78
3239	99.78
3238	99.79
3237	99.79
3236	99.8
3235	99.8
3234	99.8
3233	99.8
3232	99.8
3231	99.8
3230	99.8
3229	99.79
3228	99.79
3227	99.79
3226	99.79
3225	99.79
3224	99.8
3223	99.8
3222	99.81
3221	99.81
3220	99.81
3219	99.8
3218	99.8
3217	99.79
3216	99.79
3215	99.79
3214	99.79
3213	99.78
3212	99.78
3211	99.78
3210	99.78
3209	99.77
3208	99.77
3207	99.76
3206	99.76
3205	99.75
3204	99.75
3203	99.76
3202	99.77
3201	99.77
3200	99.77
3199	99.77
3198	99.77
3197	99.76
3196	99.76
3195	99.76
3194	99.76
3193	99.76
3192	99.76
3191	99.75
3190	99.75
3189	99.74
3188	99.73
3187	99.73
3186	99.73
3185	99.74
3184	99.74
3183	99.73
3182	99.73
3181	99.72
3180	99.71
3179	99.71
3178	99.71
3177	99.7
3176	99.69
3175	99.68
3174	99.68
3173	99.68
3172	99.68
3171	99.68
3170	99.68
3169	99.68
3168	99.68
3167	99.68
3166	99.68
3165	99.68
3164	99.68
3163	99.68
3162	99.68
3161	99.68
3160	99.67
3159	99.67
3158	99.67
3157	99.67
3156	99.66
3155	99.65
3154	99.64
3153	99.64
3152	99.63
3151	99.62
3150	99.62
3149	99.62
3148	99.63
3147	99.63
3146	99.64
3145	99.64
3144	99.64
3143	99.64
3142	99.63
3141	99.63
3140	99.63
3139	99.62
3138	99.62
3137	99.61
3136	99.6
3135	99.6
3134	99.6
3133	99.59
3132	99.59
3131	99.58
3130	99.56
3129	99.55
3128	99.55
3127	99.55
3126	99.55
3125	99.56
3124	99.56
3123	99.56
3122	99.56
3121	99.56
3120	99.56
3119	99.56
3118	99.55
3117	99.55
3116	99.53
3115	99.51
3114	99.49
3113	99.48
3112	99.47
3111	99.47
3110	99.47
3109	99.46
3108	99.44
3107	99.43
3106	99.43
3105	99.44
3104	99.44
3103	99.44
3102	99.44
3101	99.42
3100	99.41
3099	99.4
3098	99.4
3097	99.4
3096	99.39
3095	99.38
3094	99.37
3093	99.36
3092	99.35
3091	99.35
3090	99.34
3089	99.34
3088	99.33
3087	99.33
3086	99.33
3085	99.32
3084	99.31
3083	99.29
3082	99.28
3081	99.26
3080	99.25
3079	99.24
3078	99.24
3077	99.24
3076	99.23
3075	99.22
3074	99.2
3073	99.19
3072	99.18
3071	99.18
3070	99.18
3069	99.18
3068	99.17
3067	99.15
3066	99.14
3065	99.12
3064	99.1
3063	99.09
3062	99.07
3061	99.06
3060	99.05
3059	99.03
3058	99.03
3057	99.02
3056	99.01
3055	99.01
3054	99
3053	98.99
3052	98.98
3051	98.96
3050	98.96
3049	98.95
3048	98.95
3047	98.94
3046	98.92
3045	98.89
3044	98.87
3043	98.85
3042	98.83
3041	98.82
3040	98.8
3039	98.79
3038	98.77
3037	98.75
3036	98.72
3035	98.69
3034	98.66
3033	98.63
3032	98.6
3031	98.56
3030	98.52
3029	98.48
3028	98.44
3027	98.39
3026	98.33
3025	98.28
3024	98.22
3023	98.15
3022	98.08
3021	98.01
3020	97.93
3019	97.85
3018	97.76
3017	97.65
3016	97.53
3015	97.38
3014	97.21
3013	97.03
3012	96.83
3011	96.63
3010	96.4
3009	96.15
3008	95.88
3007	95.58
3006	95.27
3005	94.94
3004	94.58
3003	94.22
3002	93.86
3001	93.51
3000	93.16
2999	92.83
2998	92.53
2997	92.25
2996	92.03
2995	91.86
2994	91.75
2993	91.71
2992	91.74
2991	91.82
2990	91.94
2989	92.1
2988	92.29
2987	92.48
2986	92.68
2985	92.88
2984	93.07
2983	93.25
2982	93.41
2981	93.55
2980	93.66
2979	93.73
2978	93.77
2977	93.78
2976	93.76
2975	93.72
2974	93.64
2973	93.54
2972	93.39
2971	93.21
2970	92.98
2969	92.72
2968	92.43
2967	92.11
2966	91.74
2965	91.34
2964	90.9
2963	90.42
2962	89.91
2961	89.38
2960	88.83
2959	88.29
2958	87.75
2957	87.23
2956	86.74
2955	86.28
2954	85.86
2953	85.5
2952	85.19
2951	84.94
2950	84.74
2949	84.56
2948	84.41
2947	84.28
2946	84.15
2945	84.03
2944	83.9
2943	83.75
2942	83.57
2941	83.37
2940	83.15
2939	82.91
2938	82.69
2937	82.49
2936	82.33
2935	82.22
2934	82.17
2933	82.19
2932	82.28
2931	82.44
2930	82.65
2929	82.9
2928	83.19
2927	83.49
2926	83.8
2925	84.11
2924	84.4
2923	84.67
2922	84.92
2921	85.14
2920	85.34
2919	85.5
2918	85.63
2917	85.74
2916	85.83
2915	85.9
2914	85.95
2913	85.99
2912	86.02
2911	86.03
2910	86.02
2909	85.98
2908	85.92
2907	85.84
2906	85.74
2905	85.64
2904	85.54
2903	85.45
2902	85.38
2901	85.32
2900	85.28
2899	85.27
2898	85.27
2897	85.3
2896	85.33
2895	85.37
2894	85.4
2893	85.43
2892	85.45
2891	85.46
2890	85.46
2889	85.43
2888	85.4
2887	85.36
2886	85.33
2885	85.34
2884	85.4
2883	85.54
2882	85.78
2881	86.11
2880	86.53
2879	87.02
2878	87.58
2877	88.18
2876	88.8
2875	89.43
2874	90.05
2873	90.65
2872	91.21
2871	91.72
2870	92.18
2869	92.58
2868	92.95
2867	93.28
2866	93.58
2865	93.85
2864	94.08
2863	94.28
2862	94.44
2861	94.57
2860	94.67
2859	94.74
2858	94.77
2857	94.78
2856	94.74
2855	94.67
2854	94.57
2853	94.43
2852	94.25
2851	94.02
2850	93.75
2849	93.41
2848	93.02
2847	92.58
2846	92.11
2845	91.62
2844	91.15
2843	90.73
2842	90.38
2841	90.14
2840	89.99
2839	89.95
2838	89.97
2837	90.04
2836	90.1
2835	90.14
2834	90.1
2833	89.98
2832	89.75
2831	89.41
2830	88.96
2829	88.41
2828	87.81
2827	87.19
2826	86.65
2825	86.26
2824	86.11
2823	86.24
2822	86.67
2821	87.36
2820	88.23
2819	89.2
2818	90.19
2817	91.15
2816	92.04
2815	92.83
2814	93.51
2813	94.11
2812	94.63
2811	95.08
2810	95.47
2809	95.81
2808	96.1
2807	96.35
2806	96.56
2805	96.74
2804	96.91
2803	97.05
2802	97.17
2801	97.27
2800	97.35
2799	97.41
2798	97.47
2797	97.51
2796	97.55
2795	97.58
2794	97.6
2793	97.61
2792	97.6
2791	97.59
2790	97.55
2789	97.5
2788	97.43
2787	97.35
2786	97.27
2785	97.17
2784	97.07
2783	96.96
2782	96.83
2781	96.7
2780	96.56
2779	96.43
2778	96.32
2777	96.23
2776	96.17
2775	96.14
2774	96.15
2773	96.19
2772	96.26
2771	96.36
2770	96.48
2769	96.62
2768	96.76
2767	96.91
2766	97.05
2765	97.18
2764	97.31
2763	97.44
2762	97.56
2761	97.67
2760	97.78
2759	97.89
2758	97.99
2757	98.09
2756	98.18
2755	98.26
2754	98.33
2753	98.4
2752	98.47
2751	98.52
2750	98.58
2749	98.63
2748	98.68
2747	98.73
2746	98.78
2745	98.81
2744	98.85
2743	98.87
2742	98.9
2741	98.93
2740	98.97
2739	99
2738	99.02
2737	99.05
2736	99.07
2735	99.09
2734	99.12
2733	99.14
2732	99.15
2731	99.16
2730	99.17
2729	99.19
2728	99.2
2727	99.21
2726	99.23
2725	99.24
2724	99.26
2723	99.27
2722	99.27
2721	99.28
2720	99.28
2719	99.28
2718	99.28
2717	99.29
2716	99.3
2715	99.31
2714	99.31
2713	99.31
2712	99.31
2711	99.31
2710	99.32
2709	99.32
2708	99.32
2707	99.32
2706	99.32
2705	99.32
2704	99.32
2703	99.31
2702	99.31
2701	99.31
2700	99.31
2699	99.3
2698	99.29
2697	99.28
2696	99.28
2695	99.27
2694	99.27
2693	99.26
2692	99.26
2691	99.25
2690	99.24
2689	99.23
2688	99.23
2687	99.24
2686	99.24
2685	99.23
2684	99.23
2683	99.23
2682	99.24
2681	99.26
2680	99.28
2679	99.29
2678	99.3
2677	99.3
2676	99.3
2675	99.3
2674	99.32
2673	99.33
2672	99.35
2671	99.35
2670	99.36
2669	99.37
2668	99.38
2667	99.38
2666	99.38
2665	99.37
2664	99.36
2663	99.34
2662	99.33
2661	99.33
2660	99.32
2659	99.33
2658	99.33
2657	99.34
2656	99.34
2655	99.34
2654	99.34
2653	99.33
2652	99.32
2651	99.32
2650	99.32
2649	99.33
2648	99.34
2647	99.35
2646	99.36
2645	99.36
2644	99.36
2643	99.36
2642	99.35
2641	99.35
2640	99.35
2639	99.35
2638	99.36
2637	99.36
2636	99.37
2635	99.37
2634	99.36
2633	99.36
2632	99.36
2631	99.35
2630	99.36
2629	99.36
2628	99.36
2627	99.37
2626	99.37
2625	99.38
2624	99.38
2623	99.38
2622	99.37
2621	99.36
2620	99.36
2619	99.35
2618	99.34
2617	99.33
2616	99.31
2615	99.3
2614	99.3
2613	99.31
2612	99.32
2611	99.33
2610	99.34
2609	99.35
2608	99.36
2607	99.37
2606	99.37
2605	99.36
2604	99.34
2603	99.33
2602	99.32
2601	99.31
2600	99.31
2599	99.3
2598	99.3
2597	99.31
2596	99.32
2595	99.33
2594	99.35
2593	99.36
2592	99.37
2591	99.37
2590	99.37
2589	99.37
2588	99.38
2587	99.39
2586	99.4
2585	99.41
2584	99.41
2583	99.41
2582	99.42
2581	99.42
2580	99.42
2579	99.42
2578	99.43
2577	99.44
2576	99.46
2575	99.47
2574	99.48
2573	99.48
2572	99.49
2571	99.49
2570	99.48
2569	99.47
2568	99.47
2567	99.47
2566	99.47
2565	99.49
2564	99.5
2563	99.5
2562	99.51
2561	99.52
2560	99.53
2559	99.53
2558	99.52
2557	99.51
2556	99.5
2555	99.5
2554	99.5
2553	99.52
2552	99.53
2551	99.54
2550	99.55
2549	99.56
2548	99.56
2547	99.56
2546	99.56
2545	99.56
2544	99.56
2543	99.57
2542	99.57
2541	99.57
2540	99.57
2539	99.57
2538	99.57
2537	99.58
2536	99.59
2535	99.59
2534	99.59
2533	99.58
2532	99.59
2531	99.6
2530	99.61
2529	99.61
2528	99.6
2527	99.58
2526	99.58
2525	99.59
2524	99.61
2523	99.63
2522	99.63
2521	99.63
2520	99.62
2519	99.6
2518	99.58
2517	99.56
2516	99.56
2515	99.57
2514	99.58
2513	99.59
2512	99.59
2511	99.58
2510	99.57
2509	99.56
2508	99.56
2507	99.56
2506	99.57
2505	99.58
2504	99.58
2503	99.57
2502	99.55
2501	99.54
2500	99.54
2499	99.54
2498	99.55
2497	99.56
2496	99.57
2495	99.58
2494	99.58
2493	99.59
2492	99.59
2491	99.6
2490	99.61
2489	99.61
2488	99.61
2487	99.6
2486	99.6
2485	99.6
2484	99.6
2483	99.61
2482	99.61
2481	99.6
2480	99.6
2479	99.6
2478	99.6
2477	99.6
2476	99.61
2475	99.61
2474	99.61
2473	99.61
2472	99.6
2471	99.6
2470	99.61
2469	99.61
2468	99.62
2467	99.61
2466	99.61
2465	99.6
2464	99.59
2463	99.59
2462	99.58
2461	99.57
2460	99.56
2459	99.56
2458	99.56
2457	99.56
2456	99.56
2455	99.56
2454	99.56
2453	99.57
2452	99.57
2451	99.58
2450	99.59
2449	99.6
2448	99.61
2447	99.61
2446	99.59
2445	99.58
2444	99.57
2443	99.57
2442	99.57
2441	99.58
2440	99.59
2439	99.61
2438	99.62
2437	99.63
2436	99.64
2435	99.64
2434	99.64
2433	99.63
2432	99.61
2431	99.58
2430	99.56
2429	99.54
2428	99.54
2427	99.55
2426	99.57
2425	99.57
2424	99.56
2423	99.56
2422	99.56
2421	99.56
2420	99.56
2419	99.56
2418	99.56
2417	99.56
2416	99.56
2415	99.57
2414	99.57
2413	99.57
2412	99.56
2411	99.55
2410	99.55
2409	99.57
2408	99.59
2407	99.61
2406	99.62
2405	99.62
2404	99.61
2403	99.62
2402	99.63
2401	99.63
2400	99.63
2399	99.62
2398	99.61
2397	99.59
2396	99.57
2395	99.57
2394	99.57
2393	99.58
2392	99.59
2391	99.58
2390	99.57
2389	99.54
2388	99.53
2387	99.51
2386	99.5
2385	99.49
2384	99.48
2383	99.47
2382	99.48
2381	99.49
2380	99.5
2379	99.51
2378	99.51
2377	99.5
2376	99.48
2375	99.46
2374	99.44
2373	99.43
2372	99.41
2371	99.41
2370	99.42
2369	99.42
2368	99.42
2367	99.41
2366	99.4
2365	99.39
2364	99.4
2363	99.4
2362	99.41
2361	99.4
2360	99.37
2359	99.34
2358	99.31
2357	99.3
2356	99.29
2355	99.3
2354	99.32
2353	99.34
2352	99.35
2351	99.35
2350	99.34
2349	99.34
2348	99.35
2347	99.36
2346	99.36
2345	99.36
2344	99.35
2343	99.33
2342	99.3
2341	99.29
2340	99.28
2339	99.28
2338	99.29
2337	99.31
2336	99.32
2335	99.33
2334	99.33
2333	99.34
2332	99.33
2331	99.33
2330	99.32
2329	99.31
2328	99.29
2327	99.26
2326	99.22
2325	99.19
2324	99.17
2323	99.17
2322	99.2
2321	99.23
2320	99.26
2319	99.28
2318	99.31
2317	99.33
2316	99.35
2315	99.37
2314	99.37
2313	99.39
2312	99.4
2311	99.41
2310	99.4
2309	99.39
2308	99.38
2307	99.38
2306	99.38
2305	99.4
2304	99.41
2303	99.43
2302	99.43
2301	99.42
2300	99.41
2299	99.41
2298	99.42
2297	99.42
2296	99.41
2295	99.4
2294	99.4
2293	99.41
2292	99.43
2291	99.44
2290	99.45
2289	99.45
2288	99.46
2287	99.46
2286	99.47
2285	99.48
2284	99.5
2283	99.54
2282	99.56
2281	99.56
2280	99.55
2279	99.54
2278	99.53
2277	99.54
2276	99.57
2275	99.6
2274	99.63
2273	99.63
2272	99.62
2271	99.6
2270	99.59
2269	99.6
2268	99.61
2267	99.62
2266	99.64
2265	99.64
2264	99.64
2263	99.64
2262	99.65
2261	99.64
2260	99.62
2259	99.59
2258	99.56
2257	99.54
2256	99.53
2255	99.54
2254	99.56
2253	99.59
2252	99.62
2251	99.65
2250	99.67
2249	99.67
2248	99.66
2247	99.64
2246	99.64
2245	99.66
2244	99.67
2243	99.69
2242	99.7
2241	99.69
2240	99.67
2239	99.62
2238	99.58
2237	99.56
2236	99.57
2235	99.58
2234	99.59
2233	99.59
2232	99.58
2231	99.57
2230	99.58
2229	99.58
2228	99.59
2227	99.6
2226	99.6
2225	99.6
2224	99.59
2223	99.61
2222	99.64
2221	99.67
2220	99.7
2219	99.73
2218	99.74
2217	99.75
2216	99.75
2215	99.76
2214	99.76
2213	99.77
2212	99.78
2211	99.8
2210	99.83
2209	99.88
2208	99.95
2207	100
2206	100.01
2205	99.97
2204	99.91
2203	99.85
2202	99.82
2201	99.83
2200	99.84
2199	99.84
2198	99.83
2197	99.82
2196	99.82
2195	99.83
2194	99.83
2193	99.83
2192	99.85
2191	99.88
2190	99.88
2189	99.85
2188	99.81
2187	99.78
2186	99.78
2185	99.76
2184	99.72
2183	99.69
2182	99.68
2181	99.68
2180	99.68
2179	99.66
2178	99.63
2177	99.62
2176	99.65
2175	99.73
2174	99.82
2173	99.88
2172	99.87
2171	99.83
2170	99.79
2169	99.76
2168	99.77
2167	99.79
2166	99.79
2165	99.75
2164	99.7
2163	99.66
2162	99.65
2161	99.69
2160	99.77
2159	99.89
2158	99.98
2157	100.02
2156	100.02
2155	99.99
2154	99.95
2153	99.86
2152	99.73
2151	99.62
2150	99.59
2149	99.63
2148	99.71
2147	99.77
2146	99.78
2145	99.75
2144	99.7
2143	99.68
2142	99.69
2141	99.7
2140	99.7
2139	99.69
2138	99.69
2137	99.7
2136	99.72
2135	99.74
2134	99.77
2133	99.79
2132	99.78
2131	99.77
2130	99.74
2129	99.72
2128	99.69
2127	99.65
2126	99.61
2125	99.58
2124	99.59
2123	99.6
2122	99.6
2121	99.57
2120	99.53
2119	99.49
2118	99.45
2117	99.39
2116	99.33
2115	99.29
2114	99.27
2113	99.27
2112	99.28
2111	99.3
2110	99.34
2109	99.39
2108	99.44
2107	99.48
2106	99.51
2105	99.52
2104	99.54
2103	99.56
2102	99.57
2101	99.57
2100	99.55
2099	99.55
2098	99.58
2097	99.62
2096	99.68
2095	99.75
2094	99.8
2093	99.82
2092	99.81
2091	99.81
2090	99.82
2089	99.84
2088	99.87
2087	99.91
2086	99.93
2085	99.93
2084	99.92
2083	99.93
2082	99.95
2081	99.96
2080	99.96
2079	99.95
2078	99.93
2077	99.92
2076	99.91
2075	99.89
2074	99.89
2073	99.89
2072	99.9
2071	99.93
2070	99.95
2069	99.95
2068	99.92
2067	99.87
2066	99.84
2065	99.83
2064	99.84
2063	99.86
2062	99.86
2061	99.82
2060	99.74
2059	99.66
2058	99.6
2057	99.57
2056	99.55
2055	99.51
2054	99.46
2053	99.39
2052	99.33
2051	99.31
2050	99.32
2049	99.34
2048	99.34
2047	99.35
2046	99.37
2045	99.39
2044	99.41
2043	99.41
2042	99.37
2041	99.27
2040	99.13
2039	98.99
2038	98.89
2037	98.82
2036	98.78
2035	98.78
2034	98.8
2033	98.83
2032	98.88
2031	98.93
2030	98.99
2029	99.03
2028	99.08
2027	99.16
2026	99.26
2025	99.37
2024	99.45
2023	99.5
2022	99.54
2021	99.57
2020	99.59
2019	99.6
2018	99.61
2017	99.62
2016	99.63
2015	99.65
2014	99.67
2013	99.69
2012	99.72
2011	99.76
2010	99.83
2009	99.91
2008	99.98
2007	99.99
2006	99.95
2005	99.9
2004	99.87
2003	99.89
2002	99.91
2001	99.9
2000	99.89
1999	99.88
1998	99.88
1997	99.86
1996	99.85
1995	99.83
1994	99.82
1993	99.8
1992	99.77
1991	99.76
1990	99.77
1989	99.78
1988	99.77
1987	99.75
1986	99.73
1985	99.7
1984	99.68
1983	99.67
1982	99.66
1981	99.65
1980	99.63
1979	99.63
1978	99.62
1977	99.58
1976	99.5
1975	99.46
1974	99.48
1973	99.56
1972	99.63
1971	99.64
1970	99.6
1969	99.52
1968	99.45
1967	99.39
1966	99.34
1965	99.27
1964	99.19
1963	99.14
1962	99.13
1961	99.13
1960	99.11
1959	99.09
1958	99.06
1957	99.04
1956	99.01
1955	98.96
1954	98.92
1953	98.92
1952	98.95
1951	98.99
1950	99
1949	98.97
1948	98.94
1947	98.96
1946	99.01
1945	99.08
1944	99.16
1943	99.25
1942	99.33
1941	99.38
1940	99.39
1939	99.39
1938	99.41
1937	99.43
1936	99.47
1935	99.51
1934	99.57
1933	99.64
1932	99.69
1931	99.74
1930	99.76
1929	99.78
1928	99.79
1927	99.8
1926	99.8
1925	99.8
1924	99.8
1923	99.82
1922	99.83
1921	99.8
1920	99.76
1919	99.73
1918	99.73
1917	99.75
1916	99.78
1915	99.81
1914	99.81
1913	99.81
1912	99.8
1911	99.79
1910	99.79
1909	99.78
1908	99.78
1907	99.77
1906	99.76
1905	99.77
1904	99.78
1903	99.8
1902	99.82
1901	99.83
1900	99.82
1899	99.81
1898	99.81
1897	99.8
1896	99.8
1895	99.81
1894	99.82
1893	99.82
1892	99.81
1891	99.81
1890	99.81
1889	99.82
1888	99.82
1887	99.82
1886	99.81
1885	99.81
1884	99.82
1883	99.83
1882	99.83
1881	99.84
1880	99.85
1879	99.85
1878	99.86
1877	99.85
1876	99.83
1875	99.82
1874	99.81
1873	99.81
1872	99.82
1871	99.83
1870	99.83
1869	99.84
1868	99.85
1867	99.87
1866	99.89
1865	99.89
1864	99.89
1863	99.88
1862	99.88
1861	99.88
1860	99.88
1859	99.89
1858	99.92
1857	99.95
1856	99.97
1855	99.99
1854	99.98
1853	99.96
1852	99.93
1851	99.92
1850	99.93
1849	99.95
1848	99.95
1847	99.96
1846	99.97
1845	99.98
1844	99.96
1843	99.92
1842	99.87
1841	99.82
1840	99.79
1839	99.78
1838	99.77
1837	99.75
1836	99.71
1835	99.69
1834	99.68
1833	99.67
1832	99.67
1831	99.67
1830	99.68
1829	99.68
1828	99.68
1827	99.68
1826	99.7
1825	99.72
1824	99.73
1823	99.74
1822	99.75
1821	99.76
1820	99.77
1819	99.78
1818	99.8
1817	99.8
1816	99.79
1815	99.78
1814	99.77
1813	99.77
1812	99.77
1811	99.76
1810	99.76
1809	99.75
1808	99.73
1807	99.72
1806	99.72
1805	99.71
1804	99.71
1803	99.71
1802	99.71
1801	99.7
1800	99.69
1799	99.69
1798	99.7
1797	99.71
1796	99.72
1795	99.73
1794	99.73
1793	99.72
1792	99.71
1791	99.7
1790	99.71
1789	99.71
1788	99.71
1787	99.71
1786	99.71
1785	99.7
1784	99.7
1783	99.7
1782	99.71
1781	99.72
1780	99.72
1779	99.73
1778	99.73
1777	99.73
1776	99.72
1775	99.7
1774	99.69
1773	99.69
1772	99.69
1771	99.7
1770	99.71
1769	99.71
1768	99.71
1767	99.71
1766	99.7
1765	99.7
1764	99.7
1763	99.7
1762	99.7
1761	99.7
1760	99.69
1759	99.68
1758	99.68
1757	99.69
1756	99.68
1755	99.66
1754	99.65
1753	99.65
1752	99.65
1751	99.65
1750	99.65
1749	99.63
1748	99.62
1747	99.6
1746	99.59
1745	99.58
1744	99.57
1743	99.56
1742	99.55
1741	99.54
1740	99.53
1739	99.51
1738	99.49
1737	99.49
1736	99.49
1735	99.51
1734	99.53
1733	99.55
1732	99.56
1731	99.56
1730	99.57
1729	99.58
1728	99.58
1727	99.59
1726	99.61
1725	99.63
1724	99.65
1723	99.66
1722	99.66
1721	99.65
1720	99.65
1719	99.65
1718	99.65
1717	99.64
1716	99.64
1715	99.64
1714	99.65
1713	99.67
1712	99.68
1711	99.7
1710	99.7
1709	99.7
1708	99.7
1707	99.71
1706	99.72
1705	99.72
1704	99.72
1703	99.72
1702	99.73
1701	99.75
1700	99.76
1699	99.76
1698	99.75
1697	99.75
1696	99.76
1695	99.77
1694	99.77
1693	99.76
1692	99.76
1691	99.76
1690	99.77
1689	99.78
1688	99.78
1687	99.78
1686	99.77
1685	99.77
1684	99.77
1683	99.77
1682	99.78
1681	99.79
1680	99.8
1679	99.8
1678	99.8
1677	99.78
1676	99.77
1675	99.77
1674	99.77
1673	99.76
1672	99.76
1671	99.75
1670	99.75
1669	99.75
1668	99.75
1667	99.75
1666	99.74
1665	99.74
1664	99.72
1663	99.71
1662	99.71
1661	99.7
1660	99.7
1659	99.69
1658	99.67
1657	99.65
1656	99.62
1655	99.61
1654	99.61
1653	99.61
1652	99.59
1651	99.57
1650	99.55
1649	99.52
1648	99.5
1647	99.48
1646	99.46
1645	99.44
1644	99.42
1643	99.41
1642	99.4
1641	99.4
1640	99.38
1639	99.38
1638	99.38
1637	99.4
1636	99.43
1635	99.46
1634	99.47
1633	99.47
1632	99.47
1631	99.47
1630	99.47
1629	99.48
1628	99.49
1627	99.5
1626	99.5
1625	99.51
1624	99.53
1623	99.54
1622	99.56
1621	99.56
1620	99.56
1619	99.56
1618	99.58
1617	99.59
1616	99.6
1615	99.61
1614	99.61
1613	99.61
1612	99.61
1611	99.6
1610	99.6
1609	99.6
1608	99.6
1607	99.6
1606	99.6
1605	99.59
1604	99.59
1603	99.58
1602	99.58
1601	99.57
1600	99.57
1599	99.56
1598	99.57
1597	99.57
1596	99.56
1595	99.56
1594	99.56
1593	99.56
1592	99.56
1591	99.56
1590	99.56
1589	99.56
1588	99.55
1587	99.55
1586	99.55
1585	99.54
1584	99.53
1583	99.52
1582	99.52
1581	99.51
1580	99.51
1579	99.51
1578	99.51
1577	99.5
1576	99.5
1575	99.5
1574	99.51
1573	99.51
1572	99.5
1571	99.5
1570	99.5
1569	99.51
1568	99.5
1567	99.5
1566	99.5
1565	99.5
1564	99.49
1563	99.5
1562	99.51
1561	99.52
1560	99.51
1559	99.5
1558	99.5
1557	99.5
1556	99.51
1555	99.53
1554	99.54
1553	99.54
1552	99.52
1551	99.51
1550	99.51
1549	99.51
1548	99.5
1547	99.5
1546	99.5
1545	99.51
1544	99.51
1543	99.52
1542	99.52
1541	99.52
1540	99.5
1539	99.49
1538	99.48
1537	99.47
1536	99.45
1535	99.45
1534	99.44
1533	99.44
1532	99.43
1531	99.42
1530	99.41
1529	99.39
1528	99.36
1527	99.34
1526	99.33
1525	99.32
1524	99.3
1523	99.29
1522	99.28
1521	99.27
1520	99.24
1519	99.22
1518	99.21
1517	99.18
1516	99.16
1515	99.14
1514	99.13
1513	99.11
1512	99.08
1511	99.05
1510	99.03
1509	99.01
1508	98.98
1507	98.96
1506	98.94
1505	98.89
1504	98.85
1503	98.81
1502	98.76
1501	98.71
1500	98.64
1499	98.57
1498	98.5
1497	98.41
1496	98.29
1495	98.18
1494	98.07
1493	97.95
1492	97.81
1491	97.65
1490	97.46
1489	97.26
1488	97.03
1487	96.8
1486	96.56
1485	96.28
1484	95.98
1483	95.66
1482	95.29
1481	94.88
1480	94.46
1479	94.07
1478	93.69
1477	93.34
1476	93.02
1475	92.75
1474	92.53
1473	92.29
1472	92.04
1471	91.82
1470	91.63
1469	91.48
1468	91.35
1467	91.28
1466	91.27
1465	91.33
1464	91.45
1463	91.57
1462	91.66
1461	91.69
1460	91.67
1459	91.56
1458	91.29
1457	90.8
1456	90.2
1455	89.59
1454	88.94
1453	88.18
1452	87.3
1451	86.38
1450	85.53
1449	84.89
1448	84.63
1447	84.92
1446	85.7
1445	86.84
1444	88.18
1443	89.59
1442	90.89
1441	92
1440	92.9
1439	93.64
1438	94.31
1437	94.98
1436	95.6
1435	96.07
1434	96.41
1433	96.7
1432	96.97
1431	97.23
1430	97.44
1429	97.64
1428	97.8
1427	97.93
1426	98.04
1425	98.14
1424	98.26
1423	98.34
1422	98.4
1421	98.45
1420	98.51
1419	98.55
1418	98.58
1417	98.61
1416	98.62
1415	98.6
1414	98.56
1413	98.5
1412	98.41
1411	98.28
1410	98.1
1409	97.86
1408	97.58
1407	97.22
1406	96.8
1405	96.29
1404	95.72
1403	95.12
1402	94.52
1401	93.96
1400	93.53
1399	93.38
1398	93.56
1397	94.03
1396	94.72
1395	95.53
1394	96.31
1393	96.94
1392	97.39
1391	97.74
1390	98.01
1389	98.25
1388	98.47
1387	98.65
1386	98.78
1385	98.87
1384	98.95
1383	99.03
1382	99.09
1381	99.15
1380	99.19
1379	99.24
1378	99.27
1377	99.3
1376	99.32
1375	99.34
1374	99.35
1373	99.37
1372	99.39
1371	99.4
1370	99.42
1369	99.44
1368	99.46
1367	99.47
1366	99.47
1365	99.47
1364	99.49
1363	99.52
1362	99.56
1361	99.6
1360	99.63
1359	99.65
1358	99.66
1357	99.67
1356	99.69
1355	99.72
1354	99.74
1353	99.76
1352	99.77
1351	99.78
1350	99.79
1349	99.81
1348	99.83
1347	99.85
1346	99.87
1345	99.88
1344	99.89
1343	99.9
1342	99.9
1341	99.9
1340	99.92
1339	99.92
1338	99.92
1337	99.91
1336	99.91
1335	99.92
1334	99.92
1333	99.92
1332	99.93
1331	99.93
1330	99.94
1329	99.95
1328	99.96
1327	99.96
1326	99.96
1325	99.95
1324	99.95
1323	99.94
1322	99.93
1321	99.92
1320	99.9
1319	99.89
1318	99.86
1317	99.83
1316	99.8
1315	99.75
1314	99.7
1313	99.65
1312	99.6
1311	99.55
1310	99.5
1309	99.46
1308	99.44
1307	99.44
1306	99.47
1305	99.52
1304	99.57
1303	99.63
1302	99.68
1301	99.72
1300	99.77
1299	99.8
1298	99.82
1297	99.83
1296	99.85
1295	99.86
1294	99.86
1293	99.86
1292	99.86
1291	99.86
1290	99.86
1289	99.86
1288	99.86
1287	99.85
1286	99.84
1285	99.83
1284	99.83
1283	99.84
1282	99.85
1281	99.86
1280	99.87
1279	99.87
1278	99.87
1277	99.87
1276	99.87
1275	99.87
1274	99.86
1273	99.85
1272	99.84
1271	99.82
1270	99.8
1269	99.77
1268	99.75
1267	99.73
1266	99.71
1265	99.69
1264	99.66
1263	99.62
1262	99.58
1261	99.53
1260	99.48
1259	99.43
1258	99.37
1257	99.31
1256	99.25
1255	99.18
1254	99.09
1253	98.98
1252	98.86
1251	98.73
1250	98.58
1249	98.41
1248	98.22
1247	98.01
1246	97.77
1245	97.49
1244	97.16
1243	96.77
1242	96.3
1241	95.74
1240	95.06
1239	94.27
1238	93.37
1237	92.38
1236	91.34
1235	90.35
1234	89.5
1233	88.89
1232	88.57
1231	88.55
1230	88.81
1229	89.26
1228	89.82
1227	90.43
1226	91.03
1225	91.57
1224	92.04
1223	92.42
1222	92.73
1221	92.96
1220	93.13
1219	93.26
1218	93.35
1217	93.43
1216	93.5
1215	93.55
1214	93.59
1213	93.6
1212	93.58
1211	93.54
1210	93.46
1209	93.35
1208	93.21
1207	93.03
1206	92.83
1205	92.59
1204	92.32
1203	92.02
1202	91.67
1201	91.26
1200	90.81
1199	90.3
1198	89.71
1197	89.02
1196	88.2
1195	87.27
1194	86.26
1193	85.23
1192	84.25
1191	83.45
1190	82.93
1189	82.75
1188	82.94
1187	83.48
1186	84.28
1185	85.19
1184	86.11
1183	86.97
1182	87.72
1181	88.33
1180	88.8
1179	89.14
1178	89.34
1177	89.42
1176	89.39
1175	89.26
1174	89.06
1173	88.81
1172	88.56
1171	88.33
1170	88.15
1169	88.03
1168	87.95
1167	87.92
1166	87.9
1165	87.86
1164	87.75
1163	87.56
1162	87.3
1161	86.95
1160	86.52
1159	86.03
1158	85.49
1157	84.92
1156	84.31
1155	83.68
1154	82.97
1153	82.14
1152	81.13
1151	79.9
1150	78.41
1149	76.57
1148	74.33
1147	71.65
1146	68.49
1145	64.8
1144	60.59
1143	55.94
1142	51.01
1141	46.04
1140	41.42
1139	37.62
1138	35.08
1137	34.04
1136	34.58
1135	36.6
1134	39.77
1133	43.63
1132	47.79
1131	51.93
1130	55.79
1129	59.22
1128	62.15
1127	64.55
1126	66.45
1125	67.84
1124	68.75
1123	69.2
1122	69.2
1121	68.75
1120	67.85
1119	66.52
1118	64.77
1117	62.6
1116	60.03
1115	57.16
1114	54.13
1113	51.09
1112	48.28
1111	45.93
1110	44.26
1109	43.36
1108	43.28
1107	44.02
1106	45.49
1105	47.51
1104	49.9
1103	52.54
1102	55.27
1101	57.94
1100	60.46
1099	62.82
1098	64.97
1097	66.9
1096	68.62
1095	70.15
1094	71.48
1093	72.59
1092	73.47
1091	74.16
1090	74.67
1089	75.02
1088	75.25
1087	75.42
1086	75.57
1085	75.75
1084	75.98
1083	76.29
1082	76.68
1081	77.15
1080	77.66
1079	78.22
1078	78.78
1077	79.3
1076	79.78
1075	80.22
1074	80.62
1073	80.95
1072	81.23
1071	81.46
1070	81.63
1069	81.72
1068	81.72
1067	81.63
1066	81.44
1065	81.12
1064	80.67
1063	80.09
1062	79.35
1061	78.46
1060	77.41
1059	76.2
1058	74.81
1057	73.22
1056	71.4
1055	69.35
1054	67.06
1053	64.46
1052	61.54
1051	58.33
1050	54.84
1049	51.08
1048	47.12
1047	43.05
1046	38.98
1045	34.96
1044	31.1
1043	27.57
1042	24.52
1041	22.04
1040	20.2
1039	19.08
1038	18.71
1037	19.03
1036	20.02
1035	21.64
1034	23.82
1033	26.43
1032	29.37
1031	32.6
1030	36.02
1029	39.54
1028	43.09
1027	46.63
1026	50.09
1025	53.4
1024	56.54
1023	59.51
1022	62.31
1021	64.92
1020	67.35
1019	69.61
1018	71.71
1017	73.65
1016	75.43
1015	77.09
1014	78.63
1013	80.06
1012	81.35
1011	82.53
1010	83.61
1009	84.6
1008	85.52
1007	86.38
1006	87.16
1005	87.87
1004	88.53
1003	89.14
1002	89.7
1001	90.21
1000	90.68
999	91.11
998	91.53
997	91.91
996	92.26
995	92.58
994	92.87
993	93.14
992	93.39
991	93.63
990	93.85
989	94.05
988	94.22
987	94.37
986	94.49
985	94.58
984	94.64
983	94.68
982	94.71
981	94.72
980	94.7
979	94.67
978	94.6
977	94.51
976	94.38
975	94.21
974	94.01
973	93.78
972	93.52
971	93.25
970	92.97
969	92.7
968	92.45
967	92.24
966	92.1
965	92.03
964	92.01
963	92.03
962	92.09
961	92.18
960	92.3
959	92.42
958	92.54
957	92.64
956	92.69
955	92.7
954	92.67
953	92.58
952	92.44
951	92.25
950	91.99
949	91.67
948	91.29
947	90.86
946	90.37
945	89.83
944	89.24
943	88.61
942	87.92
941	87.16
940	86.28
939	85.24
938	83.96
937	82.38
936	80.43
935	78.02
934	75.06
933	71.46
932	67.14
931	62.11
930	56.47
929	50.44
928	44.42
927	38.93
926	34.45
925	31.32
924	29.73
923	29.69
922	31.07
921	33.53
920	36.74
919	40.34
918	44
917	47.51
916	50.76
915	53.79
914	56.68
913	59.5
912	62.3
911	65.11
910	67.89
909	70.55
908	73.04
907	75.35
906	77.46
905	79.38
904	81.12
903	82.7
902	84.14
901	85.44
900	86.63
899	87.7
898	88.66
897	89.53
896	90.32
895	91.03
894	91.67
893	92.24
892	92.74
891	93.2
890	93.63
889	94.02
888	94.38
887	94.71
886	95.02
885	95.31
884	95.59
883	95.85
882	96.1
881	96.31
880	96.5
879	96.65
878	96.78
877	96.92
876	97.05
875	97.17
874	97.3
873	97.43
872	97.56
871	97.69
870	97.81
869	97.92
868	98.03
867	98.12
866	98.21
865	98.31
864	98.4
863	98.48
862	98.53
861	98.57
860	98.61
859	98.68
858	98.76
857	98.84
856	98.92
855	99
854	99.08
853	99.13
852	99.15
851	99.17
850	99.18
849	99.19
848	99.22
847	99.26
846	99.29
845	99.31
844	99.31
843	99.31
842	99.32
841	99.33
840	99.33
839	99.34
838	99.35
837	99.37
836	99.38
835	99.36
834	99.33
833	99.33
832	99.36
831	99.42
830	99.47
829	99.51
828	99.53
827	99.51
826	99.49
825	99.48
824	99.48
823	99.49
822	99.51
821	99.52
820	99.53
819	99.53
818	99.53
817	99.53
816	99.55
815	99.58
814	99.61
813	99.61
812	99.6
811	99.58
810	99.57
809	99.57
808	99.57
807	99.57
806	99.57
805	99.57
804	99.57
803	99.57
802	99.56
801	99.54
800	99.53
799	99.54
798	99.57
797	99.61
796	99.64
795	99.65
794	99.65
793	99.64
792	99.65
791	99.65
790	99.66
789	99.66
788	99.66
787	99.67
786	99.69
785	99.71
784	99.71
783	99.71
782	99.7
781	99.7
780	99.72
779	99.75
778	99.76
777	99.78
776	99.8
775	99.81
774	99.81
773	99.81
772	99.81
771	99.82
770	99.83
769	99.83
768	99.83
767	99.85
766	99.86
765	99.87
764	99.86
763	99.86
762	99.85
761	99.85
760	99.87
759	99.89
758	99.89
757	99.86
756	99.82
755	99.78
754	99.77
753	99.77
752	99.79
751	99.82
750	99.83
749	99.84
748	99.84
747	99.86
746	99.89
745	99.91
744	99.92
743	99.92
742	99.91
741	99.9
740	99.88
739	99.88
738	99.89
737	99.89
736	99.87
735	99.86
734	99.87
733	99.89
732	99.9
731	99.9
730	99.89
729	99.88
728	99.87
727	99.86
726	99.85
725	99.85
724	99.87
723	99.89
722	99.89
721	99.87
720	99.85
719	99.85
718	99.87
717	99.9
716	99.91
715	99.92
714	99.92
713	99.91
712	99.89
711	99.89
710	99.89
709	99.89
708	99.88
707	99.87
706	99.85
705	99.86
704	99.86
703	99.87
702	99.86
701	99.85
700	99.84
699	99.83
698	99.83
697	99.82
696	99.83
695	99.84
694	99.85
693	99.86
692	99.87
691	99.86
690	99.87
689	99.88
688	99.89
687	99.91
686	99.91
685	99.91
684	99.91
683	99.9
682	99.88
681	99.86
680	99.83
679	99.81
678	99.82
677	99.83
676	99.84
675	99.83
674	99.81
673	99.78
672	99.78
671	99.82
670	99.92
669	100.02
668	100.08
667	100.04
666	99.97
665	99.91
664	99.87
663	99.82
662	99.78
661	99.77
660	99.79
659	99.82
658	99.82
657	99.8
656	99.76
655	99.74
654	99.72
653	99.71
652	99.7
651	99.69
650	99.68
649	99.69
648	99.71
647	99.74
646	99.75
645	99.75
644	99.72
643	99.69
642	99.67
641	99.65
640	99.62
639	99.56
638	99.51
637	99.49
636	99.51
635	99.55
634	99.59
633	99.6
632	99.58
631	99.53
630	99.48
629	99.43
628	99.41
627	99.4
626	99.39
625	99.37
624	99.33
623	99.27
622	99.21
621	99.16
620	99.08
619	98.98
618	98.85
617	98.72
616	98.59
615	98.44
614	98.26
613	98.01
612	97.69
611	97.31
610	96.89
609	96.42
608	95.9
607	95.34
606	94.75
605	94.13
604	93.53
603	93.01
602	92.61
601	92.37
600	92.28
599	92.32
598	92.47
597	92.7
596	92.99
595	93.33
594	93.72
593	94.13
592	94.56
591	95
590	95.44
589	95.85
588	96.2
587	96.48
586	96.73
585	96.97
584	97.2
583	97.42
582	97.63
581	97.81
580	97.97
579	98.11
578	98.24
577	98.35
576	98.44
575	98.51
574	98.56
573	98.61
572	98.68
571	98.77
570	98.89
569	99
568	99.07
567	99.07
566	99.02
565	98.97
564	98.94
563	98.92
562	98.91
561	98.9
560	98.89
559	98.87
558	98.83
557	98.77
556	98.73
555	98.7
554	98.7
553	98.74
552	98.81
551	98.92
550	99.05
549	99.19
548	99.28
547	99.3
546	99.25
545	99.21
544	99.21
543	99.27
542	99.35
541	99.43
540	99.52
539	99.63
538	99.72
537	99.77
536	99.78
535	99.78
534	99.76
533	99.73
532	99.69
531	99.65
530	99.64
529	99.66
528	99.7
527	99.72
526	99.7
525	99.69
524	99.73
523	99.81
522	99.89
521	99.93
520	99.93
519	99.94
518	99.98
517	100.01
516	100.01
515	99.96
514	99.91
513	99.88
512	99.86
511	99.84
510	99.83
509	99.84
508	99.88
507	99.91
506	99.91
505	99.86
504	99.77
503	99.65
502	99.53
501	99.46
500	99.46
499	99.49
498	99.5
497	99.47
496	99.43
495	99.42
494	99.43
493	99.43
492	99.41
491	99.36
490	99.29
489	99.22
488	99.18
487	99.16
486	99.14
485	99.09
484	99.01
483	98.93
482	98.83
481	98.69
480	98.5
479	98.3
478	98.11
477	97.93
476	97.75
475	97.57
474	97.4
473	97.23
472	97.03
471	96.75
470	96.34
469	95.83
468	95.27
467	94.73
466	94.25
465	93.81
464	93.36
463	92.88
462	92.38
461	91.89
460	91.45
459	91.11
458	90.84
457	90.61
456	90.44
455	90.36
454	90.36
453	90.39
452	90.5
451	90.73
450	91.09
449	91.56
448	92.11
447	92.74
446	93.38
445	93.95
444	94.47
443	94.98
442	95.45
441	95.82
440	96.1
439	96.38
438	96.69
437	97.04
436	97.39
435	97.69
434	97.87
433	97.92
432	97.94
431	98.07
430	98.36
429	98.74
428	99.1
427	99.36
426	99.45
425	99.38
424	99.2
423	99.05
422	99.07
421	99.33
420	99.77
419	100.2
418	100.33
417	100.26
416	100.2
415	100.12
414	99.87
413	99.44
412	99.09
411	99.11
410	99.46
409	99.83
408	99.98
407	99.96
406	99.95
405	100.03
404	100.14
403	100.14
402	100
401	99.86
400	99.92