4000	101.42
3999	101.42
3998	101.42
3997	101.42
3996	101.42
3995	101.42
3994	101.42
3993	101.42
3992	101.42
3991	101.42
3990	101.43
3989	101.43
3988	101.42
3987	101.42
3986	101.42
3985	101.41
3984	101.41
3983	101.41
3982	101.42
3981	101.42
3980	101.42
3979	101.42
3978	101.42
3977	101.42
3976	101.42
3975	101.42
3974	101.42
3973	101.42
3972	101.42
3971	101.42
3970	101.42
3969	101.42
3968	101.42
3967	101.43
3966	101.42
3965	101.42
3964	101.42
3963	101.42
3962	101.42
3961	101.42
3960	101.42
3959	101.42
3958	101.42
3957	101.42
3956	101.42
3955	101.42
3954	101.42
3953	101.41
3952	101.41
3951	101.41
3950	101.4
3949	101.41
3948	101.41
3947	101.41
3946	101.4
3945	101.4
3944	101.4
3943	101.4
3942	101.41
3941	101.41
3940	101.41
3939	101.4
3938	101.4
3937	101.4
3936	101.4
3935	101.4
3934	101.39
3933	101.39
3932	101.39
3931	101.39
3930	101.39
3929	101.38
3928	101.37
3927	101.36
3926	101.36
3925	101.36
3924	101.36
3923	101.36
3922	101.35
3921	101.35
3920	101.34
3919	101.33
3918	101.33
3917	101.33
3916	101.34
3915	101.34
3914	101.34
3913	101.35
3912	101.36
3911	101.36
3910	101.37
3909	101.36
3908	101.34
3907	101.32
3906	101.29
3905	101.26
3904	101.24
3903	101.23
3902	101.21
3901	101.2
3900	101.21
3899	101.22
3898	101.24
3897	101.26
3896	101.28
3895	101.29
3894	101.29
3893	101.29
3892	101.3
3891	101.31
3890	101.3
3889	101.28
3888	101.26
3887	101.25
3886	101.26
3885	101.27
3884	101.28
3883	101.27
3882	101.26
3881	101.27
3880	101.29
3879	101.3
3878	101.3
3877	101.3
3876	101.29
3875	101.29
3874	101.28
3873	101.27
3872	101.25
3871	101.24
3870	101.24
3869	101.24
3868	101.23
3867	101.23
3866	101.23
3865	101.24
3864	101.26
3863	101.28
3862	101.3
3861	101.3
3860	101.3
3859	101.29
3858	101.28
3857	101.24
3856	101.19
3855	101.14
3854	101.13
3853	101.14
3852	101.15
3851	101.14
3850	101.17
3849	101.22
3848	101.28
3847	101.32
3846	101.34
3845	101.34
3844	101.33
3843	101.31
3842	101.29
3841	101.26
3840	101.25
3839	101.24
3838	101.23
3837	101.23
3836	101.23
3835	101.23
3834	101.24
3833	101.26
3832	101.28
3831	101.3
3830	101.31
3829	101.32
3828	101.33
3827	101.34
3826	101.35
3825	101.34
3824	101.32
3823	101.29
3822	101.28
3821	101.27
3820	101.26
3819	101.23
3818	101.22
3817	101.22
3816	101.24
3815	101.28
3814	101.31
3813	101.34
3812	101.36
3811	101.36
3810	101.36
3809	101.35
3808	101.34
3807	101.33
3806	101.31
3805	101.29
3804	101.26
3803	101.24
3802	101.25
3801	101.26
3800	101.28
3799	101.28
3798	101.29
3797	101.31
3796	101.33
3795	101.35
3794	101.37
3793	101.38
3792	101.39
3791	101.4
3790	101.41
3789	101.41
3788	101.42
3787	101.42
3786	101.42
3785	101.42
3784	101.42
3783	101.41
3782	101.4
3781	101.38
3780	101.37
3779	101.38
3778	101.38
3777	101.39
3776	101.39
3775	101.4
3774	101.4
3773	101.39
3772	101.38
3771	101.37
3770	101.36
3769	101.36
3768	101.35
3767	101.35
3766	101.36
3765	101.37
3764	101.37
3763	101.37
3762	101.36
3761	101.35
3760	101.35
3759	101.35
3758	101.35
3757	101.34
3756	101.32
3755	101.3
3754	101.27
3753	101.23
3752	101.2
3751	101.2
3750	101.19
3749	101.17
3748	101.14
3747	101.11
3746	101.11
3745	101.12
3744	101.16
3743	101.18
3742	101.19
3741	101.21
3740	101.24
3739	101.25
3738	101.26
3737	101.25
3736	101.25
3735	101.25
3734	101.26
3733	101.26
3732	101.27
3731	101.28
3730	101.29
3729	101.32
3728	101.34
3727	101.36
3726	101.38
3725	101.38
3724	101.38
3723	101.38
3722	101.37
3721	101.38
3720	101.39
3719	101.4
3718	101.41
3717	101.41
3716	101.41
3715	101.39
3714	101.36
3713	101.34
3712	101.33
3711	101.32
3710	101.32
3709	101.33
3708	101.33
3707	101.35
3706	101.37
3705	101.39
3704	101.4
3703	101.4
3702	101.4
3701	101.4
3700	101.39
3699	101.38
3698	101.38
3697	101.39
3696	101.39
3695	101.39
3694	101.37
3693	101.34
3692	101.3
3691	101.26
3690	101.24
3689	101.25
3688	101.26
3687	101.27
3686	101.28
3685	101.3
3684	101.32
3683	101.34
3682	101.35
3681	101.35
3680	101.33
3679	101.29
3678	101.24
3677	101.19
3676	101.17
3675	101.17
3674	101.15
3673	101.13
3672	101.12
3671	101.12
3670	101.15
3669	101.18
3668	101.2
3667	101.22
3666	101.24
3665	101.27
3664	101.3
3663	101.32
3662	101.33
3661	101.33
3660	101.32
3659	101.31
3658	101.3
3657	101.3
3656	101.3
3655	101.28
3654	101.25
3653	101.21
3652	101.17
3651	101.13
3650	101.12
3649	101.13
3648	101.13
3647	101.13
3646	101.14
3645	101.17
3644	101.22
3643	101.27
3642	101.3
3641	101.33
3640	101.35
3639	101.35
3638	101.35
3637	101.34
3636	101.33
3635	101.32
3634	101.31
3633	101.29
3632	101.25
3631	101.2
3630	101.16
3629	101.16
3628	101.17
3627	101.17
3626	101.17
3625	101.19
3624	101.22
3623	101.24
3622	101.24
3621	101.23
3620	101.22
3619	101.21
3618	101.19
3617	101.18
3616	101.16
3615	101.16
3614	101.17
3613	101.18
3612	101.18
3611	101.18
3610	101.16
3609	101.15
3608	101.15
3607	101.16
3606	101.18
3605	101.19
3604	101.19
3603	101.2
3602	101.2
3601	101.21
3600	101.21
3599	101.2
3598	101.2
3597	101.19
3596	101.19
3595	101.19
3594	101.19
3593	101.18
3592	101.17
3591	101.15
3590	101.12
3589	101.11
3588	101.11
3587	101.11
3586	101.11
3585	101.11
3584	101.11
3583	101.12
3582	101.14
3581	101.16
3580	101.17
3579	101.17
3578	101.17
3577	101.17
3576	101.17
3575	101.17
3574	101.16
3573	101.15
3572	101.13
3571	101.1
3570	101.07
3569	101.03
3568	101.01
3567	101
3566	101.01
3565	101.01
3564	101.01
3563	101.02
3562	101.03
3561	101.04
3560	101.04
3559	101.04
3558	101.03
3557	101.02
3556	101.01
3555	101
3554	100.99
3553	100.97
3552	100.96
3551	100.94
3550	100.91
3549	100.89
3548	100.86
3547	100.84
3546	100.83
3545	100.81
3544	100.79
3543	100.78
3542	100.77
3541	100.76
3540	100.74
3539	100.72
3538	100.69
3537	100.66
3536	100.63
3535	100.6
3534	100.56
3533	100.52
3532	100.48
3531	100.43
3530	100.38
3529	100.33
3528	100.27
3527	100.21
3526	100.15
3525	100.08
3524	100
3523	99.93
3522	99.87
3521	99.79
3520	99.72
3519	99.63
3518	99.55
3517	99.46
3516	99.36
3515	99.26
3514	99.15
3513	99.03
3512	98.91
3511	98.78
3510	98.63
3509	98.49
3508	98.34
3507	98.18
3506	98.02
3505	97.85
3504	97.67
3503	97.48
3502	97.29
3501	97.1
3500	96.9
3499	96.69
3498	96.48
3497	96.25
3496	96.01
3495	95.75
3494	95.5
3493	95.23
3492	94.94
3491	94.64
3490	94.33
3489	93.99
3488	93.64
3487	93.28
3486	92.91
3485	92.53
3484	92.14
3483	91.73
3482	91.3
3481	90.86
3480	90.41
3479	89.97
3478	89.53
3477	89.08
3476	88.62
3475	88.14
3474	87.66
3473	87.18
3472	86.7
3471	86.21
3470	85.72
3469	85.24
3468	84.76
3467	84.28
3466	83.82
3465	83.37
3464	82.91
3463	82.45
3462	81.99
3461	81.53
3460	81.09
3459	80.66
3458	80.24
3457	79.83
3456	79.42
3455	79.01
3454	78.61
3453	78.2
3452	77.8
3451	77.41
3450	77
3449	76.58
3448	76.12
3447	75.63
3446	75.14
3445	74.65
3444	74.15
3443	73.65
3442	73.12
3441	72.58
3440	72.05
3439	71.52
3438	71.01
3437	70.53
3436	70.09
3435	69.7
3434	69.38
3433	69.1
3432	68.89
3431	68.74
3430	68.65
3429	68.65
3428	68.71
3427	68.86
3426	69.08
3425	69.36
3424	69.7
3423	70.1
3422	70.54
3421	71.03
3420	71.55
3419	72.11
3418	72.7
3417	73.31
3416	73.93
3415	74.56
3414	75.2
3413	75.84
3412	76.48
3411	77.12
3410	77.75
3409	78.37
3408	78.97
3407	79.55
3406	80.11
3405	80.65
3404	81.17
3403	81.66
3402	82.14
3401	82.6
3400	83.02
3399	83.43
3398	83.81
3397	84.17
3396	84.51
3395	84.82
3394	85.11
3393	85.38
3392	85.62
3391	85.84
3390	86.02
3389	86.19
3388	86.33
3387	86.46
3386	86.57
3385	86.64
3384	86.7
3383	86.72
3382	86.72
3381	86.7
3380	86.65
3379	86.57
3378	86.46
3377	86.33
3376	86.18
3375	86
3374	85.8
3373	85.59
3372	85.36
3371	85.11
3370	84.84
3369	84.55
3368	84.23
3367	83.88
3366	83.51
3365	83.12
3364	82.71
3363	82.29
3362	81.85
3361	81.39
3360	80.92
3359	80.42
3358	79.92
3357	79.41
3356	78.89
3355	78.37
3354	77.86
3353	77.35
3352	76.86
3351	76.38
3350	75.91
3349	75.47
3348	75.04
3347	74.65
3346	74.29
3345	73.96
3344	73.65
3343	73.38
3342	73.13
3341	72.92
3340	72.73
3339	72.57
3338	72.45
3337	72.36
3336	72.28
3335	72.23
3334	72.19
3333	72.17
3332	72.16
3331	72.15
3330	72.16
3329	72.18
3328	72.21
3327	72.27
3326	72.34
3325	72.45
3324	72.58
3323	72.75
3322	72.95
3321	73.18
3320	73.44
3319	73.72
3318	74.03
3317	74.36
3316	74.7
3315	75.06
3314	75.43
3313	75.81
3312	76.18
3311	76.56
3310	76.93
3309	77.3
3308	77.66
3307	78
3306	78.34
3305	78.66
3304	78.95
3303	79.23
3302	79.47
3301	79.69
3300	79.89
3299	80.06
3298	80.21
3297	80.34
3296	80.43
3295	80.51
3294	80.58
3293	80.62
3292	80.65
3291	80.66
3290	80.67
3289	80.67
3288	80.67
3287	80.68
3286	80.69
3285	80.7
3284	80.71
3283	80.73
3282	80.75
3281	80.79
3280	80.83
3279	80.87
3278	80.93
3277	80.98
3276	81.03
3275	81.07
3274	81.1
3273	81.11
3272	81.1
3271	81.07
3270	81.01
3269	80.91
3268	80.79
3267	80.65
3266	80.5
3265	80.33
3264	80.15
3263	79.98
3262	79.81
3261	79.66
3260	79.52
3259	79.41
3258	79.32
3257	79.27
3256	79.23
3255	79.22
3254	79.23
3253	79.28
3252	79.37
3251	79.49
3250	79.64
3249	79.81
3248	79.98
3247	80.16
3246	80.33
3245	80.48
3244	80.63
3243	80.78
3242	80.92
3241	81.05
3240	81.17
3239	81.28
3238	81.38
3237	81.47
3236	81.57
3235	81.65
3234	81.71
3233	81.75
3232	81.77
3231	81.78
3230	81.8
3229	81.83
3228	81.88
3227	81.94
3226	82.01
3225	82.09
3224	82.18
3223	82.29
3222	82.4
3221	82.53
3220	82.66
3219	82.8
3218	82.93
3217	83.08
3216	83.23
3215	83.4
3214	83.57
3213	83.75
3212	83.93
3211	84.12
3210	84.32
3209	84.53
3208	84.74
3207	84.96
3206	85.17
3205	85.39
3204	85.6
3203	85.82
3202	86.05
3201	86.27
3200	86.5
3199	86.74
3198	86.98
3197	87.22
3196	87.46
3195	87.7
3194	87.94
3193	88.19
3192	88.43
3191	88.68
3190	88.92
3189	89.15
3188	89.38
3187	89.6
3186	89.82
3185	90.04
3184	90.25
3183	90.46
3182	90.66
3181	90.86
3180	91.05
3179	91.23
3178	91.41
3177	91.58
3176	91.74
3175	91.9
3174	92.05
3173	92.2
3172	92.35
3171	92.49
3170	92.62
3169	92.75
3168	92.87
3167	92.99
3166	93.09
3165	93.2
3164	93.29
3163	93.38
3162	93.46
3161	93.54
3160	93.61
3159	93.69
3158	93.76
3157	93.83
3156	93.91
3155	93.98
3154	94.05
3153	94.09
3152	94.1
3151	94.08
3150	94.05
3149	94.02
3148	94
3147	93.99
3146	94
3145	94.02
3144	94.04
3143	94.08
3142	94.13
3141	94.19
3140	94.25
3139	94.3
3138	94.34
3137	94.37
3136	94.41
3135	94.47
3134	94.53
3133	94.62
3132	94.71
3131	94.81
3130	94.9
3129	94.97
3128	95.04
3127	95.1
3126	95.17
3125	95.23
3124	95.31
3123	95.38
3122	95.46
3121	95.53
3120	95.58
3119	95.62
3118	95.64
3117	95.66
3116	95.67
3115	95.67
3114	95.68
3113	95.69
3112	95.73
3111	95.79
3110	95.86
3109	95.94
3108	96.01
3107	96.08
3106	96.15
3105	96.23
3104	96.32
3103	96.43
3102	96.54
3101	96.65
3100	96.75
3099	96.83
3098	96.9
3097	96.97
3096	97.04
3095	97.12
3094	97.21
3093	97.29
3092	97.38
3091	97.45
3090	97.52
3089	97.56
3088	97.61
3087	97.66
3086	97.71
3085	97.76
3084	97.81
3083	97.86
3082	97.9
3081	97.94
3080	97.97
3079	98.01
3078	98.03
3077	98.04
3076	98.05
3075	98.05
3074	98.07
3073	98.1
3072	98.14
3071	98.19
3070	98.24
3069	98.29
3068	98.33
3067	98.36
3066	98.38
3065	98.4
3064	98.42
3063	98.43
3062	98.46
3061	98.48
3060	98.51
3059	98.54
3058	98.58
3057	98.62
3056	98.65
3055	98.68
3054	98.71
3053	98.74
3052	98.77
3051	98.8
3050	98.82
3049	98.83
3048	98.85
3047	98.88
3046	98.91
3045	98.95
3044	98.98
3043	99
3042	99.02
3041	99.03
3040	99.03
3039	99.04
3038	99.04
3037	99.07
3036	99.09
3035	99.12
3034	99.14
3033	99.15
3032	99.15
3031	99.15
3030	99.16
3029	99.16
3028	99.17
3027	99.19
3026	99.21
3025	99.22
3024	99.23
3023	99.24
3022	99.25
3021	99.26
3020	99.28
3019	99.29
3018	99.31
3017	99.32
3016	99.33
3015	99.33
3014	99.34
3013	99.34
3012	99.34
3011	99.32
3010	99.31
3009	99.3
3008	99.29
3007	99.28
3006	99.28
3005	99.28
3004	99.28
3003	99.28
3002	99.28
3001	99.28
3000	99.28
2999	99.29
2998	99.3
2997	99.3
2996	99.3
2995	99.3
2994	99.31
2993	99.31
2992	99.3
2991	99.27
2990	99.25
2989	99.24
2988	99.24
2987	99.25
2986	99.27
2985	99.29
2984	99.31
2983	99.32
2982	99.34
2981	99.35
2980	99.35
2979	99.35
2978	99.34
2977	99.34
2976	99.34
2975	99.34
2974	99.34
2973	99.34
2972	99.33
2971	99.32
2970	99.32
2969	99.33
2968	99.33
2967	99.35
2966	99.37
2965	99.38
2964	99.4
2963	99.41
2962	99.41
2961	99.41
2960	99.41
2959	99.41
2958	99.41
2957	99.41
2956	99.42
2955	99.43
2954	99.45
2953	99.46
2952	99.46
2951	99.46
2950	99.46
2949	99.47
2948	99.49
2947	99.5
2946	99.51
2945	99.5
2944	99.48
2943	99.45
2942	99.41
2941	99.37
2940	99.34
2939	99.32
2938	99.31
2937	99.31
2936	99.3
2935	99.3
2934	99.31
2933	99.33
2932	99.36
2931	99.39
2930	99.4
2929	99.38
2928	99.35
2927	99.31
2926	99.3
2925	99.29
2924	99.29
2923	99.3
2922	99.32
2921	99.35
2920	99.38
2919	99.43
2918	99.47
2917	99.5
2916	99.53
2915	99.54
2914	99.53
2913	99.51
2912	99.47
2911	99.44
2910	99.41
2909	99.38
2908	99.37
2907	99.36
2906	99.36
2905	99.36
2904	99.35
2903	99.34
2902	99.32
2901	99.32
2900	99.33
2899	99.35
2898	99.38
2897	99.41
2896	99.42
2895	99.41
2894	99.39
2893	99.37
2892	99.36
2891	99.35
2890	99.34
2889	99.34
2888	99.34
2887	99.34
2886	99.34
2885	99.33
2884	99.33
2883	99.34
2882	99.34
2881	99.35
2880	99.36
2879	99.37
2878	99.39
2877	99.41
2876	99.43
2875	99.46
2874	99.48
2873	99.48
2872	99.46
2871	99.43
2870	99.41
2869	99.39
2868	99.38
2867	99.38
2866	99.38
2865	99.39
2864	99.39
2863	99.4
2862	99.41
2861	99.42
2860	99.43
2859	99.42
2858	99.41
2857	99.4
2856	99.39
2855	99.38
2854	99.37
2853	99.37
2852	99.37
2851	99.37
2850	99.38
2849	99.39
2848	99.38
2847	99.37
2846	99.35
2845	99.33
2844	99.32
2843	99.31
2842	99.31
2841	99.32
2840	99.32
2839	99.32
2838	99.31
2837	99.29
2836	99.27
2835	99.25
2834	99.23
2833	99.21
2832	99.19
2831	99.17
2830	99.16
2829	99.15
2828	99.13
2827	99.12
2826	99.11
2825	99.1
2824	99.09
2823	99.08
2822	99.07
2821	99.06
2820	99.05
2819	99.04
2818	99.04
2817	99.02
2816	99.01
2815	99
2814	98.99
2813	98.99
2812	98.99
2811	98.99
2810	98.99
2809	98.97
2808	98.95
2807	98.94
2806	98.93
2805	98.93
2804	98.93
2803	98.93
2802	98.93
2801	98.94
2800	98.94
2799	98.95
2798	98.96
2797	98.96
2796	98.96
2795	98.97
2794	98.98
2793	98.99
2792	99.01
2791	99.04
2790	99.06
2789	99.08
2788	99.09
2787	99.1
2786	99.11
2785	99.13
2784	99.15
2783	99.18
2782	99.2
2781	99.22
2780	99.23
2779	99.25
2778	99.28
2777	99.31
2776	99.33
2775	99.35
2774	99.36
2773	99.37
2772	99.38
2771	99.39
2770	99.4
2769	99.41
2768	99.42
2767	99.43
2766	99.45
2765	99.46
2764	99.47
2763	99.48
2762	99.48
2761	99.49
2760	99.5
2759	99.51
2758	99.52
2757	99.52
2756	99.53
2755	99.53
2754	99.53
2753	99.53
2752	99.54
2751	99.55
2750	99.56
2749	99.57
2748	99.57
2747	99.57
2746	99.57
2745	99.56
2744	99.56
2743	99.55
2742	99.56
2741	99.56
2740	99.57
2739	99.58
2738	99.58
2737	99.58
2736	99.58
2735	99.57
2734	99.57
2733	99.57
2732	99.57
2731	99.56
2730	99.56
2729	99.57
2728	99.57
2727	99.57
2726	99.57
2725	99.57
2724	99.56
2723	99.55
2722	99.55
2721	99.54
2720	99.54
2719	99.53
2718	99.53
2717	99.53
2716	99.53
2715	99.53
2714	99.53
2713	99.52
2712	99.52
2711	99.52
2710	99.52
2709	99.52
2708	99.51
2707	99.51
2706	99.51
2705	99.5
2704	99.5
2703	99.5
2702	99.5
2701	99.5
2700	99.49
2699	99.49
2698	99.49
2697	99.49
2696	99.49
2695	99.48
2694	99.48
2693	99.48
2692	99.48
2691	99.48
2690	99.48
2689	99.48
2688	99.48
2687	99.48
2686	99.48
2685	99.48
2684	99.48
2683	99.48
2682	99.49
2681	99.49
2680	99.49
2679	99.49
2678	99.49
2677	99.5
2676	99.5
2675	99.5
2674	99.5
2673	99.5
2672	99.5
2671	99.5
2670	99.5
2669	99.5
2668	99.5
2667	99.5
2666	99.5
2665	99.5
2664	99.49
2663	99.48
2662	99.47
2661	99.46
2660	99.46
2659	99.45
2658	99.45
2657	99.44
2656	99.43
2655	99.41
2654	99.4
2653	99.38
2652	99.36
2651	99.34
2650	99.32
2649	99.31
2648	99.29
2647	99.27
2646	99.25
2645	99.23
2644	99.2
2643	99.18
2642	99.15
2641	99.13
2640	99.12
2639	99.11
2638	99.11
2637	99.11
2636	99.11
2635	99.12
2634	99.13
2633	99.16
2632	99.18
2631	99.22
2630	99.25
2629	99.29
2628	99.33
2627	99.36
2626	99.4
2625	99.44
2624	99.47
2623	99.5
2622	99.53
2621	99.56
2620	99.59
2619	99.62
2618	99.65
2617	99.67
2616	99.69
2615	99.71
2614	99.72
2613	99.74
2612	99.75
2611	99.77
2610	99.79
2609	99.8
2608	99.82
2607	99.83
2606	99.85
2605	99.87
2604	99.88
2603	99.9
2602	99.92
2601	99.93
2600	99.94
2599	99.96
2598	99.97
2597	99.98
2596	99.98
2595	99.99
2594	100.01
2593	100.03
2592	100.05
2591	100.07
2590	100.08
2589	100.09
2588	100.1
2587	100.11
2586	100.13
2585	100.14
2584	100.14
2583	100.15
2582	100.16
2581	100.18
2580	100.19
2579	100.21
2578	100.22
2577	100.23
2576	100.24
2575	100.24
2574	100.25
2573	100.26
2572	100.27
2571	100.29
2570	100.3
2569	100.31
2568	100.33
2567	100.34
2566	100.35
2565	100.36
2564	100.37
2563	100.38
2562	100.39
2561	100.39
2560	100.4
2559	100.41
2558	100.42
2557	100.42
2556	100.43
2555	100.44
2554	100.45
2553	100.45
2552	100.46
2551	100.46
2550	100.47
2549	100.48
2548	100.48
2547	100.48
2546	100.48
2545	100.49
2544	100.49
2543	100.5
2542	100.5
2541	100.51
2540	100.51
2539	100.51
2538	100.52
2537	100.54
2536	100.55
2535	100.55
2534	100.55
2533	100.56
2532	100.56
2531	100.56
2530	100.56
2529	100.56
2528	100.55
2527	100.54
2526	100.54
2525	100.55
2524	100.55
2523	100.55
2522	100.55
2521	100.55
2520	100.56
2519	100.56
2518	100.56
2517	100.56
2516	100.56
2515	100.56
2514	100.57
2513	100.57
2512	100.57
2511	100.57
2510	100.56
2509	100.56
2508	100.55
2507	100.55
2506	100.55
2505	100.54
2504	100.54
2503	100.54
2502	100.54
2501	100.54
2500	100.54
2499	100.54
2498	100.54
2497	100.54
2496	100.53
2495	100.53
2494	100.52
2493	100.51
2492	100.5
2491	100.5
2490	100.49
2489	100.48
2488	100.47
2487	100.46
2486	100.45
2485	100.43
2484	100.41
2483	100.4
2482	100.39
2481	100.38
2480	100.35
2479	100.33
2478	100.31
2477	100.29
2476	100.26
2475	100.24
2474	100.23
2473	100.21
2472	100.2
2471	100.2
2470	100.2
2469	100.21
2468	100.22
2467	100.24
2466	100.25
2465	100.27
2464	100.28
2463	100.3
2462	100.33
2461	100.35
2460	100.37
2459	100.39
2458	100.4
2457	100.42
2456	100.43
2455	100.44
2454	100.45
2453	100.46
2452	100.46
2451	100.47
2450	100.49
2449	100.5
2448	100.51
2447	100.52
2446	100.53
2445	100.54
2444	100.54
2443	100.55
2442	100.56
2441	100.57
2440	100.58
2439	100.58
2438	100.59
2437	100.59
2436	100.58
2435	100.59
2434	100.6
2433	100.61
2432	100.61
2431	100.61
2430	100.61
2429	100.61
2428	100.61
2427	100.62
2426	100.63
2425	100.63
2424	100.63
2423	100.63
2422	100.63
2421	100.64
2420	100.64
2419	100.64
2418	100.64
2417	100.64
2416	100.64
2415	100.64
2414	100.65
2413	100.66
2412	100.65
2411	100.65
2410	100.64
2409	100.65
2408	100.65
2407	100.67
2406	100.68
2405	100.69
2404	100.69
2403	100.69
2402	100.69
2401	100.69
2400	100.69
2399	100.69
2398	100.68
2397	100.68
2396	100.68
2395	100.68
2394	100.68
2393	100.68
2392	100.67
2391	100.67
2390	100.66
2389	100.66
2388	100.66
2387	100.66
2386	100.67
2385	100.68
2384	100.68
2383	100.69
2382	100.7
2381	100.7
2380	100.7
2379	100.7
2378	100.7
2377	100.69
2376	100.69
2375	100.68
2374	100.68
2373	100.67
2372	100.66
2371	100.66
2370	100.66
2369	100.67
2368	100.66
2367	100.65
2366	100.65
2365	100.65
2364	100.65
2363	100.64
2362	100.63
2361	100.62
2360	100.6
2359	100.59
2358	100.6
2357	100.6
2356	100.6
2355	100.59
2354	100.59
2353	100.59
2352	100.58
2351	100.57
2350	100.56
2349	100.56
2348	100.54
2347	100.52
2346	100.49
2345	100.46
2344	100.44
2343	100.44
2342	100.46
2341	100.47
2340	100.46
2339	100.45
2338	100.45
2337	100.45
2336	100.45
2335	100.44
2334	100.44
2333	100.43
2332	100.42
2331	100.42
2330	100.42
2329	100.42
2328	100.39
2327	100.32
2326	100.23
2325	100.14
2324	100.09
2323	100.09
2322	100.14
2321	100.19
2320	100.23
2319	100.27
2318	100.3
2317	100.31
2316	100.32
2315	100.33
2314	100.34
2313	100.35
2312	100.35
2311	100.36
2310	100.36
2309	100.36
2308	100.36
2307	100.37
2306	100.38
2305	100.39
2304	100.38
2303	100.38
2302	100.38
2301	100.37
2300	100.37
2299	100.37
2298	100.37
2297	100.37
2296	100.36
2295	100.35
2294	100.35
2293	100.35
2292	100.33
2291	100.33
2290	100.32
2289	100.31
2288	100.29
2287	100.27
2286	100.27
2285	100.27
2284	100.28
2283	100.3
2282	100.32
2281	100.34
2280	100.34
2279	100.35
2278	100.36
2277	100.37
2276	100.36
2275	100.36
2274	100.36
2273	100.36
2272	100.36
2271	100.36
2270	100.37
2269	100.37
2268	100.37
2267	100.37
2266	100.38
2265	100.39
2264	100.38
2263	100.38
2262	100.39
2261	100.4
2260	100.39
2259	100.39
2258	100.38
2257	100.38
2256	100.36
2255	100.36
2254	100.37
2253	100.36
2252	100.35
2251	100.35
2250	100.36
2249	100.35
2248	100.34
2247	100.33
2246	100.33
2245	100.32
2244	100.31
2243	100.3
2242	100.31
2241	100.31
2240	100.3
2239	100.28
2238	100.27
2237	100.26
2236	100.24
2235	100.24
2234	100.25
2233	100.25
2232	100.24
2231	100.24
2230	100.25
2229	100.24
2228	100.2
2227	100.17
2226	100.16
2225	100.16
2224	100.15
2223	100.15
2222	100.16
2221	100.17
2220	100.18
2219	100.2
2218	100.22
2217	100.23
2216	100.23
2215	100.23
2214	100.24
2213	100.24
2212	100.23
2211	100.23
2210	100.23
2209	100.23
2208	100.22
2207	100.23
2206	100.25
2205	100.27
2204	100.25
2203	100.23
2202	100.21
2201	100.19
2200	100.17
2199	100.18
2198	100.21
2197	100.22
2196	100.21
2195	100.21
2194	100.23
2193	100.23
2192	100.21
2191	100.2
2190	100.19
2189	100.18
2188	100.16
2187	100.16
2186	100.17
2185	100.18
2184	100.18
2183	100.21
2182	100.25
2181	100.27
2180	100.26
2179	100.24
2178	100.25
2177	100.26
2176	100.26
2175	100.27
2174	100.27
2173	100.25
2172	100.22
2171	100.2
2170	100.19
2169	100.16
2168	100.11
2167	100.08
2166	100.11
2165	100.12
2164	100.1
2163	100.07
2162	100.1
2161	100.2
2160	100.41
2159	100.71
2158	101
2157	101.13
2156	101.13
2155	101.08
2154	101.06
2153	101.02
2152	100.97
2151	100.95
2150	100.94
2149	100.94
2148	100.94
2147	100.95
2146	100.99
2145	101
2144	100.99
2143	100.98
2142	100.98
2141	100.97
2140	100.94
2139	100.92
2138	100.92
2137	100.91
2136	100.93
2135	100.99
2134	101.07
2133	101.12
2132	101.1
2131	101.06
2130	101.02
2129	100.97
2128	100.92
2127	100.88
2126	100.87
2125	100.85
2124	100.83
2123	100.81
2122	100.81
2121	100.79
2120	100.76
2119	100.74
2118	100.72
2117	100.71
2116	100.68
2115	100.67
2114	100.68
2113	100.68
2112	100.67
2111	100.66
2110	100.67
2109	100.68
2108	100.69
2107	100.7
2106	100.71
2105	100.71
2104	100.69
2103	100.68
2102	100.68
2101	100.67
2100	100.66
2099	100.67
2098	100.69
2097	100.72
2096	100.73
2095	100.76
2094	100.79
2093	100.78
2092	100.74
2091	100.69
2090	100.66
2089	100.64
2088	100.61
2087	100.59
2086	100.6
2085	100.6
2084	100.58
2083	100.57
2082	100.57
2081	100.55
2080	100.53
2079	100.53
2078	100.53
2077	100.52
2076	100.5
2075	100.49
2074	100.5
2073	100.52
2072	100.52
2071	100.53
2070	100.54
2069	100.54
2068	100.52
2067	100.5
2066	100.5
2065	100.5
2064	100.5
2063	100.53
2062	100.56
2061	100.57
2060	100.56
2059	100.54
2058	100.55
2057	100.54
2056	100.51
2055	100.51
2054	100.5
2053	100.45
2052	100.36
2051	100.31
2050	100.37
2049	100.48
2048	100.55
2047	100.6
2046	100.63
2045	100.64
2044	100.64
2043	100.67
2042	100.71
2041	100.73
2040	100.71
2039	100.69
2038	100.71
2037	100.71
2036	100.71
2035	100.74
2034	100.81
2033	100.85
2032	100.85
2031	100.86
2030	100.9
2029	100.92
2028	100.92
2027	100.93
2026	100.98
2025	101
2024	100.98
2023	100.97
2022	101
2021	100.99
2020	100.93
2019	100.88
2018	100.87
2017	100.86
2016	100.84
2015	100.85
2014	100.89
2013	100.89
2012	100.84
2011	100.79
2010	100.81
2009	100.85
2008	100.91
2007	101
2006	101.1
2005	101.12
2004	101.09
2003	101.08
2002	101.09
2001	101.08
2000	101.02
1999	100.99
1998	101.01
1997	101.01
1996	101
1995	101
1994	101.01
1993	101.01
1992	101
1991	101.02
1990	101.07
1989	101.08
1988	101.03
1987	100.99
1986	100.97
1985	100.95
1984	100.9
1983	100.87
1982	100.85
1981	100.82
1980	100.79
1979	100.87
1978	101.05
1977	101.21
1976	101.29
1975	101.34
1974	101.4
1973	101.41
1972	101.37
1971	101.34
1970	101.36
1969	101.38
1968	101.37
1967	101.38
1966	101.4
1965	101.37
1964	101.31
1963	101.3
1962	101.35
1961	101.41
1960	101.42
1959	101.43
1958	101.44
1957	101.41
1956	101.36
1955	101.34
1954	101.35
1953	101.35
1952	101.31
1951	101.29
1950	101.3
1949	101.29
1948	101.27
1947	101.26
1946	101.29
1945	101.29
1944	101.27
1943	101.28
1942	101.33
1941	101.35
1940	101.33
1939	101.31
1938	101.31
1937	101.31
1936	101.29
1935	101.3
1934	101.32
1933	101.33
1932	101.31
1931	101.3
1930	101.3
1929	101.29
1928	101.27
1927	101.27
1926	101.3
1925	101.3
1924	101.29
1923	101.3
1922	101.33
1921	101.34
1920	101.31
1919	101.29
1918	101.28
1917	101.28
1916	101.25
1915	101.26
1914	101.29
1913	101.31
1912	101.32
1911	101.32
1910	101.34
1909	101.35
1908	101.33
1907	101.32
1906	101.33
1905	101.32
1904	101.31
1903	101.31
1902	101.32
1901	101.33
1900	101.31
1899	101.3
1898	101.32
1897	101.32
1896	101.31
1895	101.32
1894	101.35
1893	101.35
1892	101.33
1891	101.32
1890	101.34
1889	101.37
1888	101.37
1887	101.37
1886	101.37
1885	101.38
1884	101.37
1883	101.38
1882	101.39
1881	101.38
1880	101.36
1879	101.36
1878	101.37
1877	101.37
1876	101.36
1875	101.35
1874	101.36
1873	101.35
1872	101.34
1871	101.33
1870	101.35
1869	101.37
1868	101.38
1867	101.41
1866	101.42
1865	101.41
1864	101.38
1863	101.36
1862	101.38
1861	101.39
1860	101.39
1859	101.39
1858	101.4
1857	101.39
1856	101.37
1855	101.36
1854	101.37
1853	101.38
1852	101.37
1851	101.37
1850	101.38
1849	101.38
1848	101.36
1847	101.35
1846	101.34
1845	101.32
1844	101.3
1843	101.29
1842	101.32
1841	101.33
1840	101.34
1839	101.35
1838	101.38
1837	101.39
1836	101.38
1835	101.37
1834	101.36
1833	101.33
1832	101.3
1831	101.28
1830	101.3
1829	101.32
1828	101.33
1827	101.32
1826	101.32
1825	101.33
1824	101.33
1823	101.34
1822	101.35
1821	101.36
1820	101.35
1819	101.36
1818	101.39
1817	101.4
1816	101.39
1815	101.38
1814	101.37
1813	101.36
1812	101.35
1811	101.36
1810	101.39
1809	101.4
1808	101.39
1807	101.38
1806	101.38
1805	101.37
1804	101.35
1803	101.34
1802	101.35
1801	101.36
1800	101.37
1799	101.37
1798	101.38
1797	101.38
1796	101.38
1795	101.37
1794	101.36
1793	101.34
1792	101.32
1791	101.33
1790	101.36
1789	101.37
1788	101.35
1787	101.33
1786	101.33
1785	101.33
1784	101.32
1783	101.32
1782	101.33
1781	101.34
1780	101.34
1779	101.35
1778	101.35
1777	101.33
1776	101.3
1775	101.26
1774	101.23
1773	101.19
1772	101.15
1771	101.15
1770	101.16
1769	101.16
1768	101.14
1767	101.13
1766	101.14
1765	101.13
1764	101.09
1763	101.06
1762	101.05
1761	101.05
1760	101.02
1759	101
1758	100.99
1757	100.98
1756	100.95
1755	100.92
1754	100.89
1753	100.84
1752	100.77
1751	100.73
1750	100.74
1749	100.75
1748	100.74
1747	100.72
1746	100.7
1745	100.65
1744	100.58
1743	100.52
1742	100.47
1741	100.38
1740	100.25
1739	100.15
1738	100.09
1737	100.01
1736	99.85
1735	99.64
1734	99.43
1733	99.24
1732	99.07
1731	98.9
1730	98.72
1729	98.45
1728	98.1
1727	97.73
1726	97.37
1725	96.97
1724	96.53
1723	96.11
1722	95.75
1721	95.41
1720	95.02
1719	94.56
1718	94.05
1717	93.53
1716	93.07
1715	92.71
1714	92.41
1713	92.11
1712	91.79
1711	91.48
1710	91.17
1709	90.86
1708	90.51
1707	90.14
1706	89.74
1705	89.33
1704	89
1703	88.75
1702	88.44
1701	87.9
1700	87.17
1699	86.67
1698	86.46
1697	86.24
1696	85.81
1695	85.32
1694	84.95
1693	84.69
1692	84.44
1691	84.12
1690	83.73
1689	83.32
1688	82.93
1687	82.59
1686	82.2
1685	81.54
1684	80.66
1683	80.01
1682	79.7
1681	79.53
1680	79.4
1679	79.32
1678	79.34
1677	79.48
1676	79.77
1675	80.25
1674	80.82
1673	81.38
1672	81.95
1671	82.58
1670	83.3
1669	84.02
1668	84.64
1667	85.14
1666	85.57
1665	85.98
1664	86.39
1663	86.83
1662	87.27
1661	87.64
1660	87.94
1659	88.2
1658	88.42
1657	88.56
1656	88.62
1655	88.57
1654	88.37
1653	88
1652	87.66
1651	87.43
1650	87.29
1649	87.06
1648	86.58
1647	85.85
1646	85.09
1645	84.45
1644	83.94
1643	83.53
1642	83.14
1641	82.71
1640	82.25
1639	81.82
1638	81.38
1637	80.78
1636	79.91
1635	78.99
1634	78.27
1633	77.69
1632	77.16
1631	76.57
1630	75.85
1629	74.96
1628	73.94
1627	72.95
1626	72.07
1625	71.19
1624	70.19
1623	69.13
1622	68.26
1621	67.64
1620	67.18
1619	66.75
1618	66.26
1617	65.66
1616	65.06
1615	64.68
1614	64.51
1613	64.41
1612	64.27
1611	64.12
1610	63.99
1609	63.9
1608	63.8
1607	63.72
1606	63.69
1605	63.68
1604	63.65
1603	63.62
1602	63.61
1601	63.6
1600	63.57
1599	63.51
1598	63.46
1597	63.39
1596	63.29
1595	63.19
1594	63.12
1593	63.1
1592	63.09
1591	63.13
1590	63.23
1589	63.41
1588	63.61
1587	63.86
1586	64.2
1585	64.6
1584	65.05
1583	65.54
1582	66.1
1581	66.71
1580	67.31
1579	67.9
1578	68.54
1577	69.29
1576	70.11
1575	70.89
1574	71.57
1573	72.19
1572	72.78
1571	73.39
1570	74.06
1569	74.73
1568	75.29
1567	75.77
1566	76.24
1565	76.72
1564	77.16
1563	77.5
1562	77.76
1561	77.95
1560	78.16
1559	78.5
1558	78.92
1557	79.21
1556	79.44
1555	79.72
1554	80.02
1553	80.28
1552	80.49
1551	80.7
1550	80.91
1549	81.12
1548	81.29
1547	81.43
1546	81.58
1545	81.75
1544	81.93
1543	82.1
1542	82.25
1541	82.43
1540	82.69
1539	82.98
1538	83.22
1537	83.44
1536	83.67
1535	83.9
1534	84.17
1533	84.46
1532	84.73
1531	84.96
1530	85.18
1529	85.41
1528	85.64
1527	85.88
1526	86.14
1525	86.37
1524	86.54
1523	86.73
1522	86.97
1521	87.24
1520	87.47
1519	87.67
1518	87.89
1517	88.16
1516	88.42
1515	88.64
1514	88.82
1513	88.97
1512	89.11
1511	89.27
1510	89.42
1509	89.54
1508	89.64
1507	89.83
1506	90.04
1505	90.11
1504	90.14
1503	90.27
1502	90.44
1501	90.55
1500	90.6
1499	90.63
1498	90.66
1497	90.68
1496	90.68
1495	90.7
1494	90.73
1493	90.72
1492	90.66
1491	90.57
1490	90.49
1489	90.35
1488	90.15
1487	89.94
1486	89.69
1485	89.37
1484	88.99
1483	88.55
1482	88
1481	87.3
1480	86.49
1479	85.63
1478	84.62
1477	83.35
1476	81.91
1475	80.41
1474	78.7
1473	76.52
1472	74.14
1471	72.11
1470	70.47
1469	68.99
1468	67.51
1467	65.97
1466	64.27
1465	62.43
1464	60.8
1463	59.66
1462	58.92
1461	58.39
1460	57.99
1459	57.67
1458	57.39
1457	57.17
1456	57.25
1455	57.61
1454	58.12
1453	58.72
1452	59.42
1451	60.18
1450	60.99
1449	61.85
1448	62.81
1447	63.8
1446	64.71
1445	65.55
1444	66.34
1443	67.08
1442	67.75
1441	68.35
1440	68.93
1439	69.51
1438	70.12
1437	70.85
1436	71.69
1435	72.49
1434	73.21
1433	73.9
1432	74.59
1431	75.24
1430	75.83
1429	76.38
1428	76.88
1427	77.3
1426	77.68
1425	78.05
1424	78.42
1423	78.74
1422	79
1421	79.22
1420	79.44
1419	79.67
1418	79.91
1417	80.18
1416	80.44
1415	80.67
1414	80.87
1413	81.07
1412	81.28
1411	81.49
1410	81.7
1409	81.92
1408	82.15
1407	82.39
1406	82.63
1405	82.92
1404	83.23
1403	83.52
1402	83.79
1401	84.06
1400	84.36
1399	84.67
1398	84.96
1397	85.22
1396	85.49
1395	85.74
1394	85.99
1393	86.25
1392	86.51
1391	86.76
1390	86.97
1389	87.19
1388	87.42
1387	87.65
1386	87.86
1385	88.07
1384	88.28
1383	88.47
1382	88.65
1381	88.85
1380	89.05
1379	89.24
1378	89.41
1377	89.58
1376	89.76
1375	89.93
1374	90.1
1373	90.28
1372	90.44
1371	90.58
1370	90.71
1369	90.86
1368	91.02
1367	91.15
1366	91.25
1365	91.35
1364	91.47
1363	91.58
1362	91.69
1361	91.79
1360	91.88
1359	91.94
1358	91.99
1357	92.05
1356	92.11
1355	92.16
1354	92.2
1353	92.24
1352	92.29
1351	92.33
1350	92.36
1349	92.39
1348	92.44
1347	92.48
1346	92.5
1345	92.54
1344	92.58
1343	92.61
1342	92.63
1341	92.69
1340	92.77
1339	92.84
1338	92.89
1337	92.92
1336	92.96
1335	92.99
1334	93.01
1333	93.04
1332	93.1
1331	93.15
1330	93.19
1329	93.24
1328	93.3
1327	93.36
1326	93.4
1325	93.45
1324	93.52
1323	93.57
1322	93.62
1321	93.68
1320	93.75
1319	93.82
1318	93.87
1317	93.92
1316	93.98
1315	94.03
1314	94.08
1313	94.13
1312	94.2
1311	94.25
1310	94.28
1309	94.32
1308	94.38
1307	94.43
1306	94.47
1305	94.52
1304	94.57
1303	94.61
1302	94.64
1301	94.68
1300	94.72
1299	94.76
1298	94.78
1297	94.82
1296	94.87
1295	94.9
1294	94.92
1293	94.95
1292	94.98
1291	95
1290	95.01
1289	95.03
1288	95.06
1287	95.08
1286	95.08
1285	95.1
1284	95.12
1283	95.13
1282	95.13
1281	95.14
1280	95.15
1279	95.16
1278	95.15
1277	95.15
1276	95.17
1275	95.17
1274	95.17
1273	95.17
1272	95.17
1271	95.17
1270	95.16
1269	95.15
1268	95.15
1267	95.13
1266	95.11
1265	95.1
1264	95.1
1263	95.09
1262	95.06
1261	95.04
1260	95.02
1259	95
1258	94.97
1257	94.95
1256	94.94
1255	94.92
1254	94.89
1253	94.87
1252	94.85
1251	94.83
1250	94.8
1249	94.78
1248	94.78
1247	94.77
1246	94.75
1245	94.73
1244	94.71
1243	94.69
1242	94.66
1241	94.64
1240	94.64
1239	94.64
1238	94.62
1237	94.6
1236	94.58
1235	94.55
1234	94.52
1233	94.48
1232	94.46
1231	94.44
1230	94.41
1229	94.39
1228	94.38
1227	94.35
1226	94.32
1225	94.29
1224	94.28
1223	94.26
1222	94.24
1221	94.21
1220	94.2
1219	94.17
1218	94.13
1217	94.1
1216	94.08
1215	94.05
1214	94
1213	93.97
1212	93.94
1211	93.9
1210	93.84
1209	93.8
1208	93.75
1207	93.69
1206	93.62
1205	93.55
1204	93.49
1203	93.42
1202	93.34
1201	93.26
1200	93.19
1199	93.11
1198	93.01
1197	92.92
1196	92.84
1195	92.74
1194	92.63
1193	92.52
1192	92.4
1191	92.27
1190	92.12
1189	91.99
1188	91.85
1187	91.69
1186	91.52
1185	91.34
1184	91.17
1183	90.99
1182	90.79
1181	90.58
1180	90.36
1179	90.12
1178	89.87
1177	89.61
1176	89.35
1175	89.07
1174	88.76
1173	88.45
1172	88.12
1171	87.78
1170	87.41
1169	87.03
1168	86.64
1167	86.23
1166	85.8
1165	85.37
1164	84.94
1163	84.49
1162	84.03
1161	83.59
1160	83.16
1159	82.76
1158	82.39
1157	82.06
1156	81.79
1155	81.57
1154	81.41
1153	81.32
1152	81.31
1151	81.35
1150	81.46
1149	81.63
1148	81.86
1147	82.12
1146	82.41
1145	82.72
1144	83.04
1143	83.38
1142	83.71
1141	84.04
1140	84.38
1139	84.71
1138	85.02
1137	85.32
1136	85.61
1135	85.88
1134	86.14
1133	86.38
1132	86.62
1131	86.83
1130	87.03
1129	87.22
1128	87.4
1127	87.58
1126	87.73
1125	87.88
1124	88.02
1123	88.14
1122	88.25
1121	88.36
1120	88.47
1119	88.56
1118	88.64
1117	88.72
1116	88.8
1115	88.87
1114	88.93
1113	88.98
1112	89.04
1111	89.08
1110	89.1
1109	89.12
1108	89.14
1107	89.16
1106	89.17
1105	89.18
1104	89.2
1103	89.21
1102	89.21
1101	89.21
1100	89.21
1099	89.21
1098	89.2
1097	89.2
1096	89.2
1095	89.2
1094	89.19
1093	89.17
1092	89.14
1091	89.1
1090	89.04
1089	88.98
1088	88.94
1087	88.89
1086	88.82
1085	88.76
1084	88.71
1083	88.64
1082	88.56
1081	88.48
1080	88.41
1079	88.33
1078	88.23
1077	88.15
1076	88.07
1075	87.99
1074	87.9
1073	87.81
1072	87.74
1071	87.66
1070	87.55
1069	87.44
1068	87.33
1067	87.22
1066	87.12
1065	87.05
1064	87.01
1063	86.96
1062	86.89
1061	86.81
1060	86.73
1059	86.64
1058	86.56
1057	86.49
1056	86.46
1055	86.42
1054	86.37
1053	86.33
1052	86.31
1051	86.3
1050	86.28
1049	86.27
1048	86.28
1047	86.29
1046	86.29
1045	86.31
1044	86.34
1043	86.37
1042	86.39
1041	86.43
1040	86.48
1039	86.53
1038	86.57
1037	86.62
1036	86.69
1035	86.77
1034	86.83
1033	86.9
1032	86.98
1031	87.04
1030	87.08
1029	87.11
1028	87.16
1027	87.22
1026	87.28
1025	87.36
1024	87.44
1023	87.5
1022	87.55
1021	87.6
1020	87.66
1019	87.71
1018	87.75
1017	87.79
1016	87.84
1015	87.89
1014	87.92
1013	87.96
1012	87.99
1011	88
1010	87.95
1009	87.85
1008	87.67
1007	87.41
1006	87.11
1005	86.85
1004	86.71
1003	86.71
1002	86.81
1001	86.97
1000	87.17
999	87.34
998	87.5
997	87.63
996	87.77
995	87.88
994	87.98
993	88.07
992	88.16
991	88.24
990	88.31
989	88.38
988	88.46
987	88.53
986	88.59
985	88.65
984	88.73
983	88.81
982	88.87
981	88.94
980	89.01
979	89.08
978	89.14
977	89.21
976	89.28
975	89.35
974	89.42
973	89.49
972	89.58
971	89.66
970	89.73
969	89.8
968	89.88
967	89.96
966	90.02
965	90.1
964	90.19
963	90.27
962	90.34
961	90.42
960	90.5
959	90.59
958	90.66
957	90.75
956	90.84
955	90.93
954	91.01
953	91.1
952	91.19
951	91.29
950	91.37
949	91.45
948	91.55
947	91.63
946	91.71
945	91.79
944	91.89
943	91.98
942	92.07
941	92.15
940	92.24
939	92.33
938	92.41
937	92.5
936	92.6
935	92.69
934	92.77
933	92.85
932	92.94
931	93.03
930	93.11
929	93.2
928	93.29
927	93.38
926	93.45
925	93.53
924	93.62
923	93.71
922	93.79
921	93.87
920	93.96
919	94.05
918	94.13
917	94.21
916	94.29
915	94.37
914	94.44
913	94.52
912	94.61
911	94.68
910	94.75
909	94.82
908	94.89
907	94.97
906	95.03
905	95.11
904	95.19
903	95.27
902	95.34
901	95.41
900	95.48
899	95.55
898	95.6
897	95.67
896	95.75
895	95.83
894	95.89
893	95.95
892	96.03
891	96.11
890	96.19
889	96.27
888	96.36
887	96.44
886	96.5
885	96.57
884	96.65
883	96.72
882	96.77
881	96.82
880	96.89
879	96.96
878	97.02
877	97.1
876	97.19
875	97.26
874	97.32
873	97.37
872	97.43
871	97.49
870	97.52
869	97.58
868	97.66
867	97.73
866	97.79
865	97.85
864	97.91
863	97.98
862	98.03
861	98.08
860	98.15
859	98.22
858	98.27
857	98.33
856	98.39
855	98.45
854	98.5
853	98.56
852	98.63
851	98.69
850	98.73
849	98.78
848	98.86
847	98.93
846	99
845	99.06
844	99.13
843	99.19
842	99.23
841	99.28
840	99.36
839	99.44
838	99.5
837	99.57
836	99.64
835	99.7
834	99.75
833	99.8
832	99.86
831	99.92
830	99.97
829	100.02
828	100.08
827	100.15
826	100.21
825	100.28
824	100.37
823	100.45
822	100.52
821	100.59
820	100.66
819	100.71
818	100.75
817	100.8
816	100.86
815	100.91
814	100.94
813	100.97
812	101.02
811	101.06
810	101.1
809	101.14
808	101.2
807	101.26
806	101.3
805	101.33
804	101.38
803	101.41
802	101.43
801	101.45
800	101.48
799	101.49
798	101.46
797	101.41
796	101.3
795	101.08
794	100.65
793	99.94
792	98.9
791	97.49
790	95.9
789	94.48
788	93.62
787	93.48
786	93.98
785	94.87
784	95.88
783	96.8
782	97.55
781	98.16
780	98.65
779	99.04
778	99.35
777	99.61
776	99.84
775	100.03
774	100.18
773	100.3
772	100.43
771	100.53
770	100.61
769	100.67
768	100.74
767	100.79
766	100.83
765	100.86
764	100.92
763	100.96
762	100.98
761	101
760	101.03
759	101.04
758	101.02
757	101
756	100.99
755	100.96
754	100.91
753	100.87
752	100.83
751	100.79
750	100.74
749	100.69
748	100.64
747	100.59
746	100.53
745	100.46
744	100.39
743	100.3
742	100.18
741	100.05
740	99.93
739	99.81
738	99.68
737	99.55
736	99.42
735	99.28
734	99.11
733	98.93
732	98.76
731	98.57
730	98.38
729	98.18
728	98
727	97.82
726	97.62
725	97.43
724	97.25
723	97.09
722	96.93
721	96.8
720	96.71
719	96.64
718	96.57
717	96.53
716	96.52
715	96.53
714	96.55
713	96.59
712	96.68
711	96.78
710	96.89
709	97.03
708	97.19
707	97.35
706	97.5
705	97.66
704	97.84
703	98.02
702	98.18
701	98.36
700	98.55
699	98.74
698	98.91
697	99.09
696	99.27
695	99.45
694	99.6
693	99.75
692	99.91
691	100.04
690	100.14
689	100.23
688	100.35
687	100.47
686	100.56
685	100.65
684	100.75
683	100.83
682	100.87
681	100.9
680	100.95
679	100.99
678	101.01
677	101.05
676	101.1
675	101.14
674	101.15
673	101.14
672	101.16
671	101.17
670	101.17
669	101.17
668	101.21
667	101.22
666	101.22
665	101.23
664	101.25
663	101.27
662	101.27
661	101.27
660	101.29
659	101.3
658	101.29
657	101.3
656	101.33
655	101.36
654	101.36
653	101.36
652	101.38
651	101.4
650	101.38
649	101.37
648	101.38
647	101.38
646	101.37
645	101.37
644	101.39
643	101.4
642	101.39
641	101.38
640	101.41
639	101.43
638	101.42
637	101.41
636	101.41
635	101.41
634	101.39
633	101.39
632	101.42
631	101.43
630	101.41
629	101.38
628	101.38
627	101.39
626	101.38
625	101.39
624	101.41
623	101.42
622	101.4
621	101.38
620	101.4
619	101.4
618	101.39
617	101.39
616	101.41
615	101.42
614	101.4
613	101.38
612	101.39
611	101.41
610	101.41
609	101.42
608	101.44
607	101.45
606	101.43
605	101.41
604	101.42
603	101.44
602	101.42
601	101.41
600	101.42
599	101.42
598	101.4
597	101.39
596	101.39
595	101.39
594	101.38
593	101.38
592	101.41
591	101.42
590	101.39
589	101.37
588	101.39
587	101.41
586	101.4
585	101.37
584	101.36
583	101.35
582	101.3
581	101.21
580	101.07
579	100.81
578	100.39
577	99.73
576	98.75
575	97.31
574	95.43
573	93.32
572	91.35
571	89.98
570	89.46
569	89.7
568	90.35
567	90.97
566	91.28
565	91.17
564	90.67
563	89.87
562	88.86
561	87.75
560	86.66
559	85.69
558	84.93
557	84.44
556	84.22
555	84.23
554	84.41
553	84.67
552	84.99
551	85.34
550	85.7
549	86.03
548	86.34
547	86.63
546	86.89
545	87.13
544	87.34
543	87.55
542	87.74
541	87.93
540	88.14
539	88.37
538	88.57
537	88.71
536	88.82
535	88.91
534	89.01
533	89.14
532	89.29
531	89.43
530	89.54
529	89.62
528	89.7
527	89.77
526	89.83
525	89.9
524	90
523	90.12
522	90.23
521	90.34
520	90.47
519	90.59
518	90.68
517	90.72
516	90.73
515	90.75
514	90.77
513	90.8
512	90.85
511	90.92
510	90.98
509	91.04
508	91.09
507	91.14
506	91.15
505	91.13
504	91.13
503	91.15
502	91.15
501	91.13
500	91.12
499	91.15
498	91.19
497	91.22
496	91.25
495	91.29
494	91.31
493	91.3
492	91.27
491	91.24
490	91.22
489	91.22
488	91.27
487	91.33
486	91.33
485	91.25
484	91.14
483	91.06
482	90.98
481	90.89
480	90.81
479	90.77
478	90.76
477	90.78
476	90.82
475	90.87
474	90.89
473	90.82
472	90.69
471	90.57
470	90.49
469	90.44
468	90.41
467	90.37
466	90.31
465	90.24
464	90.2
463	90.22
462	90.29
461	90.37
460	90.46
459	90.5
458	90.44
457	90.31
456	90.27
455	90.35
454	90.47
453	90.49
452	90.42
451	90.35
450	90.37
449	90.5
448	90.69
447	90.86
446	90.94
445	90.94
444	90.98
443	91.1
442	91.22
441	91.29
440	91.38
439	91.55
438	91.77
437	91.94
436	92.07
435	92.22
434	92.38
433	92.51
432	92.66
431	92.88
430	93.17
429	93.49
428	93.86
427	94.26
426	94.57
425	94.72
424	94.83
423	95.07
422	95.38
421	95.57
420	95.61
419	95.64
418	95.88
417	96.36
416	97.02
415	97.74
414	98.31
413	98.59
412	98.68
411	98.78
410	98.98
409	99.26
408	99.64
407	100.09
406	100.45
405	100.63
404	100.68
403	100.74
402	100.83
401	101.14
400	101.86