Iodine Vapour
450.00	0.4275
450.10	0.4465
450.20	0.4410
450.30	0.4375
450.40	0.4386
450.50	0.4312
450.60	0.4386
450.70	0.4312
450.80	0.4444
450.90	0.4413
451.00	0.4291
451.10	0.4354
451.20	0.4448
451.30	0.4365
451.40	0.4387
451.50	0.4297
451.60	0.4324
451.70	0.4408
451.80	0.4481
451.90	0.4356
452.00	0.4474
452.10	0.4427
452.20	0.4310
452.30	0.4386
452.40	0.4280
452.50	0.4411
452.60	0.4393
452.70	0.4315
452.80	0.4300
452.90	0.4395
453.00	0.4295
453.10	0.4422
453.20	0.4258
453.30	0.4389
453.40	0.4508
453.50	0.4336
453.60	0.4336
453.70	0.4359
453.80	0.4320
453.90	0.4360
454.00	0.4295
454.10	0.4414
454.20	0.4330
454.30	0.4382
454.40	0.4362
454.50	0.4288
454.60	0.4433
454.70	0.4220
454.80	0.4308
454.90	0.4497
455.00	0.4389
455.10	0.4371
455.20	0.4368
455.30	0.4500
455.40	0.4258
455.50	0.4261
455.60	0.4444
455.70	0.4463
455.80	0.4448
455.90	0.4357
456.00	0.4339
456.10	0.4430
456.20	0.4422
456.30	0.4342
456.40	0.4371
456.50	0.4450
456.60	0.4419
456.70	0.4389
456.80	0.4402
456.90	0.4283
457.00	0.4334
457.10	0.4336
457.20	0.4500
457.30	0.4451
457.40	0.4301
457.50	0.4402
457.60	0.4399
457.70	0.4417
457.80	0.4312
457.90	0.4398
458.00	0.4404
458.10	0.4308
458.20	0.4418
458.30	0.4237
458.40	0.4338
458.50	0.4332
458.60	0.4402
458.70	0.4340
458.80	0.4344
458.90	0.4336
459.00	0.4332
459.10	0.4381
459.20	0.4348
459.30	0.4356
459.40	0.4394
459.50	0.4331
459.60	0.4400
459.70	0.4468
459.80	0.4311
459.90	0.4317
460.00	0.4380
460.10	0.4440
460.20	0.4342
460.30	0.4342
460.40	0.4391
460.50	0.4440
460.60	0.4278
460.70	0.4412
460.80	0.4491
460.90	0.4486
461.00	0.4350
461.10	0.4369
461.20	0.4336
461.30	0.4353
461.40	0.4315
461.50	0.4413
461.60	0.4321
461.70	0.4351
461.80	0.4406
461.90	0.4474
462.00	0.4260
462.10	0.4453
462.20	0.4389
462.30	0.4278
462.40	0.4395
462.50	0.4372
462.60	0.4310
462.70	0.4215
462.80	0.4389
462.90	0.4448
463.00	0.4425
463.10	0.4396
463.20	0.4361
463.30	0.4337
463.40	0.4351
463.50	0.4326
463.60	0.4325
463.70	0.4364
463.80	0.4339
463.90	0.4387
464.00	0.4337
464.10	0.4339
464.20	0.4424
464.30	0.4297
464.40	0.4343
464.50	0.4359
464.60	0.4338
464.70	0.4332
464.80	0.4311
464.90	0.4318
465.00	0.4265
465.10	0.4307
465.20	0.4336
465.30	0.4369
465.40	0.4349
465.50	0.4383
465.60	0.4428
465.70	0.4378
465.80	0.4372
465.90	0.4433
466.00	0.4307
466.10	0.4340
466.20	0.4362
466.30	0.4473
466.40	0.4266
466.50	0.4358
466.60	0.4310
466.70	0.4367
466.80	0.4480
466.90	0.4366
467.00	0.4345
467.10	0.4345
467.20	0.4323
467.30	0.4484
467.40	0.4426
467.50	0.4522
467.60	0.4416
467.70	0.4385
467.80	0.4390
467.90	0.4352
468.00	0.4379
468.10	0.4420
468.20	0.4448
468.30	0.4421
468.40	0.4454
468.50	0.4393
468.60	0.4354
468.70	0.4353
468.80	0.4408
468.90	0.4398
469.00	0.4373
469.10	0.4334
469.20	0.4432
469.30	0.4441
469.40	0.4449
469.50	0.4451
469.60	0.4404
469.70	0.4441
469.80	0.4394
469.90	0.4389
470.00	0.4420
470.10	0.4428
470.20	0.4395
470.30	0.4456
470.40	0.4494
470.50	0.4347
470.60	0.4349
470.70	0.4464
470.80	0.4390
470.90	0.4477
471.00	0.4386
471.10	0.4430
471.20	0.4449
471.30	0.4366
471.40	0.4417
471.50	0.4461
471.60	0.4434
471.70	0.4366
471.80	0.4313
471.90	0.4329
472.00	0.4288
472.10	0.4367
472.20	0.4415
472.30	0.4427
472.40	0.4387
472.50	0.4421
472.60	0.4437
472.70	0.4457
472.80	0.4381
472.90	0.4435
473.00	0.4453
473.10	0.4374
473.20	0.4380
473.30	0.4332
473.40	0.4381
473.50	0.4425
473.60	0.4418
473.70	0.4454
473.80	0.4405
473.90	0.4389
474.00	0.4414
474.10	0.4423
474.20	0.4381
474.30	0.4346
474.40	0.4339
474.50	0.4313
474.60	0.4425
474.70	0.4344
474.80	0.4334
474.90	0.4324
475.00	0.4445
475.10	0.4466
475.20	0.4331
475.30	0.4339
475.40	0.4390
475.50	0.4526
475.60	0.4365
475.70	0.4357
475.80	0.4436
475.90	0.4373
476.00	0.4429
476.10	0.4466
476.20	0.4407
476.30	0.4318
476.40	0.4434
476.50	0.4382
476.60	0.4362
476.70	0.4527
476.80	0.4408
476.90	0.4503
477.00	0.4418
477.10	0.4473
477.20	0.4461
477.30	0.4480
477.40	0.4389
477.50	0.4405
477.60	0.4434
477.70	0.4385
477.80	0.4444
477.90	0.4413
478.00	0.4395
478.10	0.4382
478.20	0.4398
478.30	0.4460
478.40	0.4449
478.50	0.4402
478.60	0.4443
478.70	0.4422
478.80	0.4390
478.90	0.4476
479.00	0.4424
479.10	0.4437
479.20	0.4535
479.30	0.4448
479.40	0.4398
479.50	0.4390
479.60	0.4426
479.70	0.4473
479.80	0.4429
479.90	0.4481
480.00	0.4486
480.10	0.4432
480.20	0.4567
480.30	0.4318
480.40	0.4439
480.50	0.4437
480.60	0.4479
480.70	0.4349
480.80	0.4474
480.90	0.4384
481.00	0.4383
481.10	0.4466
481.20	0.4416
481.30	0.4394
481.40	0.4439
481.50	0.4475
481.60	0.4455
481.70	0.4436
481.80	0.4452
481.90	0.4412
482.00	0.4428
482.10	0.4511
482.20	0.4427
482.30	0.4407
482.40	0.4456
482.50	0.4470
482.60	0.4438
482.70	0.4498
482.80	0.4421
482.90	0.4453
483.00	0.4436
483.10	0.4408
483.20	0.4445
483.30	0.4355
483.40	0.4444
483.50	0.4474
483.60	0.4344
483.70	0.4450
483.80	0.4408
483.90	0.4467
484.00	0.4309
484.10	0.4424
484.20	0.4327
484.30	0.4486
484.40	0.4378
484.50	0.4477
484.60	0.4460
484.70	0.4433
484.80	0.4392
484.90	0.4421
485.00	0.4427
485.10	0.4385
485.20	0.4347
485.30	0.4422
485.40	0.4493
485.50	0.4423
485.60	0.4480
485.70	0.4414
485.80	0.4432
485.90	0.4467
486.00	0.4512
486.10	0.4464
486.20	0.4468
486.30	0.4449
486.40	0.4439
486.50	0.4476
486.60	0.4415
486.70	0.4411
486.80	0.4498
486.90	0.4426
487.00	0.4444
487.10	0.4495
487.20	0.4438
487.30	0.4375
487.40	0.4519
487.50	0.4407
487.60	0.4405
487.70	0.4428
487.80	0.4502
487.90	0.4459
488.00	0.4484
488.10	0.4523
488.20	0.4446
488.30	0.4460
488.40	0.4371
488.50	0.4490
488.60	0.4426
488.70	0.4528
488.80	0.4393
488.90	0.4472
489.00	0.4429
489.10	0.4447
489.20	0.4449
489.30	0.4454
489.40	0.4520
489.50	0.4389
489.60	0.4545
489.70	0.4522
489.80	0.4435
489.90	0.4513
490.00	0.4447
490.10	0.4445
490.20	0.4438
490.30	0.4506
490.40	0.4450
490.50	0.4455
490.60	0.4402
490.70	0.4458
490.80	0.4439
490.90	0.4544
491.00	0.4461
491.10	0.4439
491.20	0.4541
491.30	0.4460
491.40	0.4452
491.50	0.4459
491.60	0.4476
491.70	0.4489
491.80	0.4479
491.90	0.4460
492.00	0.4512
492.10	0.4350
492.20	0.4400
492.30	0.4496
492.40	0.4491
492.50	0.4497
492.60	0.4511
492.70	0.4479
492.80	0.4488
492.90	0.4440
493.00	0.4560
493.10	0.4458
493.20	0.4491
493.30	0.4482
493.40	0.4486
493.50	0.4471
493.60	0.4495
493.70	0.4396
493.80	0.4563
493.90	0.4494
494.00	0.4450
494.10	0.4604
494.20	0.4432
494.30	0.4453
494.40	0.4455
494.50	0.4573
494.60	0.4488
494.70	0.4455
494.80	0.4439
494.90	0.4387
495.00	0.4406
495.10	0.4466
495.20	0.4562
495.30	0.4521
495.40	0.4448
495.50	0.4423
495.60	0.4540
495.70	0.4413
495.80	0.4505
495.90	0.4467
496.00	0.4493
496.10	0.4523
496.20	0.4500
496.30	0.4494
496.40	0.4474
496.50	0.4516
496.60	0.4526
496.70	0.4563
496.80	0.4529
496.90	0.4522
497.00	0.4414
497.10	0.4528
497.20	0.4541
497.30	0.4517
497.40	0.4433
497.50	0.4570
497.60	0.4460
497.70	0.4510
497.80	0.4439
497.90	0.4429
498.00	0.4519
498.10	0.4411
498.20	0.4541
498.30	0.4552
498.40	0.4481
498.50	0.4485
498.60	0.4442
498.70	0.4536
498.80	0.4462
498.90	0.4422
499.00	0.4589
499.10	0.4440
499.20	0.4505
499.30	0.4496
499.40	0.4505
499.50	0.4511
499.60	0.4489
499.70	0.4529
499.80	0.4509
499.90	0.4526
500.00	0.4474
500.10	0.4607
500.20	0.4470
500.30	0.4419
500.40	0.4513
500.50	0.4534
500.60	0.4542
500.70	0.4546
500.80	0.4548
500.90	0.4507
501.00	0.4562
501.10	0.4528
501.20	0.4549
501.30	0.4568
501.40	0.4605
501.50	0.4456
501.60	0.4602
501.70	0.4538
501.80	0.4469
501.90	0.4519
502.00	0.4519
502.10	0.4560
502.20	0.4574
502.30	0.4566
502.40	0.4431
502.50	0.4457
502.60	0.4544
502.70	0.4502
502.80	0.4477
502.90	0.4529
503.00	0.4534
503.10	0.4558
503.20	0.4505
503.30	0.4577
503.40	0.4495
503.50	0.4618
503.60	0.4516
503.70	0.4531
503.80	0.4558
503.90	0.4473
504.00	0.4509
504.10	0.4489
504.20	0.4597
504.30	0.4401
504.40	0.4469
504.50	0.4568
504.60	0.4589
504.70	0.4500
504.80	0.4527
504.90	0.4422
505.00	0.4490
505.10	0.4583
505.20	0.4616
505.30	0.4503
505.40	0.4474
505.50	0.4541
505.60	0.4502
505.70	0.4528
505.80	0.4543
505.90	0.4584
506.00	0.4501
506.10	0.4509
506.20	0.4505
506.30	0.4476
506.40	0.4484
506.50	0.4535
506.60	0.4525
506.70	0.4552
506.80	0.4510
506.90	0.4467
507.00	0.4489
507.10	0.4540
507.20	0.4577
507.30	0.4479
507.40	0.4547
507.50	0.4518
507.60	0.4514
507.70	0.4526
507.80	0.4495
507.90	0.4539
508.00	0.4553
508.10	0.4477
508.20	0.4538
508.30	0.4496
508.40	0.4499
508.50	0.4489
508.60	0.4451
508.70	0.4508
508.80	0.4490
508.90	0.4534
509.00	0.4589
509.10	0.4556
509.20	0.4505
509.30	0.4429
509.40	0.4451
509.50	0.4506
509.60	0.4607
509.70	0.4488
509.80	0.4567
509.90	0.4588
510.00	0.4526
510.10	0.4488
510.20	0.4525
510.30	0.4540
510.40	0.4499
510.50	0.4614
510.60	0.4591
510.70	0.4625
510.80	0.4472
510.90	0.4561
511.00	0.4450
511.10	0.4581
511.20	0.4408
511.30	0.4661
511.40	0.4627
511.50	0.4576
511.60	0.4609
511.70	0.4621
511.80	0.4576
511.90	0.4554
512.00	0.4536
512.10	0.4522
512.20	0.4614
512.30	0.4524
512.40	0.4571
512.50	0.4542
512.60	0.4544
512.70	0.4622
512.80	0.4605
512.90	0.4571
513.00	0.4526
513.10	0.4552
513.20	0.4553
513.30	0.4444
513.40	0.4509
513.50	0.4623
513.60	0.4529
513.70	0.4534
513.80	0.4578
513.90	0.4542
514.00	0.4462
514.10	0.4587
514.20	0.4568
514.30	0.4489
514.40	0.4503
514.50	0.4496
514.60	0.4545
514.70	0.4624
514.80	0.4564
514.90	0.4588
515.00	0.4617
515.10	0.4533
515.20	0.4525
515.30	0.4516
515.40	0.4474
515.50	0.4493
515.60	0.4489
515.70	0.4470
515.80	0.4568
515.90	0.4551
516.00	0.4472
516.10	0.4609
516.20	0.4497
516.30	0.4509
516.40	0.4619
516.50	0.4519
516.60	0.4505
516.70	0.4428
516.80	0.4494
516.90	0.4489
517.00	0.4561
517.10	0.4574
517.20	0.4545
517.30	0.4592
517.40	0.4613
517.50	0.4554
517.60	0.4664
517.70	0.4538
517.80	0.4508
517.90	0.4454
518.00	0.4519
518.10	0.4471
518.20	0.4483
518.30	0.4602
518.40	0.4609
518.50	0.4634
518.60	0.4526
518.70	0.4520
518.80	0.4522
518.90	0.4507
519.00	0.4555
519.10	0.4410
519.20	0.4498
519.30	0.4523
519.40	0.4472
519.50	0.4505
519.60	0.4545
519.70	0.4640
519.80	0.4579
519.90	0.4600
520.00	0.4480
520.10	0.4528
520.20	0.4523
520.30	0.4528
520.40	0.4457
520.50	0.4510
520.60	0.4433
520.70	0.4489
520.80	0.4493
520.90	0.4493
521.00	0.4554
521.10	0.4706
521.20	0.4579
521.30	0.4602
521.40	0.4577
521.50	0.4564
521.60	0.4512
521.70	0.4520
521.80	0.4508
521.90	0.4452
522.00	0.4482
522.10	0.4493
522.20	0.4549
522.30	0.4478
522.40	0.4550
522.50	0.4557
522.60	0.4651
522.70	0.4582
522.80	0.4597
522.90	0.4538
523.00	0.4557
523.10	0.4532
523.20	0.4503
523.30	0.4477
523.40	0.4556
523.50	0.4538
523.60	0.4475
523.70	0.4462
523.80	0.4503
523.90	0.4461
524.00	0.4525
524.10	0.4549
524.20	0.4707
524.30	0.4623
524.40	0.4507
524.50	0.4546
524.60	0.4552
524.70	0.4539
524.80	0.4573
524.90	0.4530
525.00	0.4494
525.10	0.4550
525.20	0.4478
525.30	0.4451
525.40	0.4533
525.50	0.4492
525.60	0.4521
525.70	0.4568
525.80	0.4563
525.90	0.4598
526.00	0.4562
526.10	0.4575
526.20	0.4543
526.30	0.4555
526.40	0.4589
526.50	0.4505
526.60	0.4524
526.70	0.4433
526.80	0.4490
526.90	0.4434
527.00	0.4359
527.10	0.4452
527.20	0.4398
527.30	0.4454
527.40	0.4618
527.50	0.4659
527.60	0.4600
527.70	0.4599
527.80	0.4580
527.90	0.4494
528.00	0.4537
528.10	0.4563
528.20	0.4455
528.30	0.4559
528.40	0.4555
528.50	0.4471
528.60	0.4455
528.70	0.4457
528.80	0.4493
528.90	0.4489
529.00	0.4392
529.10	0.4508
529.20	0.4511
529.30	0.4531
529.40	0.4553
529.50	0.4532
529.60	0.4525
529.70	0.4575
529.80	0.4557
529.90	0.4569
530.00	0.4516
530.10	0.4494
530.20	0.4494
530.30	0.4493
530.40	0.4509
530.50	0.4473
530.60	0.4435
530.70	0.4405
530.80	0.4444
530.90	0.4530
531.00	0.4622
531.10	0.4615
531.20	0.4605
531.30	0.4559
531.40	0.4635
531.50	0.4524
531.60	0.4617
531.70	0.4561
531.80	0.4486
531.90	0.4470
532.00	0.4450
532.10	0.4450
532.20	0.4420
532.30	0.4465
532.40	0.4473
532.50	0.4415
532.60	0.4387
532.70	0.4415
532.80	0.4498
532.90	0.4578
533.00	0.4642
533.10	0.4622
533.20	0.4610
533.30	0.4574
533.40	0.4511
533.50	0.4496
533.60	0.4475
533.70	0.4510
533.80	0.4500
533.90	0.4445
534.00	0.4439
534.10	0.4448
534.20	0.4458
534.30	0.4422
534.40	0.4401
534.50	0.4415
534.60	0.4398
534.70	0.4441
534.80	0.4540
534.90	0.4611
535.00	0.4577
535.10	0.4529
535.20	0.4587
535.30	0.4608
535.40	0.4537
535.50	0.4521
535.60	0.4429
535.70	0.4558
535.80	0.4500
535.90	0.4438
536.00	0.4475
536.10	0.4441
536.20	0.4419
536.30	0.4440
536.40	0.4374
536.50	0.4386
536.60	0.4384
536.70	0.4450
536.80	0.4471
536.90	0.4583
537.00	0.4667
537.10	0.4587
537.20	0.4583
537.30	0.4539
537.40	0.4493
537.50	0.4516
537.60	0.4511
537.70	0.4479
537.80	0.4443
537.90	0.4450
538.00	0.4439
538.10	0.4421
538.20	0.4394
538.30	0.4438
538.40	0.4440
538.50	0.4430
538.60	0.4332
538.70	0.4400
538.80	0.4368
538.90	0.4465
539.00	0.4609
539.10	0.4537
539.20	0.4618
539.30	0.4504
539.40	0.4530
539.50	0.4570
539.60	0.4511
539.70	0.4453
539.80	0.4444
539.90	0.4537
540.00	0.4477
540.10	0.4410
540.20	0.4435
540.30	0.4328
540.40	0.4371
540.50	0.4419
540.60	0.4358
540.70	0.4363
540.80	0.4330
540.90	0.4308
541.00	0.4210
541.10	0.4315
541.20	0.4481
541.30	0.4463
541.40	0.4460
541.50	0.4448
541.60	0.4338
541.70	0.4449
541.80	0.4361
541.90	0.4367
542.00	0.4313
542.10	0.4321
542.20	0.4347
542.30	0.4331
542.40	0.4321
542.50	0.4242
542.60	0.4243
542.70	0.4292
542.80	0.4291
542.90	0.4246
543.00	0.4284
543.10	0.4204
543.20	0.4249
543.30	0.4227
543.40	0.4312
543.50	0.4410
543.60	0.4431
543.70	0.4422
543.80	0.4443
543.90	0.4408
544.00	0.4338
544.10	0.4381
544.20	0.4349
544.30	0.4331
544.40	0.4349
544.50	0.4278
544.60	0.4300
544.70	0.4251
544.80	0.4323
544.90	0.4195
545.00	0.4256
545.10	0.4226
545.20	0.4260
545.30	0.4282
545.40	0.4250
545.50	0.4205
545.60	0.4178
545.70	0.4191
545.80	0.4234
545.90	0.4372
546.00	0.4471
546.10	0.4388
546.20	0.4303
546.30	0.4359
546.40	0.4337
546.50	0.4339
546.60	0.4352
546.70	0.4291
546.80	0.4275
546.90	0.4287
547.00	0.4261
547.10	0.4278
547.20	0.4227
547.30	0.4248
547.40	0.4232
547.50	0.4265
547.60	0.4244
547.70	0.4278
547.80	0.4222
547.90	0.4283
548.00	0.4187
548.10	0.4181
548.20	0.4213
548.30	0.4253
548.40	0.4365
548.50	0.4391
548.60	0.4387
548.70	0.4375
548.80	0.4313
548.90	0.4288
549.00	0.4309
549.10	0.4278
549.20	0.4290
549.30	0.4250
549.40	0.4226
549.50	0.4275
549.60	0.4254
549.70	0.4224
549.80	0.4177
549.90	0.4303
550.00	0.4245
550.10	0.4241
550.20	0.4247
550.30	0.4227
550.40	0.4144
550.50	0.4155
550.60	0.4143
550.70	0.4164
550.80	0.4270
550.90	0.4320
551.00	0.4413
551.10	0.4345
551.20	0.4310
551.30	0.4308
551.40	0.4308
551.50	0.4315
551.60	0.4238
551.70	0.4263
551.80	0.4215
551.90	0.4183
552.00	0.4213
552.10	0.4236
552.20	0.4144
552.30	0.4282
552.40	0.4182
552.50	0.4214
552.60	0.4202
552.70	0.4225
552.80	0.4227
552.90	0.4149
553.00	0.4117
553.10	0.4145
553.20	0.4170
553.30	0.4183
553.40	0.4256
553.50	0.4310
553.60	0.4293
553.70	0.4339
553.80	0.4263
553.90	0.4266
554.00	0.4276
554.10	0.4265
554.20	0.4238
554.30	0.4282
554.40	0.4204
554.50	0.4205
554.60	0.4132
554.70	0.4187
554.80	0.4152
554.90	0.4250
555.00	0.4309
555.10	0.4220
555.20	0.4183
555.30	0.4219
555.40	0.4206
555.50	0.4199
555.60	0.4157
555.70	0.4157
555.80	0.4140
555.90	0.4160
556.00	0.4196
556.10	0.4249
556.20	0.4292
556.30	0.4251
556.40	0.4287
556.50	0.4258
556.60	0.4165
556.70	0.4251
556.80	0.4171
556.90	0.4155
557.00	0.4166
557.10	0.4165
557.20	0.4173
557.30	0.4166
557.40	0.4256
557.50	0.4245
557.60	0.4194
557.70	0.4134
557.80	0.4189
557.90	0.4217
558.00	0.4165
558.10	0.4148
558.20	0.4151
558.30	0.4179
558.40	0.4132
558.50	0.4123
558.60	0.4148
558.70	0.4078
558.80	0.4150
558.90	0.4186
559.00	0.4249
559.10	0.4199
559.20	0.4252
559.30	0.4171
559.40	0.4184
559.50	0.4215
559.60	0.4121
559.70	0.4177
559.80	0.4124
559.90	0.4179
560.00	0.4188
560.10	0.4213
560.20	0.4169
560.30	0.4192
560.40	0.4193
560.50	0.4177
560.60	0.4176
560.70	0.4164
560.80	0.4081
560.90	0.4096
561.00	0.4076
561.10	0.4122
561.20	0.4089
561.30	0.4132
561.40	0.4069
561.50	0.4089
561.60	0.4070
561.70	0.4152
561.80	0.4217
561.90	0.4183
562.00	0.4127
562.10	0.4141
562.20	0.4217
562.30	0.4149
562.40	0.4086
562.50	0.4111
562.60	0.4121
562.70	0.4135
562.80	0.4156
562.90	0.4209
563.00	0.4184
563.10	0.4190
563.20	0.4190
563.30	0.4183
563.40	0.4140
563.50	0.4099
563.60	0.4155
563.70	0.4102
563.80	0.4097
563.90	0.4094
564.00	0.4051
564.10	0.4068
564.20	0.4070
564.30	0.4069
564.40	0.4103
564.50	0.4119
564.60	0.4048
564.70	0.4116
564.80	0.4121
564.90	0.4147
565.00	0.4111
565.10	0.4081
565.20	0.4160
565.30	0.4085
565.40	0.4071
565.50	0.4099
565.60	0.4175
565.70	0.4194
565.80	0.4179
565.90	0.4179
566.00	0.4122
566.10	0.4144
566.20	0.4115
566.30	0.4129
566.40	0.4090
566.50	0.4164
566.60	0.4009
566.70	0.4090
566.80	0.4118
566.90	0.4067
567.00	0.4064
567.10	0.4083
567.20	0.4051
567.30	0.4077
567.40	0.4056
567.50	0.4023
567.60	0.4043
567.70	0.4064
567.80	0.4068
567.90	0.4074
568.00	0.4117
568.10	0.4118
568.20	0.4127
568.30	0.4153
568.40	0.4029
568.50	0.4095
568.60	0.4108
568.70	0.4249
568.80	0.4192
568.90	0.4159
569.00	0.4134
569.10	0.4127
569.20	0.4165
569.30	0.4125
569.40	0.4110
569.50	0.4113
569.60	0.4084
569.70	0.4049
569.80	0.4042
569.90	0.4124
570.00	0.4028
570.10	0.4084
570.20	0.4053
570.30	0.4021
570.40	0.4027
570.50	0.4003
570.60	0.4010
570.70	0.4007
570.80	0.3997
570.90	0.4071
571.00	0.4102
571.10	0.4030
571.20	0.4064
571.30	0.4017
571.40	0.4021
571.50	0.4042
571.60	0.4053
571.70	0.4198
571.80	0.4227
571.90	0.4146
572.00	0.4146
572.10	0.4100
572.20	0.4075
572.30	0.4079
572.40	0.4086
572.50	0.4129
572.60	0.4138
572.70	0.4050
572.80	0.4071
572.90	0.4018
573.00	0.4061
573.10	0.4098
573.20	0.4047
573.30	0.4037
573.40	0.4086
573.50	0.4024
573.60	0.4025
573.70	0.4012
573.80	0.4029
573.90	0.4004
574.00	0.4013
574.10	0.4039
574.20	0.4002
574.30	0.4045
574.40	0.4002
574.50	0.3974
574.60	0.4020
574.70	0.4077
574.80	0.4154
574.90	0.4192
575.00	0.4131
575.10	0.4140
575.20	0.4126
575.30	0.4043
575.40	0.4074
575.50	0.4075
575.60	0.4072
575.70	0.4050
575.80	0.4049
575.90	0.4046
576.00	0.4105
576.10	0.4023
576.20	0.4023
576.30	0.4079
576.40	0.4044
576.50	0.4016
576.60	0.4067
576.70	0.3994
576.80	0.3937
576.90	0.3919
577.00	0.4001
577.10	0.3971
577.20	0.3948
577.30	0.3965
577.40	0.3996
577.50	0.3982
577.60	0.3976
577.70	0.3959
577.80	0.4008
577.90	0.4058
578.00	0.4117
578.10	0.4051
578.20	0.4014
578.30	0.4104
578.40	0.4077
578.50	0.4058
578.60	0.4029
578.70	0.4067
578.80	0.4055
578.90	0.4066
579.00	0.4046
579.10	0.4031
579.20	0.3981
579.30	0.3984
579.40	0.3995
579.50	0.4035
579.60	0.3966
579.70	0.3982
579.80	0.4005
579.90	0.3956
580.00	0.3955
580.10	0.3987
580.20	0.3952
580.30	0.3966
580.40	0.3968
580.50	0.3993
580.60	0.4006
580.70	0.3974
580.80	0.3964
580.90	0.3972
581.00	0.3966
581.10	0.3946
581.20	0.4013
581.30	0.4068
581.40	0.4083
581.50	0.4061
581.60	0.4051
581.70	0.4084
581.80	0.4058
581.90	0.4009
582.00	0.4107
582.10	0.3990
582.20	0.4030
582.30	0.4047
582.40	0.3972
582.50	0.4037
582.60	0.4017
582.70	0.4046
582.80	0.3979
582.90	0.3949
583.00	0.3928
583.10	0.3993
583.20	0.3906
583.30	0.3987
583.40	0.3945
583.50	0.3965
583.60	0.3968
583.70	0.3925
583.80	0.3942
583.90	0.3894
584.00	0.3930
584.10	0.3864
584.20	0.3888
584.30	0.3869
584.40	0.3941
584.50	0.3906
584.60	0.3941
584.70	0.4012
584.80	0.4044
584.90	0.4008
585.00	0.3988
585.10	0.4064
585.20	0.4028
585.30	0.4014
585.40	0.4029
585.50	0.4012
585.60	0.3983
585.70	0.4003
585.80	0.4013
585.90	0.3960
586.00	0.4027
586.10	0.3994
586.20	0.4013
586.30	0.3992
586.40	0.4010
586.50	0.3883
586.60	0.3975
586.70	0.4005
586.80	0.3975
586.90	0.3919
587.00	0.4014
587.10	0.3964
587.20	0.3975
587.30	0.3941
587.40	0.3870
587.50	0.3944
587.60	0.3926
587.70	0.3906
587.80	0.3907
587.90	0.3903
588.00	0.3829
588.10	0.3835
588.20	0.3898
588.30	0.3956
588.40	0.3947
588.50	0.3946
588.60	0.4029
588.70	0.3990
588.80	0.4009
588.90	0.3968
589.00	0.4005
589.10	0.3997
589.20	0.3928
589.30	0.3915
589.40	0.3931
589.50	0.3988
589.60	0.3968
589.70	0.3985
589.80	0.3965
589.90	0.3959
590.00	0.3882
590.10	0.3956
590.20	0.3949
590.30	0.3918
590.40	0.3903
590.50	0.3943
590.60	0.3885
590.70	0.3902
590.80	0.3845
590.90	0.3911
591.00	0.3922
591.10	0.3869
591.20	0.3877
591.30	0.3858
591.40	0.3923
591.50	0.3884
591.60	0.3849
591.70	0.3846
591.80	0.3899
591.90	0.4000
592.00	0.3937
592.10	0.3992
592.20	0.3923
592.30	0.3979
592.40	0.3984
592.50	0.4007
592.60	0.3981
592.70	0.3992
592.80	0.4010
592.90	0.3996
593.00	0.3960
593.10	0.3873
593.20	0.3894
593.30	0.3903
593.40	0.3899
593.50	0.3927
593.60	0.3866
593.70	0.3945
593.80	0.3943
593.90	0.3841
594.00	0.3904
594.10	0.3878
594.20	0.3893
594.30	0.3878
594.40	0.3873
594.50	0.3895
594.60	0.3837
594.70	0.3891
594.80	0.3837
594.90	0.3873
595.00	0.3912
595.10	0.3875
595.20	0.3869
595.30	0.3861
595.40	0.3847
595.50	0.3869
595.60	0.3881
595.70	0.3895
595.80	0.3984
595.90	0.3930
596.00	0.3995
596.10	0.4006
596.20	0.3919
596.30	0.3911
596.40	0.3924
596.50	0.3852
596.60	0.3951
596.70	0.3926
596.80	0.3920
596.90	0.3900
597.00	0.3926
597.10	0.3909
597.20	0.3944
597.30	0.3879
597.40	0.3924
597.50	0.3897
597.60	0.3886
597.70	0.3811
597.80	0.3863
597.90	0.3809
598.00	0.3854
598.10	0.3913
598.20	0.3837
598.30	0.3864
598.40	0.3837
598.50	0.3850
598.60	0.3815
598.70	0.3886
598.80	0.3843
598.90	0.3827
599.00	0.3851
599.10	0.3839
599.20	0.3820
599.30	0.3863
599.40	0.3926
599.50	0.3954
599.60	0.3951
599.70	0.3924
599.80	0.3973
599.90	0.4019
600.00	0.3934
600.10	0.3929
600.20	0.3878
600.30	0.3871
600.40	0.3974
600.50	0.3878
600.60	0.3905
600.70	0.3978
600.80	0.3933
600.90	0.3883
601.00	0.3897
601.10	0.3850
601.20	0.3941
601.30	0.3923
601.40	0.3847
601.50	0.3931
601.60	0.3876
601.70	0.3878
601.80	0.3829
601.90	0.3906
602.00	0.3832
602.10	0.3811
602.20	0.3868
602.30	0.3926
602.40	0.3826
602.50	0.3888
602.60	0.3861
602.70	0.3885
602.80	0.3924
602.90	0.3880
603.00	0.3801
603.10	0.3879
603.20	0.3857
603.30	0.3940
603.40	0.3889
603.50	0.3931
603.60	0.3896
603.70	0.3917
603.80	0.3915
603.90	0.3927
604.00	0.3874
604.10	0.3928
604.20	0.3892
604.30	0.3868
604.40	0.3884
604.50	0.3869
604.60	0.3883
604.70	0.3816
604.80	0.3905
604.90	0.3887
605.00	0.3907
605.10	0.3873
605.20	0.3832
605.30	0.3890
605.40	0.3837
605.50	0.3841
605.60	0.3880
605.70	0.3798
605.80	0.3896
605.90	0.3789
606.00	0.3838
606.10	0.3894
606.20	0.3933
606.30	0.3871
606.40	0.3800
606.50	0.3817
606.60	0.3780
606.70	0.3810
606.80	0.3833
606.90	0.3910
607.00	0.3826
607.10	0.3841
607.20	0.3899
607.30	0.3915
607.40	0.3924
607.50	0.3886
607.60	0.3842
607.70	0.3857
607.80	0.3874
607.90	0.3835
608.00	0.3857
608.10	0.3859
608.20	0.3870
608.30	0.3918
608.40	0.3856
608.50	0.3828
608.60	0.3850
608.70	0.3861
608.80	0.3870
608.90	0.3841
609.00	0.3849
609.10	0.3903
609.20	0.3824
609.30	0.3861
609.40	0.3858
609.50	0.3867
609.60	0.3834
609.70	0.3802
609.80	0.3859
609.90	0.3787
610.00	0.3764
610.10	0.3830
610.20	0.3855
610.30	0.3813
610.40	0.3776
610.50	0.3842
610.60	0.3840
610.70	0.3780
610.80	0.3789
610.90	0.3791
611.00	0.3877
611.10	0.3861
611.20	0.3807
611.30	0.3850
611.40	0.3954
611.50	0.3893
611.60	0.3921
611.70	0.3812
611.80	0.3861
611.90	0.3860
612.00	0.3842
612.10	0.3901
612.20	0.3881
612.30	0.3885
612.40	0.3841
612.50	0.3844
612.60	0.3831
612.70	0.3806
612.80	0.3812
612.90	0.3867
613.00	0.3819
613.10	0.3852
613.20	0.3844
613.30	0.3809
613.40	0.3781
613.50	0.3804
613.60	0.3798
613.70	0.3815
613.80	0.3797
613.90	0.3788
614.00	0.3838
614.10	0.3776
614.20	0.3811
614.30	0.3839
614.40	0.3799
614.50	0.3820
614.60	0.3842
614.70	0.3798
614.80	0.3787
614.90	0.3793
615.00	0.3807
615.10	0.3880
615.20	0.3864
615.30	0.3817
615.40	0.3865
615.50	0.3811
615.60	0.3896
615.70	0.3838
615.80	0.3867
615.90	0.3799
616.00	0.3864
616.10	0.3835
616.20	0.3822
616.30	0.3837
616.40	0.3839
616.50	0.3894
616.60	0.3883
616.70	0.3860
616.80	0.3880
616.90	0.3791
617.00	0.3900
617.10	0.3792
617.20	0.3862
617.30	0.3935
617.40	0.3875
617.50	0.3689
617.60	0.3764
617.70	0.3728
617.80	0.3769
617.90	0.3762
618.00	0.3721
618.10	0.3762
618.20	0.3746
618.30	0.3805
618.40	0.3737
618.50	0.3680
618.60	0.3745
618.70	0.3755
618.80	0.3747
618.90	0.3749
619.00	0.3771
619.10	0.3680
619.20	0.3718
619.30	0.3725
619.40	0.3766
619.50	0.3740
619.60	0.3746
619.70	0.3718
619.80	0.3730
619.90	0.3795
620.00	0.3828
620.10	0.3754
620.20	0.3810
620.30	0.3700
620.40	0.3765
620.50	0.3789
620.60	0.3732
620.70	0.3699
620.80	0.3755
620.90	0.3764
621.00	0.3759
621.10	0.3731
621.20	0.3722
621.30	0.3761
621.40	0.3733
621.50	0.3808
621.60	0.3709
621.70	0.3707
621.80	0.3767
621.90	0.3762
622.00	0.3789
622.10	0.3748
622.20	0.3738
622.30	0.3749
622.40	0.3772
622.50	0.3792
622.60	0.3688
622.70	0.3775
622.80	0.3760
622.90	0.3725
623.00	0.3758
623.10	0.3759
623.20	0.3783
623.30	0.3744
623.40	0.3734
623.50	0.3769
623.60	0.3765
623.70	0.3748
623.80	0.3727
623.90	0.3749
624.00	0.3738
624.10	0.3768
624.20	0.3750
624.30	0.3795
624.40	0.3856
624.50	0.3778
624.60	0.3792
624.70	0.3776
624.80	0.3765
624.90	0.3775
625.00	0.3802
625.10	0.3792
625.20	0.3777
625.30	0.3753
625.40	0.3769
625.50	0.3763
625.60	0.3772
625.70	0.3740
625.80	0.3741
625.90	0.3730
626.00	0.3783
626.10	0.3780
626.20	0.3765
626.30	0.3765
626.40	0.3759
626.50	0.3763
626.60	0.3782
626.70	0.3753
626.80	0.3728
626.90	0.3747
627.00	0.3758
627.10	0.3732
627.20	0.3706
627.30	0.3728
627.40	0.3825
627.50	0.3773
627.60	0.3722
627.70	0.3740
627.80	0.3751
627.90	0.3731
628.00	0.3726
628.10	0.3808
628.20	0.3747
628.30	0.3798
628.40	0.3709
628.50	0.3759
628.60	0.3770
628.70	0.3710
628.80	0.3745
628.90	0.3752
629.00	0.3770
629.10	0.3729
629.20	0.3788
629.30	0.3758
629.40	0.3762
629.50	0.3730
629.60	0.3700
629.70	0.3782
629.80	0.3656
629.90	0.3716
630.00	0.3780
630.10	0.3695
630.20	0.3740
630.30	0.3742
630.40	0.3671
630.50	0.3666
630.60	0.3720
630.70	0.3688
630.80	0.3774
630.90	0.3746
631.00	0.3678
631.10	0.3784
631.20	0.3801
631.30	0.3763
631.40	0.3710
631.50	0.3784
631.60	0.3710
631.70	0.3723
631.80	0.3759
631.90	0.3757
632.00	0.3835
632.10	0.3632
632.20	0.3680
632.30	0.3690
632.40	0.3752
632.50	0.3763
632.60	0.3690
632.70	0.3744
632.80	0.3772
632.90	0.3820
633.00	0.3795
633.10	0.3732
633.20	0.3760
633.30	0.3715
633.40	0.3735
633.50	0.3764
633.60	0.3719
633.70	0.3802
633.80	0.3774
633.90	0.3726
634.00	0.3737
634.10	0.3784
634.20	0.3757
634.30	0.3686
634.40	0.3728
634.50	0.3699
634.60	0.3718
634.70	0.3705
634.80	0.3749
634.90	0.3703
635.00	0.3736
635.10	0.3705
635.20	0.3775
635.30	0.3778
635.40	0.3726
635.50	0.3689
635.60	0.3758
635.70	0.3735
635.80	0.3678
635.90	0.3726
636.00	0.3678
636.10	0.3714
636.20	0.3720
636.30	0.3694
636.40	0.3750
636.50	0.3729
636.60	0.3711
636.70	0.3788
636.80	0.3762
636.90	0.3791
637.00	0.3737
637.10	0.3739
637.20	0.3820
637.30	0.3728
637.40	0.3758
637.50	0.3728
637.60	0.3754
637.70	0.3779
637.80	0.3732
637.90	0.3766
638.00	0.3755
638.10	0.3867
638.20	0.3706
638.30	0.3826
638.40	0.3742
638.50	0.3778
638.60	0.3700
638.70	0.3696
638.80	0.3748
638.90	0.3748
639.00	0.3702
639.10	0.3731
639.20	0.3627
639.30	0.3735
639.40	0.3717
639.50	0.3768
639.60	0.3785
639.70	0.3799
639.80	0.3775
639.90	0.3813
640.00	0.3733
640.10	0.3704
640.20	0.3805
640.30	0.3775
640.40	0.3788
640.50	0.3771
640.60	0.3733
640.70	0.3786
640.80	0.3745
640.90	0.3714
641.00	0.3738
641.10	0.3710
641.20	0.3795
641.30	0.3756
641.40	0.3664
641.50	0.3751
641.60	0.3720
641.70	0.3717
641.80	0.3699
641.90	0.3740
642.00	0.3714
642.10	0.3729
642.20	0.3748
642.30	0.3711
642.40	0.3792
642.50	0.3729
642.60	0.3727
642.70	0.3773
642.80	0.3721
642.90	0.3741
643.00	0.3760
643.10	0.3743
643.20	0.3736
643.30	0.3782
643.40	0.3749
643.50	0.3729
643.60	0.3676
643.70	0.3746
643.80	0.3734
643.90	0.3775
644.00	0.3713
644.10	0.3729
644.20	0.3713
644.30	0.3780
644.40	0.3769
644.50	0.3737
644.60	0.3730
644.70	0.3786
644.80	0.3771
644.90	0.3682
645.00	0.3635
645.10	0.3779
645.20	0.3666
645.30	0.3702
645.40	0.3699
645.50	0.3706
645.60	0.3674
645.70	0.3667
645.80	0.3744
645.90	0.3702
646.00	0.3717
646.10	0.3727
646.20	0.3685
646.30	0.3731
646.40	0.3781
646.50	0.3836
646.60	0.3772
646.70	0.3658
646.80	0.3699
646.90	0.3738
647.00	0.3699
647.10	0.3758
647.20	0.3762
647.30	0.3644
647.40	0.3725
647.50	0.3734
647.60	0.3720
647.70	0.3778
647.80	0.3676
647.90	0.3787
648.00	0.3681
648.10	0.3696
648.20	0.3691
648.30	0.3656
648.40	0.3722
648.50	0.3720
648.60	0.3685
648.70	0.3697
648.80	0.3681
648.90	0.3767
649.00	0.3727
649.10	0.3658
649.20	0.3738
649.30	0.3696
649.40	0.3671
649.50	0.3683
649.60	0.3746
649.70	0.3687
649.80	0.3771
649.90	0.3726
650.00	0.3773
