400.0000000000 0.0000000000
404.0000000000 0.0000000000
408.0000000000 0.0000000000
412.0000000000 0.0000000000
416.0000000000 0.0000000000
420.0000000000 0.0000000000
424.0000000000 0.0000000000
428.0000000000 0.0000000000
432.0000000000 0.0000000000
436.0000000000 0.0000000000
440.0000000000 0.0000000000
444.0000000000 0.0000000000
448.0000000000 0.0000000000
452.0000000000 0.0000000000
456.0000000000 0.0000000000
460.0000000000 0.0000000000
464.0000000000 0.0000000000
468.0000000000 0.0000000000
472.0000000000 0.0000000000
476.0000000000 0.0000000000
480.0000000000 0.0000000000
484.0000000000 0.0000000000
488.0000000000 0.0000000000
492.0000000000 0.0000000000
496.0000000000 0.0000000000
500.0000000000 0.0000000000
504.0000000000 0.0000000000
508.0000000000 0.0000000000
512.0000000000 0.0000000000
516.0000000000 0.0000000000
520.0000000000 0.0000000000
524.0000000000 0.0000000000
528.0000000000 0.0000000000
532.0000000000 0.0000000000
536.0000000000 0.0000000000
540.0000000000 0.0000000000
544.0000000000 0.0000000000
548.0000000000 0.0000000000
552.0000000000 0.0000000000
556.0000000000 0.0000000000
560.0000000000 0.0000000000
564.0000000000 0.0000000000
568.0000000000 0.0000000000
572.0000000000 0.0000000000
576.0000000000 0.0000000000
580.0000000000 0.0000000000
584.0000000000 0.0000000000
588.0000000000 0.0000000000
592.0000000000 0.0000000000
596.0000000000 0.0000000000
600.0000000000 0.0000000000
604.0000000000 0.0000000000
608.0000000000 0.0000000000
612.0000000000 0.0000000000
616.0000000000 0.0000000000
620.0000000000 0.0000000000
624.0000000000 0.0000000000
628.0000000000 0.0000000000
632.0000000000 0.0000000000
636.0000000000 0.0000000000
640.0000000000 0.0000000000
644.0000000000 0.0000000000
648.0000000000 0.0000000000
652.0000000000 0.0000000000
656.0000000000 0.0000000000
660.0000000000 0.0000000000
664.0000000000 0.0000000000
668.0000000000 0.0000000000
672.0000000000 0.0000000000
676.0000000000 0.0000000000
680.0000000000 0.0000000000
684.0000000000 0.0000000000
688.0000000000 0.0000000000
692.0000000000 0.0000000000
696.0000000000 0.0000000000
700.0000000000 0.0000000000
704.0000000000 0.0000000000
708.0000000000 0.0000000000
712.0000000000 0.0000000000
716.0000000000 0.0000000000
720.0000000000 0.0000000000
724.0000000000 0.0000000000
728.0000000000 0.0000000000
732.0000000000 0.0000000000
736.0000000000 0.0000000000
740.0000000000 0.0000000000
744.0000000000 0.0000000000
748.0000000000 0.0000000000
752.0000000000 0.0000000000
756.0000000000 0.0000000000
760.0000000000 0.0000000000
764.0000000000 0.0000000000
768.0000000000 0.0000000000
772.0000000000 0.0000000000
776.0000000000 0.0000000000
780.0000000000 0.0000000000
784.0000000000 0.0000000000
788.0000000000 0.0000000000
792.0000000000 0.0000000000
796.0000000000 0.0000000000
800.0000000000 0.0000000000
804.0000000000 0.0000000000
808.0000000000 0.0000000000
812.0000000000 0.0000000000
816.0000000000 0.0000000000
820.0000000000 0.0000000000
824.0000000000 0.0000000000
828.0000000000 0.0000000000
832.0000000000 0.0000000000
836.0000000000 0.0000000000
840.0000000000 0.0000000000
844.0000000000 0.0000000000
848.0000000000 0.0000000000
852.0000000000 0.0000000000
856.0000000000 0.0000000000
860.0000000000 0.0000000000
864.0000000000 0.0000000000
868.0000000000 0.0000000000
872.0000000000 0.0000000000
876.0000000000 0.0000000000
880.0000000000 0.0000000000
884.0000000000 0.0000000000
888.0000000000 0.0000000000
892.0000000000 0.0000000000
896.0000000000 0.0000000000
900.0000000000 0.0000000000
904.0000000000 0.0000000000
908.0000000000 0.0000000000
912.0000000000 0.0000000000
916.0000000000 0.0000000000
920.0000000000 0.0000000000
924.0000000000 0.0000000000
928.0000000000 0.0000000000
932.0000000000 0.0000000000
936.0000000000 0.0000000000
940.0000000000 0.0000000000
944.0000000000 0.0000000000
948.0000000000 0.0000000000
952.0000000000 0.0000000000
956.0000000000 0.0000000000
960.0000000000 0.0000000000
964.0000000000 0.0000000000
968.0000000000 0.0000000000
972.0000000000 0.0000000000
976.0000000000 0.0000000000
980.0000000000 0.0000000000
984.0000000000 0.0000000000
988.0000000000 0.0000000000
992.0000000000 0.0000000000
996.0000000000 0.0000000000
1000.0000000000 0.0000000000
1004.0000000000 0.0000000000
1008.0000000000 0.0000000000
1012.0000000000 0.0000000000
1016.0000000000 0.0000000000
1020.0000000000 0.0000000000
1024.0000000000 0.0000000000
1028.0000000000 0.0000000000
1032.0000000000 0.0000000000
1036.0000000000 0.0000000000
1040.0000000000 0.0000000000
1044.0000000000 0.0000000000
1048.0000000000 0.0000000000
1052.0000000000 0.0000000000
1056.0000000000 0.0000000000
1060.0000000000 0.0000000000
1064.0000000000 0.0000000000
1068.0000000000 0.0000000000
1072.0000000000 0.0000000000
1076.0000000000 0.0000000000
1080.0000000000 0.0000000000
1084.0000000000 0.0000000000
1088.0000000000 0.0000000000
1092.0000000000 0.0000000000
1096.0000000000 0.0000000000
1100.0000000000 0.0000000000
1104.0000000000 0.0000000000
1108.0000000000 0.0000000000
1112.0000000000 0.0000000000
1116.0000000000 0.0000000000
1120.0000000000 0.0000000000
1124.0000000000 0.0000000000
1128.0000000000 0.0000000000
1132.0000000000 0.0000000000
1136.0000000000 0.0000000000
1140.0000000000 0.0000000000
1144.0000000000 0.0000000000
1148.0000000000 0.0000000000
1152.0000000000 0.0000000000
1156.0000000000 0.0000000000
1160.0000000000 0.0000000000
1164.0000000000 0.0000000000
1168.0000000000 0.0000000000
1172.0000000000 0.0000000000
1176.0000000000 0.0000000000
1180.0000000000 0.0000000000
1184.0000000000 0.0000000000
1188.0000000000 0.0000000000
1192.0000000000 0.0000000000
1196.0000000000 0.0000000000
1200.0000000000 0.0958051428
1204.0000000000 0.1009033983
1208.0000000000 0.1064196020
1212.0000000000 0.1124007054
1216.0000000000 0.1189004417
1220.0000000000 0.1259805349
1224.0000000000 0.1337121694
1228.0000000000 0.1421777843
1232.0000000000 0.1514732771
1236.0000000000 0.1617107282
1240.0000000000 0.1730217911
1244.0000000000 0.1855619391
1248.0000000000 0.1995158294
1252.0000000000 0.2151041275
1256.0000000000 0.2325922704
1260.0000000000 0.2523018184
1264.0000000000 0.2746253126
1268.0000000000 0.3000459270
1272.0000000000 0.3291637697
1276.0000000000 0.3627315306
1280.0000000000 0.4017034708
1284.0000000000 0.4473037730
1288.0000000000 0.5011235077
1292.0000000000 0.5652607540
1296.0000000000 0.6425272655
1300.0000000000 0.7367603432
1304.0000000000 0.8533057481
1308.0000000000 0.9997876054
1312.0000000000 1.1873775109
1316.0000000000 1.4329686625
1320.0000000000 1.7630716025
1324.0000000000 2.2211755627
1328.0000000000 2.8825729421
1332.0000000000 3.8866243141
1336.0000000000 5.5141014922
1340.0000000000 8.3967376084
1344.0000000000 4.1814452135
1348.0000000000 8.0775715873
1352.0000000000 9.4603868887
1356.0000000000 5.8169642829
1360.0000000000 6.9274038634
1364.0000000000 0.4685173505
1368.0000000000 5.0778628650
1372.0000000000 8.8102491424
1376.0000000000 5.7350604560
1380.0000000000 4.0175466067
1384.0000000000 2.9662120526
1388.0000000000 2.2777349804
1392.0000000000 1.8030522324
1396.0000000000 1.4622497439
1400.0000000000 1.2094524320
1404.0000000000 1.0168354124
1408.0000000000 0.8667416415
1412.0000000000 0.7475352826
1416.0000000000 0.6512991355
1420.0000000000 0.5724962841
1424.0000000000 0.5071611664
1428.0000000000 0.4523938058
1432.0000000000 0.4060340956
1436.0000000000 0.3664464957
1440.0000000000 0.3323743810
1444.0000000000 0.3028394466
1448.0000000000 0.2770709284
1452.0000000000 0.2544549541
1456.0000000000 0.2344977435
1460.0000000000 0.2167984935
1464.0000000000 0.2010291432
1468.0000000000 0.1869190942
1472.0000000000 0.1742435467
1476.0000000000 0.1628145071
1480.0000000000 0.1524737878
1484.0000000000 0.1430875139
1488.0000000000 0.1345417735
1492.0000000000 0.1267391510
1496.0000000000 0.1195959412
1500.0000000000 0.1130398987
1504.0000000000 0.1070084051
1508.0000000000 0.1014469707
1512.0000000000 0.0963079999
1516.0000000000 0.0915497714
1520.0000000000 0.0000000000
1524.0000000000 0.0000000000
1528.0000000000 0.0000000000
1532.0000000000 0.0000000000
1536.0000000000 0.0000000000
1540.0000000000 0.0000000000
1544.0000000000 0.0000000000
1548.0000000000 0.0000000000
1552.0000000000 0.0000000000
1556.0000000000 0.0000000000
1560.0000000000 0.0000000000
1564.0000000000 0.0000000000
1568.0000000000 0.0000000000
1572.0000000000 0.0000000000
1576.0000000000 0.0000000000
1580.0000000000 0.0000000000
1584.0000000000 0.0000000000
1588.0000000000 0.0000000000
1592.0000000000 0.0000000000
1596.0000000000 0.0000000000
1600.0000000000 0.0000000000
1604.0000000000 0.0000000000
1608.0000000000 0.0000000000
1612.0000000000 0.0000000000
1616.0000000000 0.0000000000
1620.0000000000 0.0000000000
1624.0000000000 0.0000000000
1628.0000000000 0.0000000000
1632.0000000000 0.0000000000
1636.0000000000 0.0000000000
1640.0000000000 0.0000000000
1644.0000000000 0.0000000000
1648.0000000000 0.0000000000
1652.0000000000 0.0000000000
1656.0000000000 0.0000000000
1660.0000000000 0.0000000000
1664.0000000000 0.0000000000
1668.0000000000 0.0000000000
1672.0000000000 0.0000000000
1676.0000000000 0.0000000000
1680.0000000000 0.0000000000
1684.0000000000 0.0000000000
1688.0000000000 0.0000000000
1692.0000000000 0.0000000000
1696.0000000000 0.0000000000
1700.0000000000 0.0000000000
1704.0000000000 0.0000000000
1708.0000000000 0.0000000000
1712.0000000000 0.0000000000
1716.0000000000 0.0000000000
1720.0000000000 0.0000000000
1724.0000000000 0.0000000000
1728.0000000000 0.0000000000
1732.0000000000 0.0000000000
1736.0000000000 0.0000000000
1740.0000000000 0.0000000000
1744.0000000000 0.0000000000
1748.0000000000 0.0000000000
1752.0000000000 0.0000000000
1756.0000000000 0.0000000000
1760.0000000000 0.0000000000
1764.0000000000 0.0000000000
1768.0000000000 0.0000000000
1772.0000000000 0.0000000000
1776.0000000000 0.0000000000
1780.0000000000 0.0000000000
1784.0000000000 0.0000000000
1788.0000000000 0.0000000000
1792.0000000000 0.0000000000
1796.0000000000 0.0000000000
1800.0000000000 0.0000000000
1804.0000000000 0.0000000000
1808.0000000000 0.0000000000
1812.0000000000 0.0000000000
1816.0000000000 0.0000000000
1820.0000000000 0.0000000000
1824.0000000000 0.0000000000
1828.0000000000 0.0000000000
1832.0000000000 0.0000000000
1836.0000000000 0.0000000000
1840.0000000000 0.0000000000
1844.0000000000 0.0000000000
1848.0000000000 0.0000000000
1852.0000000000 0.0000000000
1856.0000000000 0.0000000000
1860.0000000000 0.0000000000
1864.0000000000 0.0000000000
1868.0000000000 0.0000000000
1872.0000000000 0.0000000000
1876.0000000000 0.0000000000
1880.0000000000 0.0000000000
1884.0000000000 0.0000000000
1888.0000000000 0.0000000000
1892.0000000000 0.0000000000
1896.0000000000 0.0000000000
1900.0000000000 0.0000000000
1904.0000000000 0.0000000000
1908.0000000000 0.0000000000
1912.0000000000 0.0000000000
1916.0000000000 0.0000000000
1920.0000000000 0.0000000000
1924.0000000000 0.0000000000
1928.0000000000 0.0000000000
1932.0000000000 0.0000000000
1936.0000000000 0.0000000000
1940.0000000000 0.0000000000
1944.0000000000 0.0000000000
1948.0000000000 0.0000000000
1952.0000000000 0.0000000000
1956.0000000000 0.0000000000
1960.0000000000 0.0000000000
1964.0000000000 0.0000000000
1968.0000000000 0.0000000000
1972.0000000000 0.0000000000
1976.0000000000 0.0000000000
1980.0000000000 0.0000000000
1984.0000000000 0.0000000000
1988.0000000000 0.0000000000
1992.0000000000 0.0000000000
1996.0000000000 0.0000000000
2000.0000000000 0.0000000000
2004.0000000000 0.0000000000
2008.0000000000 0.0000000000
2012.0000000000 0.0000000000
2016.0000000000 0.0000000000
2020.0000000000 0.0000000000
2024.0000000000 0.0000000000
2028.0000000000 0.0000000000
2032.0000000000 0.0000000000
2036.0000000000 0.0000000000
2040.0000000000 0.0000000000
2044.0000000000 0.0000000000
2048.0000000000 0.0000000000
2052.0000000000 0.0000000000
2056.0000000000 0.0000000000
2060.0000000000 0.0000000000
2064.0000000000 0.0000000000
2068.0000000000 0.0000000000
2072.0000000000 0.0000000000
2076.0000000000 0.0000000000
2080.0000000000 0.0000000000
2084.0000000000 0.0000000000
2088.0000000000 0.0000000000
2092.0000000000 0.0000000000
2096.0000000000 0.0000000000
2100.0000000000 0.0000000000
2104.0000000000 0.0000000000
2108.0000000000 0.0000000000
2112.0000000000 0.0000000000
2116.0000000000 0.0000000000
2120.0000000000 0.0000000000
2124.0000000000 0.0000000000
2128.0000000000 0.0000000000
2132.0000000000 0.0000000000
2136.0000000000 0.0000000000
2140.0000000000 0.0000000000
2144.0000000000 0.0000000000
2148.0000000000 0.0000000000
2152.0000000000 0.0000000000
2156.0000000000 0.0000000000
2160.0000000000 0.0000000000
2164.0000000000 0.0000000000
2168.0000000000 0.0000000000
2172.0000000000 0.0000000000
2176.0000000000 0.0000000000
2180.0000000000 0.0000000000
2184.0000000000 0.0000000000
2188.0000000000 0.0000000000
2192.0000000000 0.0000000000
2196.0000000000 0.0000000000
2200.0000000000 0.0000000000
2204.0000000000 0.0000000000
2208.0000000000 0.0000000000
2212.0000000000 0.0000000000
2216.0000000000 0.0000000000
2220.0000000000 0.0000000000
2224.0000000000 0.0000000000
2228.0000000000 0.0000000000
2232.0000000000 0.0000000000
2236.0000000000 0.0000000000
2240.0000000000 0.0000000000
2244.0000000000 0.0000000000
2248.0000000000 0.0000000000
2252.0000000000 0.0000000000
2256.0000000000 0.0000000000
2260.0000000000 0.0000000000
2264.0000000000 0.0000000000
2268.0000000000 0.0000000000
2272.0000000000 0.0000000000
2276.0000000000 0.0000000000
2280.0000000000 0.0000000000
2284.0000000000 0.0000000000
2288.0000000000 0.0000000000
2292.0000000000 0.0000000000
2296.0000000000 0.0000000000
2300.0000000000 0.0000000000
2304.0000000000 0.0000000000
2308.0000000000 0.0000000000
2312.0000000000 0.0000000000
2316.0000000000 0.0000000000
2320.0000000000 0.0000000000
2324.0000000000 0.0000000000
2328.0000000000 0.0000000000
2332.0000000000 0.0000000000
2336.0000000000 0.0000000000
2340.0000000000 0.0000000000
2344.0000000000 0.0000000000
2348.0000000000 0.0000000000
2352.0000000000 0.0000000000
2356.0000000000 0.0000000000
2360.0000000000 0.0000000000
2364.0000000000 0.0000000000
2368.0000000000 0.0000000000
2372.0000000000 0.0000000000
2376.0000000000 0.0000000000
2380.0000000000 0.0000000000
2384.0000000000 0.0000000000
2388.0000000000 0.0000000000
2392.0000000000 0.0000000000
2396.0000000000 0.0000000000
2400.0000000000 0.0000000000
2404.0000000000 0.0000000000
2408.0000000000 0.0000000000
2412.0000000000 0.0000000000
2416.0000000000 0.0000000000
2420.0000000000 0.0000000000
2424.0000000000 0.0000000000
2428.0000000000 0.0000000000
2432.0000000000 0.0000000000
2436.0000000000 0.0000000000
2440.0000000000 0.0000000000
2444.0000000000 0.0000000000
2448.0000000000 0.0000000000
2452.0000000000 0.0000000000
2456.0000000000 0.0000000000
2460.0000000000 0.0000000000
2464.0000000000 0.0000000000
2468.0000000000 0.0000000000
2472.0000000000 0.0000000000
2476.0000000000 0.0000000000
2480.0000000000 0.0000000000
2484.0000000000 0.0000000000
2488.0000000000 0.0000000000
2492.0000000000 0.0000000000
2496.0000000000 0.0000000000
2500.0000000000 0.0000000000
2504.0000000000 0.0000000000
2508.0000000000 0.0000000000
2512.0000000000 0.0000000000
2516.0000000000 0.0000000000
2520.0000000000 0.0000000000
2524.0000000000 0.0000000000
2528.0000000000 0.0000000000
2532.0000000000 0.0000000000
2536.0000000000 0.0000000000
2540.0000000000 0.0000000000
2544.0000000000 0.0000000000
2548.0000000000 0.0000000000
2552.0000000000 0.0000000000
2556.0000000000 0.0000000000
2560.0000000000 0.0000000000
2564.0000000000 0.0000000000
2568.0000000000 0.0000000000
2572.0000000000 0.0000000000
2576.0000000000 0.0000000000
2580.0000000000 0.0000000000
2584.0000000000 0.0000000000
2588.0000000000 0.0000000000
2592.0000000000 0.0000000000
2596.0000000000 0.0000000000
2600.0000000000 0.0000000000
2604.0000000000 0.0000000000
2608.0000000000 0.0000000000
2612.0000000000 0.0000000000
2616.0000000000 0.0000000000
2620.0000000000 0.0000000000
2624.0000000000 0.0000000000
2628.0000000000 0.0000000000
2632.0000000000 0.0000000000
2636.0000000000 0.0000000000
2640.0000000000 0.0000000000
2644.0000000000 0.0000000000
2648.0000000000 0.0000000000
2652.0000000000 0.0000000000
2656.0000000000 0.0000000000
2660.0000000000 0.0000000000
2664.0000000000 0.0000000000
2668.0000000000 0.0000000000
2672.0000000000 0.0000000000
2676.0000000000 0.0000000000
2680.0000000000 0.0000000000
2684.0000000000 0.0000000000
2688.0000000000 0.0000000000
2692.0000000000 0.0000000000
2696.0000000000 0.0000000000
2700.0000000000 0.0000000000
2704.0000000000 0.0000000000
2708.0000000000 0.0000000000
2712.0000000000 0.0000000000
2716.0000000000 0.0000000000
2720.0000000000 0.0000000000
2724.0000000000 0.0000000000
2728.0000000000 0.0000000000
2732.0000000000 0.0000000000
2736.0000000000 0.0000000000
2740.0000000000 0.0000000000
2744.0000000000 0.0000000000
2748.0000000000 0.0000000000
2752.0000000000 0.0000000000
2756.0000000000 0.0000000000
2760.0000000000 0.0000000000
2764.0000000000 0.0000000000
2768.0000000000 0.0000000000
2772.0000000000 0.0000000000
2776.0000000000 0.0000000000
2780.0000000000 0.0000000000
2784.0000000000 0.0000000000
2788.0000000000 0.0000000000
2792.0000000000 0.0000000000
2796.0000000000 0.0000000000
2800.0000000000 0.0000000000
2804.0000000000 0.0000000000
2808.0000000000 0.0000000000
2812.0000000000 0.0000000000
2816.0000000000 0.0000000000
2820.0000000000 0.0000000000
2824.0000000000 0.0000000000
2828.0000000000 0.0000000000
2832.0000000000 0.0000000000
2836.0000000000 0.0000000000
2840.0000000000 0.0000000000
2844.0000000000 0.0000000000
2848.0000000000 0.0000000000
2852.0000000000 0.0000000000
2856.0000000000 0.0000000000
2860.0000000000 0.0000000000
2864.0000000000 0.0000000000
2868.0000000000 0.0000000000
2872.0000000000 0.0000000000
2876.0000000000 0.0000000000
2880.0000000000 0.0000000000
2884.0000000000 0.0000000000
2888.0000000000 0.0000000000
2892.0000000000 0.0000000000
2896.0000000000 0.0000000000
2900.0000000000 0.0000000000
2904.0000000000 0.0000000000
2908.0000000000 0.0000000000
2912.0000000000 0.0000000000
2916.0000000000 0.0000000000
2920.0000000000 0.0000000000
2924.0000000000 0.0000000000
2928.0000000000 0.0000000000
2932.0000000000 0.0000000000
2936.0000000000 0.0000000000
2940.0000000000 0.0000000000
2944.0000000000 0.0000000000
2948.0000000000 0.0000000000
2952.0000000000 0.0000000000
2956.0000000000 0.0000000000
2960.0000000000 0.0000000000
2964.0000000000 0.0000000000
2968.0000000000 0.0000000000
2972.0000000000 0.0000000000
2976.0000000000 0.0000000000
2980.0000000000 0.0000000000
2984.0000000000 0.0000000000
2988.0000000000 0.0000000000
2992.0000000000 0.0000000000
2996.0000000000 0.0000000000
3000.0000000000 0.0000000000
3004.0000000000 0.1675479845
3008.0000000000 0.1763400023
3012.0000000000 0.1858424882
3016.0000000000 0.1961340850
3020.0000000000 0.2073046230
3024.0000000000 0.2194570844
3028.0000000000 0.2327099834
3032.0000000000 0.2472002632
3036.0000000000 0.2630868438
3040.0000000000 0.2805549927
3044.0000000000 0.2998217435
3048.0000000000 0.3211426605
3052.0000000000 0.3448203450
3056.0000000000 0.3712152138
3060.0000000000 0.4007592729
3064.0000000000 0.4339738738
3068.0000000000 0.4714928261
3072.0000000000 0.5140927932
3076.0000000000 0.5627337157
3080.0000000000 0.6186132256
3084.0000000000 0.6832408671
3088.0000000000 0.7585408045
3092.0000000000 0.8469962176
3096.0000000000 0.9518558813
3100.0000000000 1.0774354793
3104.0000000000 1.2295666721
3108.0000000000 1.4162827433
3112.0000000000 1.6488944155
3116.0000000000 1.9437310984
3120.0000000000 2.3250614407
3124.0000000000 2.8301986827
3128.0000000000 3.5188689062
3132.0000000000 4.4914229967
3136.0000000000 5.9267981491
3140.0000000000 8.1687358097
3144.0000000000 1.9438667987
3148.0000000000 8.9947182786
3152.0000000000 4.2680903981
3156.0000000000 5.0112223199
3160.0000000000 6.2620433885
3164.0000000000 3.5467406053
3168.0000000000 7.2169237437
3172.0000000000 8.3550141565
3176.0000000000 0.7069455871
3180.0000000000 2.7995154500
3184.0000000000 8.6522285989
3188.0000000000 6.2250771701
3192.0000000000 4.6878321630
3196.0000000000 3.6548361849
3200.0000000000 2.9281192138
3204.0000000000 2.3978719721
3208.0000000000 1.9993164081
3212.0000000000 1.6922773451
3216.0000000000 1.4507836787
3220.0000000000 1.2574507013
3224.0000000000 1.1002901341
3228.0000000000 0.9708202524
3232.0000000000 0.8629046283
3236.0000000000 0.7720155699
3240.0000000000 0.6947537429
3244.0000000000 0.6285270567
3248.0000000000 0.5713312487
3252.0000000000 0.5215969790
3256.0000000000 0.4780813670
3260.0000000000 0.4397898056
3264.0000000000 0.4059187700
3268.0000000000 0.3758134196
3272.0000000000 0.3489357782
3276.0000000000 0.3248405814
3280.0000000000 0.3031567513
3284.0000000000 0.2835730486
3288.0000000000 0.2658268593
3292.0000000000 0.2496953590
3296.0000000000 0.2349884931
3300.0000000000 0.2215433611
3304.0000000000 0.2092196917
3308.0000000000 0.1978961739
3312.0000000000 0.1874674631
3316.0000000000 0.1778417249
3320.0000000000 0.1689386084
3324.0000000000 0.0000000000
3328.0000000000 0.0000000000
3332.0000000000 0.0000000000
3336.0000000000 0.0000000000
3340.0000000000 0.0000000000
3344.0000000000 0.0000000000
3348.0000000000 0.0000000000
3352.0000000000 0.0000000000
3356.0000000000 0.0000000000
3360.0000000000 0.0000000000
3364.0000000000 0.0000000000
3368.0000000000 0.0000000000
3372.0000000000 0.0000000000
3376.0000000000 0.0000000000
3380.0000000000 0.0000000000
3384.0000000000 0.0000000000
3388.0000000000 0.0000000000
3392.0000000000 0.0000000000
3396.0000000000 0.0000000000
3400.0000000000 0.0000000000
3404.0000000000 0.0000000000
3408.0000000000 0.0000000000
3412.0000000000 0.0000000000
3416.0000000000 0.0000000000
3420.0000000000 0.0000000000
3424.0000000000 0.0000000000
3428.0000000000 0.0000000000
3432.0000000000 0.0000000000
3436.0000000000 0.0000000000
3440.0000000000 0.0000000000
3444.0000000000 0.0000000000
3448.0000000000 0.0000000000
3452.0000000000 0.0000000000
3456.0000000000 0.0000000000
3460.0000000000 0.0000000000
3464.0000000000 0.0000000000
3468.0000000000 0.0000000000
3472.0000000000 0.0000000000
3476.0000000000 0.0000000000
3480.0000000000 0.0000000000
3484.0000000000 0.0000000000
3488.0000000000 0.0000000000
3492.0000000000 0.0000000000
3496.0000000000 0.0000000000
3500.0000000000 0.0000000000
3504.0000000000 0.0000000000
3508.0000000000 0.0000000000
3512.0000000000 0.0000000000
3516.0000000000 0.0000000000
3520.0000000000 0.0000000000
3524.0000000000 0.0000000000
3528.0000000000 0.0000000000
3532.0000000000 0.0000000000
3536.0000000000 0.0000000000
3540.0000000000 0.0000000000
3544.0000000000 0.0000000000
3548.0000000000 0.0000000000
3552.0000000000 0.0000000000
3556.0000000000 0.0000000000
3560.0000000000 0.0000000000
3564.0000000000 0.0000000000
3568.0000000000 0.0000000000
3572.0000000000 0.0000000000
3576.0000000000 0.0000000000
3580.0000000000 0.0000000000
3584.0000000000 0.0000000000
3588.0000000000 0.0000000000
3592.0000000000 0.0000000000
3596.0000000000 0.0000000000
3600.0000000000 0.0000000000
3604.0000000000 0.0000000000
3608.0000000000 0.0000000000
3612.0000000000 0.0000000000
3616.0000000000 0.0000000000
3620.0000000000 0.0000000000
3624.0000000000 0.0000000000
3628.0000000000 0.0000000000
3632.0000000000 0.0000000000
3636.0000000000 0.0000000000
3640.0000000000 0.0000000000
3644.0000000000 0.0000000000
3648.0000000000 0.0000000000
3652.0000000000 0.0000000000
3656.0000000000 0.0000000000
3660.0000000000 0.0000000000
3664.0000000000 0.0000000000
3668.0000000000 0.0000000000
3672.0000000000 0.0000000000
3676.0000000000 0.0000000000
3680.0000000000 0.0000000000
3684.0000000000 0.0000000000
3688.0000000000 0.0000000000
3692.0000000000 0.0000000000
3696.0000000000 0.0000000000
3700.0000000000 0.0000000000
3704.0000000000 0.0000000000
3708.0000000000 0.0000000000
3712.0000000000 0.0000000000
3716.0000000000 0.0000000000
3720.0000000000 0.0000000000
3724.0000000000 0.0000000000
3728.0000000000 0.0000000000
3732.0000000000 0.0000000000
3736.0000000000 0.0000000000
3740.0000000000 0.0000000000
3744.0000000000 0.0000000000
3748.0000000000 0.0000000000
3752.0000000000 0.0000000000
3756.0000000000 0.0000000000
3760.0000000000 0.0000000000
3764.0000000000 0.0000000000
3768.0000000000 0.0000000000
3772.0000000000 0.0000000000
3776.0000000000 0.0000000000
3780.0000000000 0.0000000000
3784.0000000000 0.0000000000
3788.0000000000 0.0000000000
3792.0000000000 0.0000000000
3796.0000000000 0.0000000000
3800.0000000000 0.0000000000
3804.0000000000 0.0000000000
3808.0000000000 0.0000000000
3812.0000000000 0.0000000000
3816.0000000000 0.0000000000
3820.0000000000 0.0000000000
3824.0000000000 0.0000000000
3828.0000000000 0.0000000000
3832.0000000000 0.0000000000
3836.0000000000 0.0000000000
3840.0000000000 0.0000000000
3844.0000000000 0.0000000000
3848.0000000000 0.0000000000
3852.0000000000 0.0000000000
3856.0000000000 0.0000000000
3860.0000000000 0.0000000000
3864.0000000000 0.0000000000
3868.0000000000 0.0000000000
3872.0000000000 0.0000000000
3876.0000000000 0.0000000000
3880.0000000000 0.0000000000
3884.0000000000 0.0000000000
3888.0000000000 0.0000000000
3892.0000000000 0.0000000000
3896.0000000000 0.0000000000
3900.0000000000 0.0000000000
3904.0000000000 0.0000000000
3908.0000000000 0.0000000000
3912.0000000000 0.0000000000
3916.0000000000 0.0000000000
3920.0000000000 0.0000000000
3924.0000000000 0.0000000000
3928.0000000000 0.0000000000
3932.0000000000 0.0000000000
3936.0000000000 0.0000000000
3940.0000000000 0.0000000000
3944.0000000000 0.0000000000
3948.0000000000 0.0000000000
3952.0000000000 0.0000000000
3956.0000000000 0.0000000000
3960.0000000000 0.0000000000
3964.0000000000 0.0000000000
3968.0000000000 0.0000000000
3972.0000000000 0.0000000000
3976.0000000000 0.0000000000
3980.0000000000 0.0000000000
3984.0000000000 0.0000000000
3988.0000000000 0.0000000000
3992.0000000000 0.0000000000
3996.0000000000 0.0000000000
