4000	100.76
3999	100.76
3998	100.76
3997	100.76
3996	100.75
3995	100.75
3994	100.75
3993	100.75
3992	100.75
3991	100.75
3990	100.75
3989	100.76
3988	100.76
3987	100.76
3986	100.75
3985	100.74
3984	100.74
3983	100.73
3982	100.73
3981	100.73
3980	100.73
3979	100.73
3978	100.73
3977	100.73
3976	100.73
3975	100.73
3974	100.73
3973	100.73
3972	100.72
3971	100.72
3970	100.72
3969	100.71
3968	100.71
3967	100.71
3966	100.71
3965	100.71
3964	100.71
3963	100.71
3962	100.71
3961	100.7
3960	100.7
3959	100.69
3958	100.69
3957	100.68
3956	100.68
3955	100.68
3954	100.68
3953	100.67
3952	100.67
3951	100.67
3950	100.67
3949	100.67
3948	100.67
3947	100.66
3946	100.66
3945	100.65
3944	100.65
3943	100.64
3942	100.64
3941	100.63
3940	100.62
3939	100.61
3938	100.61
3937	100.6
3936	100.6
3935	100.59
3934	100.59
3933	100.58
3932	100.58
3931	100.58
3930	100.58
3929	100.58
3928	100.57
3927	100.57
3926	100.57
3925	100.57
3924	100.57
3923	100.57
3922	100.57
3921	100.56
3920	100.56
3919	100.55
3918	100.55
3917	100.54
3916	100.54
3915	100.54
3914	100.54
3913	100.54
3912	100.54
3911	100.54
3910	100.54
3909	100.53
3908	100.53
3907	100.53
3906	100.53
3905	100.52
3904	100.52
3903	100.52
3902	100.51
3901	100.5
3900	100.5
3899	100.5
3898	100.5
3897	100.5
3896	100.5
3895	100.5
3894	100.49
3893	100.48
3892	100.48
3891	100.47
3890	100.46
3889	100.46
3888	100.46
3887	100.46
3886	100.47
3885	100.47
3884	100.47
3883	100.46
3882	100.46
3881	100.47
3880	100.47
3879	100.46
3878	100.46
3877	100.46
3876	100.46
3875	100.46
3874	100.46
3873	100.45
3872	100.45
3871	100.44
3870	100.44
3869	100.43
3868	100.42
3867	100.41
3866	100.41
3865	100.42
3864	100.42
3863	100.42
3862	100.42
3861	100.42
3860	100.41
3859	100.41
3858	100.41
3857	100.39
3856	100.38
3855	100.36
3854	100.37
3853	100.37
3852	100.37
3851	100.38
3850	100.39
3849	100.4
3848	100.41
3847	100.41
3846	100.4
3845	100.39
3844	100.39
3843	100.38
3842	100.37
3841	100.35
3840	100.34
3839	100.32
3838	100.32
3837	100.32
3836	100.32
3835	100.33
3834	100.34
3833	100.34
3832	100.35
3831	100.35
3830	100.35
3829	100.35
3828	100.35
3827	100.35
3826	100.34
3825	100.33
3824	100.32
3823	100.31
3822	100.3
3821	100.29
3820	100.29
3819	100.28
3818	100.28
3817	100.28
3816	100.29
3815	100.29
3814	100.3
3813	100.3
3812	100.31
3811	100.31
3810	100.31
3809	100.31
3808	100.3
3807	100.29
3806	100.28
3805	100.27
3804	100.26
3803	100.26
3802	100.26
3801	100.27
3800	100.26
3799	100.26
3798	100.26
3797	100.26
3796	100.26
3795	100.26
3794	100.26
3793	100.25
3792	100.25
3791	100.26
3790	100.26
3789	100.25
3788	100.25
3787	100.25
3786	100.25
3785	100.25
3784	100.25
3783	100.24
3782	100.23
3781	100.23
3780	100.23
3779	100.23
3778	100.24
3777	100.24
3776	100.24
3775	100.24
3774	100.23
3773	100.23
3772	100.23
3771	100.23
3770	100.23
3769	100.22
3768	100.22
3767	100.21
3766	100.21
3765	100.22
3764	100.22
3763	100.21
3762	100.21
3761	100.21
3760	100.22
3759	100.22
3758	100.21
3757	100.21
3756	100.2
3755	100.2
3754	100.2
3753	100.19
3752	100.19
3751	100.19
3750	100.18
3749	100.17
3748	100.16
3747	100.15
3746	100.15
3745	100.15
3744	100.16
3743	100.16
3742	100.17
3741	100.17
3740	100.18
3739	100.19
3738	100.19
3737	100.19
3736	100.19
3735	100.19
3734	100.18
3733	100.17
3732	100.16
3731	100.16
3730	100.16
3729	100.17
3728	100.18
3727	100.18
3726	100.18
3725	100.18
3724	100.17
3723	100.17
3722	100.17
3721	100.16
3720	100.16
3719	100.16
3718	100.16
3717	100.16
3716	100.15
3715	100.14
3714	100.13
3713	100.12
3712	100.11
3711	100.11
3710	100.1
3709	100.09
3708	100.08
3707	100.07
3706	100.06
3705	100.05
3704	100.03
3703	100.01
3702	99.99
3701	99.98
3700	99.96
3699	99.95
3698	99.93
3697	99.92
3696	99.9
3695	99.88
3694	99.86
3693	99.85
3692	99.84
3691	99.83
3690	99.82
3689	99.81
3688	99.79
3687	99.79
3686	99.79
3685	99.8
3684	99.81
3683	99.82
3682	99.83
3681	99.83
3680	99.83
3679	99.8
3678	99.77
3677	99.73
3676	99.71
3675	99.71
3674	99.71
3673	99.71
3672	99.72
3671	99.72
3670	99.73
3669	99.73
3668	99.73
3667	99.73
3666	99.73
3665	99.73
3664	99.74
3663	99.75
3662	99.75
3661	99.76
3660	99.76
3659	99.76
3658	99.77
3657	99.77
3656	99.78
3655	99.78
3654	99.78
3653	99.78
3652	99.78
3651	99.79
3650	99.81
3649	99.83
3648	99.84
3647	99.86
3646	99.87
3645	99.89
3644	99.91
3643	99.93
3642	99.94
3641	99.96
3640	99.97
3639	99.98
3638	99.99
3637	100
3636	100
3635	100.01
3634	100.01
3633	100.01
3632	100
3631	100
3630	100
3629	100.01
3628	100.02
3627	100.03
3626	100.03
3625	100.04
3624	100.05
3623	100.05
3622	100.06
3621	100.06
3620	100.06
3619	100.07
3618	100.08
3617	100.08
3616	100.09
3615	100.1
3614	100.11
3613	100.11
3612	100.11
3611	100.11
3610	100.11
3609	100.11
3608	100.11
3607	100.12
3606	100.13
3605	100.14
3604	100.14
3603	100.15
3602	100.16
3601	100.17
3600	100.18
3599	100.18
3598	100.19
3597	100.18
3596	100.18
3595	100.18
3594	100.18
3593	100.18
3592	100.18
3591	100.18
3590	100.19
3589	100.19
3588	100.2
3587	100.21
3586	100.21
3585	100.21
3584	100.22
3583	100.24
3582	100.25
3581	100.25
3580	100.26
3579	100.27
3578	100.27
3577	100.28
3576	100.29
3575	100.29
3574	100.3
3573	100.3
3572	100.3
3571	100.3
3570	100.3
3569	100.3
3568	100.31
3567	100.32
3566	100.34
3565	100.35
3564	100.35
3563	100.35
3562	100.36
3561	100.37
3560	100.38
3559	100.39
3558	100.39
3557	100.4
3556	100.41
3555	100.42
3554	100.43
3553	100.45
3552	100.46
3551	100.47
3550	100.47
3549	100.48
3548	100.48
3547	100.49
3546	100.5
3545	100.51
3544	100.51
3543	100.51
3542	100.51
3541	100.51
3540	100.52
3539	100.52
3538	100.53
3537	100.54
3536	100.55
3535	100.55
3534	100.56
3533	100.56
3532	100.56
3531	100.56
3530	100.57
3529	100.57
3528	100.58
3527	100.59
3526	100.6
3525	100.6
3524	100.61
3523	100.61
3522	100.61
3521	100.61
3520	100.6
3519	100.6
3518	100.6
3517	100.6
3516	100.6
3515	100.6
3514	100.61
3513	100.61
3512	100.62
3511	100.62
3510	100.62
3509	100.62
3508	100.62
3507	100.62
3506	100.62
3505	100.62
3504	100.64
3503	100.65
3502	100.66
3501	100.66
3500	100.66
3499	100.66
3498	100.66
3497	100.66
3496	100.66
3495	100.66
3494	100.67
3493	100.67
3492	100.68
3491	100.68
3490	100.68
3489	100.69
3488	100.69
3487	100.7
3486	100.7
3485	100.71
3484	100.71
3483	100.72
3482	100.72
3481	100.73
3480	100.73
3479	100.73
3478	100.74
3477	100.74
3476	100.74
3475	100.74
3474	100.74
3473	100.74
3472	100.74
3471	100.74
3470	100.75
3469	100.75
3468	100.75
3467	100.76
3466	100.76
3465	100.75
3464	100.75
3463	100.76
3462	100.76
3461	100.76
3460	100.76
3459	100.76
3458	100.75
3457	100.75
3456	100.75
3455	100.75
3454	100.76
3453	100.76
3452	100.76
3451	100.76
3450	100.76
3449	100.76
3448	100.76
3447	100.76
3446	100.76
3445	100.76
3444	100.76
3443	100.76
3442	100.76
3441	100.76
3440	100.76
3439	100.76
3438	100.76
3437	100.76
3436	100.76
3435	100.76
3434	100.76
3433	100.76
3432	100.76
3431	100.75
3430	100.75
3429	100.74
3428	100.74
3427	100.74
3426	100.74
3425	100.74
3424	100.74
3423	100.73
3422	100.72
3421	100.72
3420	100.71
3419	100.72
3418	100.72
3417	100.72
3416	100.71
3415	100.7
3414	100.7
3413	100.69
3412	100.69
3411	100.69
3410	100.68
3409	100.68
3408	100.68
3407	100.68
3406	100.68
3405	100.68
3404	100.68
3403	100.68
3402	100.68
3401	100.67
3400	100.66
3399	100.65
3398	100.64
3397	100.64
3396	100.63
3395	100.62
3394	100.62
3393	100.61
3392	100.61
3391	100.6
3390	100.59
3389	100.59
3388	100.58
3387	100.58
3386	100.57
3385	100.56
3384	100.55
3383	100.55
3382	100.54
3381	100.54
3380	100.53
3379	100.53
3378	100.52
3377	100.52
3376	100.52
3375	100.51
3374	100.51
3373	100.5
3372	100.49
3371	100.49
3370	100.49
3369	100.49
3368	100.49
3367	100.48
3366	100.47
3365	100.46
3364	100.44
3363	100.43
3362	100.42
3361	100.42
3360	100.41
3359	100.41
3358	100.4
3357	100.39
3356	100.39
3355	100.38
3354	100.37
3353	100.37
3352	100.36
3351	100.36
3350	100.35
3349	100.35
3348	100.34
3347	100.33
3346	100.33
3345	100.32
3344	100.32
3343	100.31
3342	100.3
3341	100.3
3340	100.29
3339	100.29
3338	100.28
3337	100.28
3336	100.27
3335	100.26
3334	100.25
3333	100.25
3332	100.24
3331	100.24
3330	100.24
3329	100.24
3328	100.24
3327	100.23
3326	100.22
3325	100.21
3324	100.2
3323	100.19
3322	100.18
3321	100.18
3320	100.17
3319	100.17
3318	100.17
3317	100.17
3316	100.17
3315	100.17
3314	100.17
3313	100.17
3312	100.16
3311	100.15
3310	100.15
3309	100.14
3308	100.14
3307	100.14
3306	100.13
3305	100.13
3304	100.12
3303	100.12
3302	100.11
3301	100.11
3300	100.1
3299	100.1
3298	100.1
3297	100.1
3296	100.1
3295	100.1
3294	100.1
3293	100.09
3292	100.09
3291	100.09
3290	100.08
3289	100.08
3288	100.08
3287	100.07
3286	100.07
3285	100.07
3284	100.06
3283	100.06
3282	100.05
3281	100.05
3280	100.05
3279	100.05
3278	100.05
3277	100.05
3276	100.04
3275	100.04
3274	100.04
3273	100.04
3272	100.04
3271	100.03
3270	100.03
3269	100.02
3268	100.02
3267	100.02
3266	100.02
3265	100.02
3264	100.01
3263	100.01
3262	100
3261	100
3260	99.99
3259	99.99
3258	100
3257	100
3256	100
3255	100
3254	100
3253	100
3252	100
3251	100
3250	100
3249	100
3248	100
3247	99.99
3246	99.99
3245	99.99
3244	99.99
3243	99.99
3242	99.98
3241	99.98
3240	99.97
3239	99.97
3238	99.97
3237	99.97
3236	99.97
3235	99.96
3234	99.96
3233	99.96
3232	99.96
3231	99.96
3230	99.96
3229	99.95
3228	99.95
3227	99.95
3226	99.95
3225	99.95
3224	99.95
3223	99.94
3222	99.94
3221	99.94
3220	99.94
3219	99.94
3218	99.94
3217	99.94
3216	99.94
3215	99.94
3214	99.94
3213	99.94
3212	99.94
3211	99.93
3210	99.93
3209	99.93
3208	99.92
3207	99.92
3206	99.92
3205	99.92
3204	99.92
3203	99.92
3202	99.92
3201	99.92
3200	99.92
3199	99.92
3198	99.92
3197	99.92
3196	99.92
3195	99.92
3194	99.92
3193	99.91
3192	99.91
3191	99.9
3190	99.9
3189	99.9
3188	99.9
3187	99.9
3186	99.89
3185	99.89
3184	99.88
3183	99.88
3182	99.88
3181	99.88
3180	99.88
3179	99.88
3178	99.88
3177	99.87
3176	99.87
3175	99.86
3174	99.86
3173	99.86
3172	99.86
3171	99.86
3170	99.86
3169	99.85
3168	99.86
3167	99.86
3166	99.86
3165	99.86
3164	99.85
3163	99.85
3162	99.85
3161	99.85
3160	99.84
3159	99.84
3158	99.84
3157	99.83
3156	99.83
3155	99.83
3154	99.83
3153	99.83
3152	99.83
3151	99.83
3150	99.82
3149	99.82
3148	99.82
3147	99.82
3146	99.82
3145	99.81
3144	99.81
3143	99.8
3142	99.8
3141	99.8
3140	99.8
3139	99.8
3138	99.8
3137	99.8
3136	99.8
3135	99.8
3134	99.8
3133	99.79
3132	99.79
3131	99.79
3130	99.79
3129	99.78
3128	99.78
3127	99.78
3126	99.78
3125	99.78
3124	99.77
3123	99.77
3122	99.77
3121	99.78
3120	99.78
3119	99.78
3118	99.78
3117	99.78
3116	99.77
3115	99.77
3114	99.76
3113	99.76
3112	99.76
3111	99.76
3110	99.76
3109	99.75
3108	99.75
3107	99.74
3106	99.73
3105	99.73
3104	99.73
3103	99.73
3102	99.73
3101	99.73
3100	99.73
3099	99.73
3098	99.72
3097	99.72
3096	99.71
3095	99.71
3094	99.71
3093	99.71
3092	99.71
3091	99.7
3090	99.7
3089	99.69
3088	99.69
3087	99.68
3086	99.68
3085	99.67
3084	99.67
3083	99.66
3082	99.66
3081	99.66
3080	99.66
3079	99.65
3078	99.65
3077	99.64
3076	99.63
3075	99.62
3074	99.62
3073	99.61
3072	99.6
3071	99.59
3070	99.58
3069	99.57
3068	99.57
3067	99.56
3066	99.56
3065	99.55
3064	99.54
3063	99.53
3062	99.52
3061	99.5
3060	99.49
3059	99.48
3058	99.46
3057	99.45
3056	99.43
3055	99.41
3054	99.4
3053	99.38
3052	99.37
3051	99.35
3050	99.33
3049	99.31
3048	99.29
3047	99.26
3046	99.24
3045	99.21
3044	99.18
3043	99.15
3042	99.12
3041	99.09
3040	99.06
3039	99.02
3038	98.99
3037	98.95
3036	98.91
3035	98.86
3034	98.82
3033	98.77
3032	98.71
3031	98.66
3030	98.6
3029	98.54
3028	98.48
3027	98.41
3026	98.35
3025	98.28
3024	98.2
3023	98.12
3022	98.03
3021	97.95
3020	97.85
3019	97.76
3018	97.66
3017	97.55
3016	97.44
3015	97.32
3014	97.19
3013	97.06
3012	96.91
3011	96.77
3010	96.61
3009	96.44
3008	96.26
3007	96.07
3006	95.86
3005	95.64
3004	95.4
3003	95.15
3002	94.88
3001	94.6
3000	94.29
2999	93.96
2998	93.61
2997	93.22
2996	92.81
2995	92.37
2994	91.88
2993	91.35
2992	90.75
2991	90.1
2990	89.41
2989	88.69
2988	87.95
2987	87.18
2986	86.39
2985	85.56
2984	84.71
2983	83.84
2982	82.97
2981	82.14
2980	81.38
2979	80.7
2978	80.13
2977	79.65
2976	79.3
2975	79.05
2974	78.92
2973	78.9
2972	78.98
2971	79.13
2970	79.34
2969	79.59
2968	79.86
2967	80.15
2966	80.43
2965	80.72
2964	80.99
2963	81.25
2962	81.49
2961	81.7
2960	81.9
2959	82.08
2958	82.25
2957	82.4
2956	82.55
2955	82.69
2954	82.83
2953	82.96
2952	83.1
2951	83.24
2950	83.38
2949	83.51
2948	83.63
2947	83.74
2946	83.84
2945	83.92
2944	84.01
2943	84.09
2942	84.16
2941	84.23
2940	84.29
2939	84.35
2938	84.4
2937	84.46
2936	84.53
2935	84.61
2934	84.71
2933	84.84
2932	84.99
2931	85.17
2930	85.36
2929	85.58
2928	85.81
2927	86.03
2926	86.25
2925	86.45
2924	86.63
2923	86.78
2922	86.92
2921	87.04
2920	87.15
2919	87.24
2918	87.31
2917	87.37
2916	87.42
2915	87.47
2914	87.5
2913	87.54
2912	87.58
2911	87.63
2910	87.69
2909	87.75
2908	87.81
2907	87.87
2906	87.91
2905	87.95
2904	87.97
2903	87.98
2902	87.97
2901	87.96
2900	87.97
2899	87.97
2898	87.95
2897	87.91
2896	87.83
2895	87.73
2894	87.61
2893	87.46
2892	87.3
2891	87.11
2890	86.89
2889	86.64
2888	86.37
2887	86.06
2886	85.72
2885	85.35
2884	84.96
2883	84.55
2882	84.12
2881	83.68
2880	83.24
2879	82.81
2878	82.4
2877	82.01
2876	81.66
2875	81.34
2874	81.07
2873	80.84
2872	80.64
2871	80.46
2870	80.29
2869	80.12
2868	79.95
2867	79.78
2866	79.62
2865	79.45
2864	79.29
2863	79.14
2862	79
2861	78.88
2860	78.79
2859	78.72
2858	78.7
2857	78.71
2856	78.76
2855	78.86
2854	79
2853	79.19
2852	79.43
2851	79.71
2850	80.03
2849	80.39
2848	80.78
2847	81.21
2846	81.65
2845	82.1
2844	82.55
2843	83.01
2842	83.45
2841	83.9
2840	84.34
2839	84.8
2838	85.27
2837	85.75
2836	86.24
2835	86.74
2834	87.24
2833	87.73
2832	88.23
2831	88.71
2830	89.19
2829	89.64
2828	90.08
2827	90.5
2826	90.9
2825	91.29
2824	91.66
2823	92.01
2822	92.35
2821	92.68
2820	92.99
2819	93.29
2818	93.58
2817	93.85
2816	94.11
2815	94.36
2814	94.59
2813	94.8
2812	95.01
2811	95.2
2810	95.39
2809	95.57
2808	95.74
2807	95.9
2806	96.05
2805	96.19
2804	96.33
2803	96.46
2802	96.58
2801	96.7
2800	96.81
2799	96.92
2798	97.03
2797	97.13
2796	97.22
2795	97.31
2794	97.39
2793	97.47
2792	97.55
2791	97.63
2790	97.7
2789	97.77
2788	97.83
2787	97.9
2786	97.96
2785	98.02
2784	98.07
2783	98.13
2782	98.18
2781	98.23
2780	98.29
2779	98.34
2778	98.39
2777	98.43
2776	98.48
2775	98.52
2774	98.56
2773	98.6
2772	98.63
2771	98.67
2770	98.7
2769	98.73
2768	98.76
2767	98.79
2766	98.82
2765	98.85
2764	98.88
2763	98.91
2762	98.94
2761	98.96
2760	98.99
2759	99.01
2758	99.03
2757	99.04
2756	99.06
2755	99.07
2754	99.09
2753	99.1
2752	99.12
2751	99.13
2750	99.15
2749	99.16
2748	99.17
2747	99.18
2746	99.19
2745	99.2
2744	99.2
2743	99.21
2742	99.22
2741	99.23
2740	99.24
2739	99.25
2738	99.25
2737	99.25
2736	99.26
2735	99.26
2734	99.26
2733	99.27
2732	99.27
2731	99.27
2730	99.27
2729	99.26
2728	99.26
2727	99.26
2726	99.25
2725	99.24
2724	99.23
2723	99.22
2722	99.21
2721	99.2
2720	99.19
2719	99.19
2718	99.18
2717	99.18
2716	99.18
2715	99.18
2714	99.19
2713	99.2
2712	99.21
2711	99.21
2710	99.22
2709	99.23
2708	99.24
2707	99.24
2706	99.24
2705	99.24
2704	99.24
2703	99.24
2702	99.23
2701	99.22
2700	99.21
2699	99.2
2698	99.18
2697	99.16
2696	99.14
2695	99.12
2694	99.09
2693	99.05
2692	99.01
2691	98.96
2690	98.91
2689	98.86
2688	98.81
2687	98.77
2686	98.72
2685	98.68
2684	98.65
2683	98.63
2682	98.63
2681	98.65
2680	98.67
2679	98.71
2678	98.75
2677	98.8
2676	98.85
2675	98.91
2674	98.96
2673	99
2672	99.05
2671	99.08
2670	99.12
2669	99.14
2668	99.16
2667	99.18
2666	99.2
2665	99.21
2664	99.21
2663	99.22
2662	99.22
2661	99.22
2660	99.22
2659	99.21
2658	99.19
2657	99.18
2656	99.17
2655	99.17
2654	99.17
2653	99.17
2652	99.19
2651	99.21
2650	99.24
2649	99.27
2648	99.31
2647	99.35
2646	99.39
2645	99.43
2644	99.47
2643	99.5
2642	99.53
2641	99.55
2640	99.57
2639	99.59
2638	99.61
2637	99.62
2636	99.64
2635	99.65
2634	99.67
2633	99.68
2632	99.7
2631	99.71
2630	99.72
2629	99.73
2628	99.73
2627	99.73
2626	99.73
2625	99.73
2624	99.74
2623	99.74
2622	99.75
2621	99.76
2620	99.77
2619	99.78
2618	99.79
2617	99.79
2616	99.79
2615	99.79
2614	99.8
2613	99.8
2612	99.8
2611	99.8
2610	99.8
2609	99.8
2608	99.8
2607	99.8
2606	99.8
2605	99.8
2604	99.81
2603	99.82
2602	99.83
2601	99.83
2600	99.84
2599	99.84
2598	99.85
2597	99.86
2596	99.87
2595	99.88
2594	99.89
2593	99.9
2592	99.91
2591	99.92
2590	99.93
2589	99.93
2588	99.93
2587	99.94
2586	99.94
2585	99.94
2584	99.95
2583	99.96
2582	99.96
2581	99.97
2580	99.97
2579	99.98
2578	99.98
2577	99.98
2576	99.98
2575	99.98
2574	99.98
2573	99.98
2572	99.99
2571	99.99
2570	99.99
2569	99.99
2568	99.99
2567	99.99
2566	99.99
2565	99.99
2564	99.99
2563	100
2562	99.99
2561	99.99
2560	99.98
2559	99.97
2558	99.97
2557	99.97
2556	99.97
2555	99.98
2554	99.98
2553	99.98
2552	99.97
2551	99.97
2550	99.96
2549	99.97
2548	99.97
2547	99.98
2546	99.99
2545	99.99
2544	100
2543	100
2542	100
2541	100.01
2540	100.02
2539	100.04
2538	100.05
2537	100.06
2536	100.07
2535	100.07
2534	100.08
2533	100.08
2532	100.09
2531	100.09
2530	100.09
2529	100.08
2528	100.08
2527	100.08
2526	100.08
2525	100.09
2524	100.09
2523	100.09
2522	100.1
2521	100.1
2520	100.11
2519	100.11
2518	100.12
2517	100.12
2516	100.12
2515	100.13
2514	100.13
2513	100.13
2512	100.13
2511	100.13
2510	100.13
2509	100.14
2508	100.15
2507	100.16
2506	100.16
2505	100.16
2504	100.16
2503	100.15
2502	100.15
2501	100.15
2500	100.16
2499	100.16
2498	100.16
2497	100.16
2496	100.16
2495	100.15
2494	100.15
2493	100.15
2492	100.16
2491	100.16
2490	100.17
2489	100.17
2488	100.17
2487	100.18
2486	100.18
2485	100.17
2484	100.17
2483	100.17
2482	100.18
2481	100.19
2480	100.19
2479	100.2
2478	100.2
2477	100.19
2476	100.19
2475	100.19
2474	100.19
2473	100.2
2472	100.2
2471	100.2
2470	100.2
2469	100.2
2468	100.2
2467	100.2
2466	100.2
2465	100.2
2464	100.21
2463	100.21
2462	100.21
2461	100.21
2460	100.21
2459	100.22
2458	100.22
2457	100.21
2456	100.21
2455	100.21
2454	100.21
2453	100.21
2452	100.22
2451	100.22
2450	100.23
2449	100.23
2448	100.23
2447	100.22
2446	100.22
2445	100.22
2444	100.22
2443	100.23
2442	100.23
2441	100.23
2440	100.23
2439	100.22
2438	100.23
2437	100.23
2436	100.23
2435	100.23
2434	100.22
2433	100.21
2432	100.21
2431	100.21
2430	100.22
2429	100.22
2428	100.23
2427	100.23
2426	100.23
2425	100.23
2424	100.22
2423	100.22
2422	100.22
2421	100.22
2420	100.22
2419	100.22
2418	100.21
2417	100.21
2416	100.2
2415	100.2
2414	100.21
2413	100.22
2412	100.23
2411	100.23
2410	100.23
2409	100.23
2408	100.22
2407	100.22
2406	100.21
2405	100.21
2404	100.21
2403	100.21
2402	100.21
2401	100.21
2400	100.2
2399	100.2
2398	100.19
2397	100.19
2396	100.19
2395	100.19
2394	100.18
2393	100.18
2392	100.17
2391	100.17
2390	100.17
2389	100.19
2388	100.2
2387	100.21
2386	100.21
2385	100.21
2384	100.2
2383	100.2
2382	100.2
2381	100.21
2380	100.21
2379	100.2
2378	100.2
2377	100.2
2376	100.2
2375	100.2
2374	100.21
2373	100.21
2372	100.21
2371	100.22
2370	100.22
2369	100.22
2368	100.21
2367	100.2
2366	100.19
2365	100.17
2364	100.17
2363	100.18
2362	100.2
2361	100.22
2360	100.23
2359	100.23
2358	100.23
2357	100.23
2356	100.24
2355	100.24
2354	100.25
2353	100.25
2352	100.25
2351	100.24
2350	100.23
2349	100.24
2348	100.25
2347	100.25
2346	100.24
2345	100.22
2344	100.21
2343	100.21
2342	100.23
2341	100.24
2340	100.25
2339	100.25
2338	100.26
2337	100.25
2336	100.25
2335	100.25
2334	100.26
2333	100.27
2332	100.27
2331	100.28
2330	100.28
2329	100.28
2328	100.27
2327	100.25
2326	100.24
2325	100.22
2324	100.22
2323	100.22
2322	100.23
2321	100.24
2320	100.25
2319	100.26
2318	100.27
2317	100.26
2316	100.26
2315	100.26
2314	100.26
2313	100.27
2312	100.27
2311	100.27
2310	100.27
2309	100.27
2308	100.26
2307	100.26
2306	100.25
2305	100.26
2304	100.26
2303	100.26
2302	100.26
2301	100.25
2300	100.25
2299	100.24
2298	100.24
2297	100.23
2296	100.23
2295	100.23
2294	100.22
2293	100.22
2292	100.22
2291	100.23
2290	100.23
2289	100.23
2288	100.22
2287	100.21
2286	100.21
2285	100.21
2284	100.21
2283	100.22
2282	100.23
2281	100.23
2280	100.22
2279	100.22
2278	100.22
2277	100.23
2276	100.24
2275	100.25
2274	100.25
2273	100.25
2272	100.25
2271	100.24
2270	100.24
2269	100.23
2268	100.23
2267	100.23
2266	100.23
2265	100.23
2264	100.24
2263	100.25
2262	100.26
2261	100.27
2260	100.27
2259	100.29
2258	100.31
2257	100.32
2256	100.33
2255	100.32
2254	100.31
2253	100.31
2252	100.3
2251	100.31
2250	100.32
2249	100.33
2248	100.33
2247	100.32
2246	100.32
2245	100.32
2244	100.33
2243	100.34
2242	100.34
2241	100.34
2240	100.34
2239	100.34
2238	100.35
2237	100.36
2236	100.36
2235	100.36
2234	100.36
2233	100.35
2232	100.35
2231	100.35
2230	100.35
2229	100.35
2228	100.35
2227	100.35
2226	100.35
2225	100.34
2224	100.33
2223	100.34
2222	100.35
2221	100.35
2220	100.34
2219	100.34
2218	100.35
2217	100.36
2216	100.35
2215	100.33
2214	100.32
2213	100.32
2212	100.33
2211	100.35
2210	100.36
2209	100.36
2208	100.35
2207	100.34
2206	100.34
2205	100.33
2204	100.32
2203	100.32
2202	100.32
2201	100.31
2200	100.32
2199	100.35
2198	100.39
2197	100.41
2196	100.39
2195	100.36
2194	100.33
2193	100.33
2192	100.35
2191	100.36
2190	100.37
2189	100.38
2188	100.4
2187	100.42
2186	100.42
2185	100.42
2184	100.42
2183	100.43
2182	100.44
2181	100.45
2180	100.46
2179	100.46
2178	100.48
2177	100.49
2176	100.5
2175	100.5
2174	100.51
2173	100.54
2172	100.56
2171	100.57
2170	100.57
2169	100.56
2168	100.56
2167	100.57
2166	100.6
2165	100.61
2164	100.6
2163	100.58
2162	100.57
2161	100.58
2160	100.62
2159	100.67
2158	100.71
2157	100.74
2156	100.74
2155	100.73
2154	100.72
2153	100.72
2152	100.71
2151	100.71
2150	100.7
2149	100.7
2148	100.7
2147	100.71
2146	100.72
2145	100.73
2144	100.72
2143	100.72
2142	100.72
2141	100.73
2140	100.74
2139	100.76
2138	100.76
2137	100.75
2136	100.72
2135	100.71
2134	100.71
2133	100.71
2132	100.71
2131	100.7
2130	100.7
2129	100.69
2128	100.69
2127	100.7
2126	100.7
2125	100.7
2124	100.69
2123	100.68
2122	100.67
2121	100.67
2120	100.67
2119	100.66
2118	100.65
2117	100.62
2116	100.6
2115	100.58
2114	100.58
2113	100.57
2112	100.57
2111	100.57
2110	100.56
2109	100.56
2108	100.55
2107	100.54
2106	100.54
2105	100.54
2104	100.53
2103	100.52
2102	100.5
2101	100.49
2100	100.48
2099	100.49
2098	100.51
2097	100.53
2096	100.54
2095	100.53
2094	100.52
2093	100.52
2092	100.53
2091	100.53
2090	100.52
2089	100.52
2088	100.52
2087	100.53
2086	100.55
2085	100.56
2084	100.57
2083	100.56
2082	100.57
2081	100.57
2080	100.59
2079	100.6
2078	100.6
2077	100.6
2076	100.6
2075	100.6
2074	100.6
2073	100.59
2072	100.59
2071	100.58
2070	100.57
2069	100.56
2068	100.56
2067	100.57
2066	100.58
2065	100.59
2064	100.6
2063	100.61
2062	100.62
2061	100.62
2060	100.61
2059	100.61
2058	100.62
2057	100.63
2056	100.65
2055	100.67
2054	100.68
2053	100.68
2052	100.67
2051	100.68
2050	100.71
2049	100.74
2048	100.77
2047	100.77
2046	100.75
2045	100.74
2044	100.75
2043	100.77
2042	100.79
2041	100.79
2040	100.77
2039	100.74
2038	100.73
2037	100.71
2036	100.7
2035	100.71
2034	100.71
2033	100.72
2032	100.72
2031	100.71
2030	100.7
2029	100.69
2028	100.68
2027	100.69
2026	100.71
2025	100.73
2024	100.74
2023	100.75
2022	100.75
2021	100.74
2020	100.71
2019	100.7
2018	100.7
2017	100.73
2016	100.75
2015	100.77
2014	100.77
2013	100.75
2012	100.72
2011	100.68
2010	100.65
2009	100.62
2008	100.6
2007	100.59
2006	100.6
2005	100.62
2004	100.64
2003	100.66
2002	100.66
2001	100.63
2000	100.58
1999	100.53
1998	100.5
1997	100.5
1996	100.5
1995	100.5
1994	100.49
1993	100.48
1992	100.47
1991	100.46
1990	100.44
1989	100.39
1988	100.35
1987	100.33
1986	100.34
1985	100.36
1984	100.36
1983	100.33
1982	100.29
1981	100.24
1980	100.19
1979	100.16
1978	100.15
1977	100.14
1976	100.12
1975	100.1
1974	100.09
1973	100.08
1972	100.08
1971	100.09
1970	100.09
1969	100.09
1968	100.07
1967	100.05
1966	100.04
1965	100.03
1964	100.04
1963	100.06
1962	100.09
1961	100.1
1960	100.1
1959	100.1
1958	100.1
1957	100.1
1956	100.12
1955	100.15
1954	100.19
1953	100.21
1952	100.22
1951	100.25
1950	100.28
1949	100.32
1948	100.33
1947	100.33
1946	100.32
1945	100.32
1944	100.32
1943	100.33
1942	100.35
1941	100.37
1940	100.38
1939	100.39
1938	100.4
1937	100.41
1936	100.41
1935	100.42
1934	100.43
1933	100.43
1932	100.43
1931	100.44
1930	100.45
1929	100.46
1928	100.47
1927	100.47
1926	100.48
1925	100.48
1924	100.48
1923	100.47
1922	100.47
1921	100.47
1920	100.47
1919	100.47
1918	100.48
1917	100.49
1916	100.49
1915	100.49
1914	100.5
1913	100.52
1912	100.53
1911	100.54
1910	100.55
1909	100.55
1908	100.55
1907	100.56
1906	100.56
1905	100.56
1904	100.55
1903	100.55
1902	100.55
1901	100.55
1900	100.56
1899	100.56
1898	100.57
1897	100.58
1896	100.59
1895	100.61
1894	100.61
1893	100.61
1892	100.6
1891	100.6
1890	100.6
1889	100.6
1888	100.6
1887	100.61
1886	100.61
1885	100.61
1884	100.62
1883	100.63
1882	100.63
1881	100.63
1880	100.62
1879	100.62
1878	100.63
1877	100.63
1876	100.63
1875	100.63
1874	100.62
1873	100.62
1872	100.61
1871	100.61
1870	100.62
1869	100.63
1868	100.63
1867	100.64
1866	100.64
1865	100.64
1864	100.63
1863	100.62
1862	100.61
1861	100.6
1860	100.6
1859	100.6
1858	100.6
1857	100.6
1856	100.61
1855	100.61
1854	100.61
1853	100.61
1852	100.61
1851	100.61
1850	100.62
1849	100.63
1848	100.62
1847	100.62
1846	100.62
1845	100.62
1844	100.63
1843	100.63
1842	100.63
1841	100.61
1840	100.6
1839	100.59
1838	100.59
1837	100.6
1836	100.61
1835	100.62
1834	100.62
1833	100.62
1832	100.62
1831	100.63
1830	100.63
1829	100.62
1828	100.61
1827	100.61
1826	100.61
1825	100.61
1824	100.61
1823	100.61
1822	100.61
1821	100.61
1820	100.6
1819	100.59
1818	100.58
1817	100.58
1816	100.57
1815	100.56
1814	100.56
1813	100.56
1812	100.56
1811	100.56
1810	100.56
1809	100.55
1808	100.54
1807	100.53
1806	100.53
1805	100.53
1804	100.53
1803	100.53
1802	100.54
1801	100.54
1800	100.53
1799	100.53
1798	100.52
1797	100.52
1796	100.52
1795	100.53
1794	100.53
1793	100.54
1792	100.53
1791	100.53
1790	100.53
1789	100.52
1788	100.52
1787	100.52
1786	100.52
1785	100.51
1784	100.5
1783	100.5
1782	100.5
1781	100.5
1780	100.5
1779	100.5
1778	100.5
1777	100.51
1776	100.51
1775	100.51
1774	100.5
1773	100.5
1772	100.5
1771	100.5
1770	100.5
1769	100.49
1768	100.49
1767	100.49
1766	100.49
1765	100.49
1764	100.49
1763	100.5
1762	100.5
1761	100.49
1760	100.49
1759	100.5
1758	100.51
1757	100.51
1756	100.51
1755	100.51
1754	100.5
1753	100.5
1752	100.5
1751	100.5
1750	100.5
1749	100.51
1748	100.51
1747	100.51
1746	100.51
1745	100.51
1744	100.51
1743	100.5
1742	100.5
1741	100.49
1740	100.49
1739	100.49
1738	100.49
1737	100.49
1736	100.49
1735	100.5
1734	100.49
1733	100.48
1732	100.47
1731	100.46
1730	100.45
1729	100.43
1728	100.42
1727	100.41
1726	100.41
1725	100.42
1724	100.42
1723	100.43
1722	100.44
1721	100.45
1720	100.46
1719	100.48
1718	100.5
1717	100.52
1716	100.53
1715	100.53
1714	100.53
1713	100.53
1712	100.54
1711	100.54
1710	100.54
1709	100.54
1708	100.55
1707	100.55
1706	100.56
1705	100.56
1704	100.55
1703	100.55
1702	100.55
1701	100.56
1700	100.56
1699	100.55
1698	100.55
1697	100.55
1696	100.55
1695	100.55
1694	100.55
1693	100.56
1692	100.56
1691	100.56
1690	100.56
1689	100.56
1688	100.56
1687	100.56
1686	100.57
1685	100.59
1684	100.6
1683	100.6
1682	100.6
1681	100.6
1680	100.59
1679	100.59
1678	100.58
1677	100.58
1676	100.58
1675	100.58
1674	100.59
1673	100.59
1672	100.59
1671	100.59
1670	100.59
1669	100.59
1668	100.58
1667	100.59
1666	100.59
1665	100.59
1664	100.59
1663	100.59
1662	100.59
1661	100.59
1660	100.59
1659	100.59
1658	100.59
1657	100.58
1656	100.57
1655	100.56
1654	100.57
1653	100.57
1652	100.56
1651	100.56
1650	100.57
1649	100.57
1648	100.57
1647	100.57
1646	100.57
1645	100.57
1644	100.58
1643	100.59
1642	100.59
1641	100.6
1640	100.6
1639	100.61
1638	100.62
1637	100.64
1636	100.66
1635	100.67
1634	100.68
1633	100.68
1632	100.68
1631	100.69
1630	100.7
1629	100.71
1628	100.72
1627	100.72
1626	100.73
1625	100.74
1624	100.75
1623	100.76
1622	100.76
1621	100.76
1620	100.76
1619	100.76
1618	100.76
1617	100.77
1616	100.77
1615	100.77
1614	100.77
1613	100.76
1612	100.76
1611	100.75
1610	100.75
1609	100.74
1608	100.73
1607	100.72
1606	100.72
1605	100.71
1604	100.69
1603	100.69
1602	100.68
1601	100.67
1600	100.66
1599	100.66
1598	100.65
1597	100.65
1596	100.64
1595	100.63
1594	100.62
1593	100.61
1592	100.6
1591	100.59
1590	100.59
1589	100.58
1588	100.57
1587	100.56
1586	100.56
1585	100.55
1584	100.55
1583	100.55
1582	100.55
1581	100.55
1580	100.54
1579	100.54
1578	100.54
1577	100.55
1576	100.55
1575	100.54
1574	100.54
1573	100.53
1572	100.52
1571	100.52
1570	100.52
1569	100.51
1568	100.51
1567	100.51
1566	100.51
1565	100.51
1564	100.5
1563	100.5
1562	100.49
1561	100.49
1560	100.49
1559	100.49
1558	100.48
1557	100.47
1556	100.48
1555	100.49
1554	100.49
1553	100.48
1552	100.48
1551	100.48
1550	100.48
1549	100.47
1548	100.47
1547	100.46
1546	100.46
1545	100.45
1544	100.44
1543	100.43
1542	100.44
1541	100.44
1540	100.43
1539	100.42
1538	100.42
1537	100.43
1536	100.42
1535	100.41
1534	100.4
1533	100.38
1532	100.37
1531	100.36
1530	100.36
1529	100.36
1528	100.35
1527	100.34
1526	100.32
1525	100.31
1524	100.29
1523	100.28
1522	100.27
1521	100.26
1520	100.24
1519	100.23
1518	100.22
1517	100.2
1516	100.17
1515	100.15
1514	100.13
1513	100.11
1512	100.08
1511	100.06
1510	100.04
1509	100.02
1508	100
1507	99.96
1506	99.91
1505	99.87
1504	99.85
1503	99.83
1502	99.8
1501	99.76
1500	99.72
1499	99.68
1498	99.64
1497	99.59
1496	99.53
1495	99.49
1494	99.46
1493	99.42
1492	99.38
1491	99.33
1490	99.28
1489	99.23
1488	99.17
1487	99.12
1486	99.08
1485	99.03
1484	98.97
1483	98.92
1482	98.85
1481	98.78
1480	98.71
1479	98.63
1478	98.56
1477	98.46
1476	98.36
1475	98.26
1474	98.13
1473	97.96
1472	97.73
1471	97.51
1470	97.3
1469	97.06
1468	96.79
1467	96.47
1466	96.08
1465	95.61
1464	95.15
1463	94.8
1462	94.55
1461	94.39
1460	94.31
1459	94.32
1458	94.46
1457	94.7
1456	94.96
1455	95.16
1454	95.29
1453	95.38
1452	95.43
1451	95.46
1450	95.48
1449	95.53
1448	95.65
1447	95.86
1446	96.13
1445	96.43
1444	96.75
1443	97.07
1442	97.37
1441	97.63
1440	97.85
1439	98.03
1438	98.21
1437	98.4
1436	98.59
1435	98.74
1434	98.85
1433	98.95
1432	99.05
1431	99.14
1430	99.23
1429	99.3
1428	99.37
1427	99.43
1426	99.48
1425	99.53
1424	99.59
1423	99.63
1422	99.66
1421	99.69
1420	99.71
1419	99.73
1418	99.74
1417	99.75
1416	99.77
1415	99.78
1414	99.78
1413	99.77
1412	99.77
1411	99.76
1410	99.75
1409	99.76
1408	99.77
1407	99.79
1406	99.81
1405	99.84
1404	99.87
1403	99.91
1402	99.94
1401	99.98
1400	100.02
1399	100.05
1398	100.06
1397	100.04
1396	99.98
1395	99.92
1394	99.89
1393	99.93
1392	100
1391	100.06
1390	100.11
1389	100.12
1388	100.12
1387	100.1
1386	100.08
1385	100.06
1384	100.05
1383	100.04
1382	100.02
1381	100
1380	99.99
1379	99.97
1378	99.95
1377	99.92
1376	99.88
1375	99.81
1374	99.72
1373	99.59
1372	99.44
1371	99.25
1370	99.01
1369	98.7
1368	98.35
1367	98.02
1366	97.76
1365	97.63
1364	97.66
1363	97.85
1362	98.15
1361	98.48
1360	98.78
1359	99.05
1358	99.28
1357	99.47
1356	99.62
1355	99.75
1354	99.85
1353	99.93
1352	100
1351	100.05
1350	100.1
1349	100.13
1348	100.16
1347	100.19
1346	100.21
1345	100.22
1344	100.23
1343	100.22
1342	100.21
1341	100.19
1340	100.16
1339	100.11
1338	100.06
1337	100
1336	99.95
1335	99.91
1334	99.88
1333	99.87
1332	99.88
1331	99.92
1330	99.96
1329	100
1328	100.04
1327	100.08
1326	100.12
1325	100.15
1324	100.17
1323	100.18
1322	100.19
1321	100.19
1320	100.19
1319	100.18
1318	100.16
1317	100.15
1316	100.13
1315	100.11
1314	100.08
1313	100.06
1312	100.03
1311	100
1310	99.97
1309	99.94
1308	99.91
1307	99.88
1306	99.85
1305	99.82
1304	99.79
1303	99.76
1302	99.73
1301	99.71
1300	99.67
1299	99.62
1298	99.56
1297	99.47
1296	99.35
1295	99.18
1294	98.98
1293	98.75
1292	98.53
1291	98.35
1290	98.26
1289	98.25
1288	98.31
1287	98.41
1286	98.52
1285	98.63
1284	98.72
1283	98.81
1282	98.87
1281	98.92
1280	98.95
1279	98.98
1278	99
1277	99.01
1276	99.01
1275	99
1274	98.99
1273	98.98
1272	98.96
1271	98.94
1270	98.91
1269	98.88
1268	98.84
1267	98.8
1266	98.76
1265	98.7
1264	98.65
1263	98.6
1262	98.55
1261	98.5
1260	98.44
1259	98.38
1258	98.33
1257	98.27
1256	98.21
1255	98.16
1254	98.1
1253	98.03
1252	97.97
1251	97.9
1250	97.84
1249	97.8
1248	97.77
1247	97.74
1246	97.71
1245	97.68
1244	97.63
1243	97.57
1242	97.52
1241	97.5
1240	97.52
1239	97.54
1238	97.56
1237	97.56
1236	97.56
1235	97.55
1234	97.55
1233	97.54
1232	97.54
1231	97.55
1230	97.56
1229	97.57
1228	97.57
1227	97.58
1226	97.59
1225	97.6
1224	97.6
1223	97.6
1222	97.59
1221	97.59
1220	97.58
1219	97.57
1218	97.55
1217	97.54
1216	97.51
1215	97.49
1214	97.47
1213	97.45
1212	97.42
1211	97.4
1210	97.37
1209	97.33
1208	97.29
1207	97.24
1206	97.18
1205	97.13
1204	97.07
1203	97.02
1202	96.96
1201	96.89
1200	96.82
1199	96.75
1198	96.67
1197	96.59
1196	96.51
1195	96.43
1194	96.35
1193	96.28
1192	96.21
1191	96.14
1190	96.08
1189	96.02
1188	95.96
1187	95.91
1186	95.87
1185	95.83
1184	95.8
1183	95.79
1182	95.77
1181	95.77
1180	95.77
1179	95.78
1178	95.81
1177	95.85
1176	95.9
1175	95.97
1174	96.06
1173	96.17
1172	96.3
1171	96.45
1170	96.6
1169	96.76
1168	96.92
1167	97.09
1166	97.26
1165	97.43
1164	97.58
1163	97.73
1162	97.87
1161	98.02
1160	98.15
1159	98.28
1158	98.4
1157	98.51
1156	98.6
1155	98.69
1154	98.76
1153	98.83
1152	98.9
1151	98.96
1150	99.02
1149	99.07
1148	99.11
1147	99.14
1146	99.17
1145	99.19
1144	99.2
1143	99.2
1142	99.19
1141	99.17
1140	99.15
1139	99.12
1138	99.1
1137	99.08
1136	99.06
1135	99.04
1134	99.01
1133	98.98
1132	98.95
1131	98.92
1130	98.89
1129	98.87
1128	98.84
1127	98.82
1126	98.79
1125	98.75
1124	98.72
1123	98.68
1122	98.64
1121	98.59
1120	98.54
1119	98.48
1118	98.42
1117	98.36
1116	98.29
1115	98.21
1114	98.12
1113	98.02
1112	97.91
1111	97.8
1110	97.67
1109	97.54
1108	97.39
1107	97.25
1106	97.09
1105	96.92
1104	96.74
1103	96.53
1102	96.32
1101	96.08
1100	95.83
1099	95.56
1098	95.27
1097	94.95
1096	94.6
1095	94.2
1094	93.76
1093	93.27
1092	92.71
1091	92.09
1090	91.4
1089	90.62
1088	89.76
1087	88.8
1086	87.74
1085	86.54
1084	85.17
1083	83.63
1082	81.88
1081	79.89
1080	77.64
1079	75.09
1078	72.25
1077	69.06
1076	65.55
1075	61.77
1074	57.82
1073	53.77
1072	49.81
1071	46.16
1070	43.02
1069	40.54
1068	38.86
1067	38.07
1066	38.19
1065	39.08
1064	40.63
1063	42.7
1062	45.15
1061	47.82
1060	50.61
1059	53.49
1058	56.41
1057	59.28
1056	62.07
1055	64.75
1054	67.28
1053	69.63
1052	71.79
1051	73.77
1050	75.58
1049	77.2
1048	78.66
1047	79.98
1046	81.16
1045	82.2
1044	83.11
1043	83.92
1042	84.63
1041	85.23
1040	85.74
1039	86.15
1038	86.48
1037	86.74
1036	86.93
1035	87.07
1034	87.16
1033	87.2
1032	87.23
1031	87.3
1030	87.42
1029	87.64
1028	87.99
1027	88.5
1026	89.15
1025	89.86
1024	90.58
1023	91.28
1022	91.95
1021	92.57
1020	93.13
1019	93.65
1018	94.12
1017	94.55
1016	94.94
1015	95.3
1014	95.63
1013	95.92
1012	96.18
1011	96.42
1010	96.63
1009	96.82
1008	97
1007	97.17
1006	97.33
1005	97.48
1004	97.62
1003	97.75
1002	97.87
1001	97.97
1000	98.07
999	98.15
998	98.23
997	98.3
996	98.37
995	98.44
994	98.5
993	98.55
992	98.59
991	98.64
990	98.68
989	98.71
988	98.75
987	98.78
986	98.81
985	98.83
984	98.84
983	98.85
982	98.85
981	98.85
980	98.85
979	98.85
978	98.84
977	98.83
976	98.81
975	98.79
974	98.77
973	98.74
972	98.7
971	98.66
970	98.62
969	98.57
968	98.51
967	98.46
966	98.4
965	98.34
964	98.27
963	98.19
962	98.09
961	97.99
960	97.88
959	97.76
958	97.64
957	97.51
956	97.37
955	97.23
954	97.08
953	96.92
952	96.75
951	96.57
950	96.38
949	96.19
948	95.99
947	95.79
946	95.58
945	95.36
944	95.12
943	94.87
942	94.6
941	94.32
940	94.01
939	93.68
938	93.33
937	92.95
936	92.53
935	92.07
934	91.58
933	91.04
932	90.44
931	89.8
930	89.11
929	88.35
928	87.52
927	86.61
926	85.63
925	84.57
924	83.42
923	82.18
922	80.87
921	79.47
920	77.98
919	76.44
918	74.86
917	73.28
916	71.74
915	70.31
914	69.01
913	67.88
912	66.95
911	66.22
910	65.71
909	65.39
908	65.25
907	65.31
906	65.56
905	65.98
904	66.57
903	67.33
902	68.24
901	69.25
900	70.35
899	71.52
898	72.75
897	74
896	75.24
895	76.46
894	77.64
893	78.77
892	79.85
891	80.88
890	81.85
889	82.75
888	83.57
887	84.32
886	85
885	85.62
884	86.17
883	86.68
882	87.13
881	87.53
880	87.89
879	88.24
878	88.57
877	88.88
876	89.15
875	89.38
874	89.61
873	89.82
872	90.03
871	90.24
870	90.45
869	90.65
868	90.83
867	91.02
866	91.22
865	91.43
864	91.64
863	91.86
862	92.07
861	92.28
860	92.47
859	92.66
858	92.84
857	93.03
856	93.22
855	93.39
854	93.56
853	93.71
852	93.87
851	94.01
850	94.15
849	94.27
848	94.39
847	94.51
846	94.64
845	94.76
844	94.86
843	94.97
842	95.07
841	95.17
840	95.27
839	95.39
838	95.51
837	95.63
836	95.75
835	95.87
834	95.99
833	96.13
832	96.26
831	96.39
830	96.52
829	96.65
828	96.77
827	96.89
826	97
825	97.12
824	97.23
823	97.34
822	97.44
821	97.54
820	97.63
819	97.71
818	97.8
817	97.88
816	97.96
815	98.04
814	98.11
813	98.17
812	98.23
811	98.27
810	98.32
809	98.37
808	98.41
807	98.46
806	98.5
805	98.55
804	98.59
803	98.63
802	98.67
801	98.71
800	98.76
799	98.8
798	98.85
797	98.89
796	98.93
795	98.97
794	99.01
793	99.05
792	99.09
791	99.13
790	99.17
789	99.2
788	99.22
787	99.26
786	99.29
785	99.32
784	99.35
783	99.38
782	99.41
781	99.43
780	99.45
779	99.47
778	99.5
777	99.53
776	99.57
775	99.6
774	99.63
773	99.65
772	99.68
771	99.71
770	99.73
769	99.75
768	99.77
767	99.79
766	99.81
765	99.82
764	99.84
763	99.85
762	99.86
761	99.88
760	99.89
759	99.91
758	99.93
757	99.95
756	99.96
755	99.97
754	99.98
753	99.98
752	99.99
751	100
750	100.02
749	100.04
748	100.05
747	100.05
746	100.04
745	100.05
744	100.05
743	100.06
742	100.07
741	100.08
740	100.08
739	100.09
738	100.1
737	100.1
736	100.1
735	100.09
734	100.09
733	100.1
732	100.1
731	100.1
730	100.11
729	100.11
728	100.1
727	100.09
726	100.08
725	100.07
724	100.05
723	100.05
722	100.04
721	100.04
720	100.02
719	100.01
718	100
717	99.99
716	99.98
715	99.96
714	99.94
713	99.92
712	99.9
711	99.88
710	99.87
709	99.86
708	99.84
707	99.81
706	99.78
705	99.74
704	99.71
703	99.68
702	99.66
701	99.62
700	99.58
699	99.52
698	99.47
697	99.43
696	99.39
695	99.35
694	99.31
693	99.25
692	99.19
691	99.13
690	99.08
689	99.01
688	98.93
687	98.84
686	98.76
685	98.67
684	98.57
683	98.47
682	98.36
681	98.25
680	98.12
679	97.99
678	97.86
677	97.72
676	97.56
675	97.4
674	97.23
673	97.06
672	96.9
671	96.77
670	96.65
669	96.45
668	96.14
667	95.83
666	95.62
665	95.46
664	95.3
663	95.13
662	94.98
661	94.86
660	94.75
659	94.67
658	94.62
657	94.6
656	94.59
655	94.6
654	94.64
653	94.71
652	94.78
651	94.88
650	95
649	95.14
648	95.29
647	95.45
646	95.62
645	95.79
644	95.96
643	96.13
642	96.3
641	96.45
640	96.6
639	96.75
638	96.89
637	97.02
636	97.15
635	97.28
634	97.41
633	97.54
632	97.67
631	97.8
630	97.91
629	98.01
628	98.11
627	98.21
626	98.31
625	98.4
624	98.5
623	98.58
622	98.66
621	98.72
620	98.78
619	98.84
618	98.9
617	98.95
616	99
615	99.05
614	99.1
613	99.15
612	99.2
611	99.24
610	99.29
609	99.32
608	99.35
607	99.36
606	99.37
605	99.38
604	99.39
603	99.42
602	99.45
601	99.47
600	99.48
599	99.48
598	99.48
597	99.46
596	99.43
595	99.42
594	99.41
593	99.42
592	99.44
591	99.46
590	99.48
589	99.49
588	99.49
587	99.49
586	99.49
585	99.5
584	99.51
583	99.54
582	99.58
581	99.61
580	99.63
579	99.66
578	99.71
577	99.76
576	99.81
575	99.85
574	99.89
573	99.92
572	99.94
571	99.97
570	100
569	100.03
568	100.04
567	100.05
566	100.06
565	100.08
564	100.11
563	100.15
562	100.2
561	100.23
560	100.25
559	100.25
558	100.25
557	100.24
556	100.23
555	100.22
554	100.22
553	100.24
552	100.28
551	100.31
550	100.33
549	100.34
548	100.34
547	100.33
546	100.3
545	100.26
544	100.21
543	100.18
542	100.19
541	100.23
540	100.29
539	100.35
538	100.39
537	100.39
536	100.39
535	100.39
534	100.39
533	100.39
532	100.37
531	100.35
530	100.33
529	100.32
528	100.33
527	100.36
526	100.41
525	100.44
524	100.44
523	100.41
522	100.37
521	100.36
520	100.38
519	100.43
518	100.45
517	100.45
516	100.43
515	100.39
514	100.36
513	100.34
512	100.34
511	100.34
510	100.34
509	100.32
508	100.3
507	100.28
506	100.27
505	100.24
504	100.18
503	100.11
502	100.03
501	99.95
500	99.9
499	99.88
498	99.89
497	99.91
496	99.93
495	99.94
494	99.93
493	99.9
492	99.88
491	99.9
490	99.93
489	99.96
488	99.98
487	99.98
486	99.97
485	99.94
484	99.9
483	99.87
482	99.84
481	99.82
480	99.8
479	99.8
478	99.82
477	99.83
476	99.82
475	99.8
474	99.81
473	99.84
472	99.86
471	99.84
470	99.81
469	99.8
468	99.83
467	99.89
466	99.98
465	100.06
464	100.12
463	100.13
462	100.09
461	100.04
460	100.02
459	100.02
458	100.04
457	100.04
456	100.02
455	100
454	99.99
453	99.99
452	99.99
451	100
450	100.01
449	99.99
448	99.92
447	99.87
446	99.87
445	99.9
444	99.95
443	99.98
442	99.98
441	99.95
440	99.94
439	99.95
438	99.98
437	100.01
436	100.05
435	100.11
434	100.2
433	100.29
432	100.37
431	100.44
430	100.5
429	100.5
428	100.44
427	100.33
426	100.21
425	100.12
424	100.1
423	100.18
422	100.35
421	100.5
420	100.54
419	100.47
418	100.4
417	100.4
416	100.45
415	100.49
414	100.52
413	100.52
412	100.54
411	100.61
410	100.72
409	100.79
408	100.79
407	100.74
406	100.74
405	100.79
404	100.84
403	100.85
402	100.82
401	100.76
400	100.7