DCM
 250.00 	1.2811
 251.00 	1.3519
 252.00 	1.4245
 253.00 	1.4977
 254.00 	1.5722
 255.00 	1.6443
 256.00 	1.7162
 257.00 	1.7876
 258.00 	1.8656
 259.00 	1.9379
 260.00 	2.0035
 261.00 	2.0721
 262.00 	2.1363
 263.00 	2.1865
 264.00 	2.2391
 265.00 	2.2991
 266.00 	2.3535
 267.00 	2.4037
 268.00 	2.4269
 269.00 	2.4857
 270.00 	2.4902
 271.00 	2.5139
 272.00 	2.5137
 273.00 	2.5237
 274.00 	2.5955
 275.00 	2.5740
 276.00 	2.5433
 277.00 	2.5425
 278.00 	2.5741
 279.00 	2.5215
 280.00 	2.4717
 281.00 	2.4510
 282.00 	2.4421
 283.00 	2.4038
 284.00 	2.3592
 285.00 	2.3155
 286.00 	2.2569
 287.00 	2.2069
 288.00 	2.1262
 289.00 	2.0792
 290.00 	2.0188
 291.00 	1.9474
 292.00 	1.8774
 293.00 	1.8043
 294.00 	1.7289
 295.00 	1.6513
 296.00 	1.5716
 297.00 	1.4957
 298.00 	1.4107
 299.00 	1.3283
 300.00 	1.2420
 301.00 	1.1554
 302.00 	1.0683
 303.00 	0.9847
 304.00 	0.9045
 305.00 	0.8270
 306.00 	0.7545
 307.00 	0.6858
 308.00 	0.6200
 309.00 	0.5568
 310.00 	0.4979
 311.00 	0.4426
 312.00 	0.3905
 313.00 	0.3437
 314.00 	0.3013
 315.00 	0.2634
 316.00 	0.2297
 317.00 	0.2001
 318.00 	0.1751
 319.00 	0.1533
 320.00 	0.1348
 321.00 	0.1200
 322.00 	0.1072
 323.00 	0.0976
 324.00 	0.0893
 325.00 	0.0826
 326.00 	0.0782
 327.00 	0.0725
 328.00 	0.0674
 329.00 	0.0648
 330.00 	0.0630
 331.00 	0.0615
 332.00 	0.0602
 333.00 	0.0597
 334.00 	0.0586
 335.00 	0.0576
 336.00 	0.0576
 337.00 	0.0564
 338.00 	0.0568
 339.00 	0.0563
 340.00 	0.0563
 341.00 	0.0562
 342.00 	0.0559
 343.00 	0.0560
 344.00 	0.0558
 345.00 	0.0556
 346.00 	0.0555
 347.00 	0.0553
 348.00 	0.0555
 349.00 	0.0553
 350.00 	0.0553
 351.00 	0.0551
 352.00 	0.0549
 353.00 	0.0550
 354.00 	0.0549
 355.00 	0.0548
 356.00 	0.0553
 357.00 	0.0550
 358.00 	0.0551
 359.00 	0.0548
 360.00 	0.0548
 361.00 	0.0547
 362.00 	0.0547
 363.00 	0.0541
 364.00 	0.0542
 365.00 	0.0541
 366.00 	0.0543
 367.00 	0.0544
 368.00 	0.0538
 369.00 	0.0539
 370.00 	0.0537
 371.00 	0.0533
 372.00 	0.0535
 373.00 	0.0528
 374.00 	0.0527
 375.00 	0.0525
 376.00 	0.0523
 377.00 	0.0519
 378.00 	0.0523
 379.00 	0.0523
 380.00 	0.0520
 381.00 	0.0519
 382.00 	0.0521
 383.00 	0.0519
 384.00 	0.0527
 385.00 	0.0530
 386.00 	0.0529
 387.00 	0.0526
 388.00 	0.0527
 389.00 	0.0526
 390.00 	0.0527
 391.00 	0.0526
 392.00 	0.0526
 393.00 	0.0524
 394.00 	0.0526
 395.00 	0.0524
 396.00 	0.0525
 397.00 	0.0522
 398.00 	0.0524
 399.00 	0.0523
 400.00 	0.0522
 401.00 	0.0521
 402.00 	0.0522
 403.00 	0.0520
 404.00 	0.0520
 405.00 	0.0521
 406.00 	0.0519
 407.00 	0.0520
 408.00 	0.0518
 409.00 	0.0517
 410.00 	0.0516
 411.00 	0.0516
 412.00 	0.0515
 413.00 	0.0516
 414.00 	0.0516
 415.00 	0.0517
 416.00 	0.0515
 417.00 	0.0515
 418.00 	0.0511
 419.00 	0.0511
 420.00 	0.0511
 421.00 	0.0510
 422.00 	0.0513
 423.00 	0.0515
 424.00 	0.0517
 425.00 	0.0517
 426.00 	0.0518
 427.00 	0.0517
 428.00 	0.0516
 429.00 	0.0517
 430.00 	0.0516
 431.00 	0.0515
 432.00 	0.0516
 433.00 	0.0513
 434.00 	0.0511
 435.00 	0.0512
 436.00 	0.0510
 437.00 	0.0513
 438.00 	0.0512
 439.00 	0.0508
 440.00 	0.0509
 441.00 	0.0511
 442.00 	0.0509
 443.00 	0.0509
 444.00 	0.0510
 445.00 	0.0508
 446.00 	0.0509
 447.00 	0.0509
 448.00 	0.0507
 449.00 	0.0508
 450.00 	0.0506
 451.00 	0.0508
 452.00 	0.0507
 453.00 	0.0506
 454.00 	0.0508
 455.00 	0.0510
 456.00 	0.0511
 457.00 	0.0510
 458.00 	0.0511
 459.00 	0.0511
 460.00 	0.0510
 461.00 	0.0508
 462.00 	0.0508
 463.00 	0.0509
 464.00 	0.0507
 465.00 	0.0508
 466.00 	0.0505
 467.00 	0.0506
 468.00 	0.0505
 469.00 	0.0503
 470.00 	0.0505
 471.00 	0.0506
 472.00 	0.0506
 473.00 	0.0506
 474.00 	0.0506
 475.00 	0.0505
 476.00 	0.0504
 477.00 	0.0504
 478.00 	0.0505
 479.00 	0.0504
 480.00 	0.0506
 481.00 	0.0505
 482.00 	0.0506
 483.00 	0.0505
 484.00 	0.0504
 485.00 	0.0505
 486.00 	0.0506
 487.00 	0.0505
 488.00 	0.0507
 489.00 	0.0507
 490.00 	0.0507
 491.00 	0.0505
 492.00 	0.0507
 493.00 	0.0506
 494.00 	0.0506
 495.00 	0.0506
 496.00 	0.0506
 497.00 	0.0506
 498.00 	0.0508
 499.00 	0.0508
 500.00 	0.0508
 501.00 	0.0509
 502.00 	0.0508
 503.00 	0.0508
 504.00 	0.0508
 505.00 	0.0509
 506.00 	0.0510
 507.00 	0.0509
 508.00 	0.0509
 509.00 	0.0509
 510.00 	0.0509
 511.00 	0.0509
 512.00 	0.0509
 513.00 	0.0510
 514.00 	0.0510
 515.00 	0.0510
 516.00 	0.0512
 517.00 	0.0511
 518.00 	0.0510
 519.00 	0.0509
 520.00 	0.0507
 521.00 	0.0505
 522.00 	0.0505
 523.00 	0.0503
 524.00 	0.0502
 525.00 	0.0501
 526.00 	0.0500
 527.00 	0.0501
 528.00 	0.0500
 529.00 	0.0499
 530.00 	0.0500
 531.00 	0.0500
 532.00 	0.0500
 533.00 	0.0500
 534.00 	0.0501
 535.00 	0.0501
 536.00 	0.0503
 537.00 	0.0503
 538.00 	0.0503
 539.00 	0.0503
 540.00 	0.0502
 541.00 	0.0502
 542.00 	0.0501
 543.00 	0.0501
 544.00 	0.0499
 545.00 	0.0499
 546.00 	0.0500
 547.00 	0.0501
 548.00 	0.0502
 549.00 	0.0502
 550.00 	0.0501
 551.00 	0.0500
 552.00 	0.0499
 553.00 	0.0498
 554.00 	0.0499
 555.00 	0.0498
 556.00 	0.0497
 557.00 	0.0494
 558.00 	0.0495
 559.00 	0.0495
 560.00 	0.0495
 561.00 	0.0494
 562.00 	0.0494
 563.00 	0.0494
 564.00 	0.0494
 565.00 	0.0493
 566.00 	0.0493
 567.00 	0.0491
 568.00 	0.0493
 569.00 	0.0494
 570.00 	0.0494
 571.00 	0.0492
 572.00 	0.0492
 573.00 	0.0492
 574.00 	0.0493
 575.00 	0.0493
 576.00 	0.0493
 577.00 	0.0492
 578.00 	0.0493
 579.00 	0.0493
 580.00 	0.0493
 581.00 	0.0493
 582.00 	0.0493
 583.00 	0.0493
 584.00 	0.0494
 585.00 	0.0494
 586.00 	0.0494
 587.00 	0.0493
 588.00 	0.0493
 589.00 	0.0491
 590.00 	0.0492
 591.00 	0.0492
 592.00 	0.0493
 593.00 	0.0493
 594.00 	0.0495
 595.00 	0.0494
 596.00 	0.0494
 597.00 	0.0492
 598.00 	0.0495
 599.00 	0.0495
 600.00 	0.0495
 601.00 	0.0495
 602.00 	0.0494
 603.00 	0.0496
 604.00 	0.0497
 605.00 	0.0495
 606.00 	0.0497
 607.00 	0.0497
 608.00 	0.0497
 609.00 	0.0496
 610.00 	0.0497
 611.00 	0.0498
 612.00 	0.0498
 613.00 	0.0499
 614.00 	0.0498
 615.00 	0.0500
 616.00 	0.0499
 617.00 	0.0501
 618.00 	0.0500
 619.00 	0.0498
 620.00 	0.0498
 621.00 	0.0498
 622.00 	0.0498
 623.00 	0.0497
 624.00 	0.0499
 625.00 	0.0499
 626.00 	0.0497
 627.00 	0.0496
 628.00 	0.0496
 629.00 	0.0495
 630.00 	0.0494
 631.00 	0.0494
 632.00 	0.0494
 633.00 	0.0494
 634.00 	0.0494
 635.00 	0.0495
 636.00 	0.0494
 637.00 	0.0495
 638.00 	0.0495
 639.00 	0.0494
 640.00 	0.0494
 641.00 	0.0495
 642.00 	0.0495
 643.00 	0.0495
 644.00 	0.0494
 645.00 	0.0495
 646.00 	0.0494
 647.00 	0.0497
 648.00 	0.0496
 649.00 	0.0495
 650.00 	0.0495
 651.00 	0.0495
 652.00 	0.0495
 653.00 	0.0497
 654.00 	0.0497
 655.00 	0.0498
 656.00 	0.0499
 657.00 	0.0499
 658.00 	0.0498
 659.00 	0.0500
 660.00 	0.0501
 661.00 	0.0501
 662.00 	0.0502
 663.00 	0.0503
 664.00 	0.0501
 665.00 	0.0504
 666.00 	0.0504
 667.00 	0.0505
 668.00 	0.0504
 669.00 	0.0504
 670.00 	0.0504
 671.00 	0.0503
 672.00 	0.0503
 673.00 	0.0504
 674.00 	0.0503
 675.00 	0.0503
 676.00 	0.0504
 677.00 	0.0504
 678.00 	0.0505
 679.00 	0.0504
 680.00 	0.0505
 681.00 	0.0505
 682.00 	0.0506
 683.00 	0.0505
 684.00 	0.0504
 685.00 	0.0505
 686.00 	0.0505
 687.00 	0.0505
 688.00 	0.0504
 689.00 	0.0503
 690.00 	0.0503
 691.00 	0.0502
 692.00 	0.0503
 693.00 	0.0503
 694.00 	0.0503
 695.00 	0.0501
 696.00 	0.0501
 697.00 	0.0502
 698.00 	0.0500
 699.00 	0.0501
 700.00 	0.0500
