4000	97.34
3999	97.34
3998	97.34
3997	97.34
3996	97.33
3995	97.34
3994	97.34
3993	97.35
3992	97.35
3991	97.35
3990	97.35
3989	97.35
3988	97.36
3987	97.36
3986	97.36
3985	97.36
3984	97.35
3983	97.35
3982	97.35
3981	97.34
3980	97.34
3979	97.33
3978	97.34
3977	97.34
3976	97.35
3975	97.35
3974	97.35
3973	97.34
3972	97.33
3971	97.33
3970	97.33
3969	97.33
3968	97.33
3967	97.33
3966	97.33
3965	97.32
3964	97.32
3963	97.32
3962	97.32
3961	97.32
3960	97.32
3959	97.31
3958	97.31
3957	97.3
3956	97.29
3955	97.28
3954	97.27
3953	97.26
3952	97.26
3951	97.25
3950	97.24
3949	97.22
3948	97.21
3947	97.2
3946	97.19
3945	97.19
3944	97.19
3943	97.2
3942	97.21
3941	97.22
3940	97.22
3939	97.23
3938	97.23
3937	97.24
3936	97.26
3935	97.27
3934	97.29
3933	97.3
3932	97.32
3931	97.33
3930	97.33
3929	97.33
3928	97.33
3927	97.33
3926	97.33
3925	97.33
3924	97.33
3923	97.34
3922	97.34
3921	97.34
3920	97.35
3919	97.35
3918	97.36
3917	97.37
3916	97.37
3915	97.37
3914	97.37
3913	97.36
3912	97.35
3911	97.34
3910	97.33
3909	97.33
3908	97.33
3907	97.33
3906	97.34
3905	97.34
3904	97.35
3903	97.35
3902	97.36
3901	97.36
3900	97.35
3899	97.34
3898	97.33
3897	97.33
3896	97.33
3895	97.33
3894	97.33
3893	97.34
3892	97.35
3891	97.34
3890	97.33
3889	97.33
3888	97.33
3887	97.33
3886	97.32
3885	97.32
3884	97.32
3883	97.33
3882	97.34
3881	97.34
3880	97.34
3879	97.34
3878	97.34
3877	97.34
3876	97.34
3875	97.34
3874	97.34
3873	97.34
3872	97.35
3871	97.35
3870	97.35
3869	97.35
3868	97.36
3867	97.36
3866	97.36
3865	97.35
3864	97.35
3863	97.36
3862	97.36
3861	97.36
3860	97.36
3859	97.36
3858	97.36
3857	97.37
3856	97.38
3855	97.36
3854	97.35
3853	97.35
3852	97.35
3851	97.35
3850	97.34
3849	97.33
3848	97.32
3847	97.32
3846	97.32
3845	97.32
3844	97.33
3843	97.33
3842	97.34
3841	97.34
3840	97.33
3839	97.31
3838	97.3
3837	97.3
3836	97.3
3835	97.3
3834	97.3
3833	97.31
3832	97.31
3831	97.3
3830	97.3
3829	97.3
3828	97.31
3827	97.31
3826	97.32
3825	97.32
3824	97.32
3823	97.33
3822	97.32
3821	97.3
3820	97.29
3819	97.29
3818	97.29
3817	97.29
3816	97.28
3815	97.29
3814	97.3
3813	97.31
3812	97.32
3811	97.32
3810	97.32
3809	97.33
3808	97.32
3807	97.31
3806	97.3
3805	97.3
3804	97.31
3803	97.32
3802	97.33
3801	97.33
3800	97.34
3799	97.35
3798	97.35
3797	97.34
3796	97.34
3795	97.34
3794	97.34
3793	97.34
3792	97.34
3791	97.33
3790	97.33
3789	97.33
3788	97.33
3787	97.33
3786	97.33
3785	97.34
3784	97.34
3783	97.34
3782	97.35
3781	97.35
3780	97.34
3779	97.34
3778	97.34
3777	97.34
3776	97.34
3775	97.33
3774	97.33
3773	97.33
3772	97.33
3771	97.32
3770	97.31
3769	97.3
3768	97.3
3767	97.3
3766	97.3
3765	97.29
3764	97.28
3763	97.27
3762	97.27
3761	97.26
3760	97.26
3759	97.27
3758	97.28
3757	97.29
3756	97.3
3755	97.31
3754	97.31
3753	97.3
3752	97.27
3751	97.25
3750	97.23
3749	97.22
3748	97.22
3747	97.24
3746	97.26
3745	97.29
3744	97.3
3743	97.31
3742	97.32
3741	97.31
3740	97.3
3739	97.29
3738	97.28
3737	97.27
3736	97.28
3735	97.29
3734	97.31
3733	97.31
3732	97.3
3731	97.29
3730	97.29
3729	97.3
3728	97.31
3727	97.31
3726	97.31
3725	97.32
3724	97.33
3723	97.33
3722	97.33
3721	97.33
3720	97.33
3719	97.33
3718	97.32
3717	97.31
3716	97.31
3715	97.32
3714	97.32
3713	97.33
3712	97.33
3711	97.34
3710	97.34
3709	97.33
3708	97.32
3707	97.31
3706	97.29
3705	97.29
3704	97.28
3703	97.27
3702	97.26
3701	97.26
3700	97.25
3699	97.24
3698	97.23
3697	97.22
3696	97.21
3695	97.2
3694	97.2
3693	97.19
3692	97.19
3691	97.19
3690	97.19
3689	97.21
3688	97.22
3687	97.23
3686	97.24
3685	97.25
3684	97.25
3683	97.25
3682	97.26
3681	97.27
3680	97.27
3679	97.27
3678	97.28
3677	97.28
3676	97.29
3675	97.3
3674	97.31
3673	97.33
3672	97.34
3671	97.34
3670	97.34
3669	97.34
3668	97.34
3667	97.33
3666	97.32
3665	97.31
3664	97.31
3663	97.32
3662	97.33
3661	97.33
3660	97.34
3659	97.34
3658	97.34
3657	97.33
3656	97.32
3655	97.32
3654	97.32
3653	97.33
3652	97.33
3651	97.32
3650	97.31
3649	97.31
3648	97.32
3647	97.33
3646	97.34
3645	97.35
3644	97.35
3643	97.35
3642	97.35
3641	97.35
3640	97.35
3639	97.35
3638	97.34
3637	97.34
3636	97.34
3635	97.34
3634	97.34
3633	97.34
3632	97.34
3631	97.34
3630	97.33
3629	97.32
3628	97.33
3627	97.34
3626	97.34
3625	97.34
3624	97.33
3623	97.32
3622	97.31
3621	97.31
3620	97.32
3619	97.33
3618	97.34
3617	97.34
3616	97.34
3615	97.35
3614	97.34
3613	97.33
3612	97.32
3611	97.32
3610	97.33
3609	97.33
3608	97.34
3607	97.34
3606	97.33
3605	97.31
3604	97.3
3603	97.29
3602	97.28
3601	97.29
3600	97.29
3599	97.3
3598	97.31
3597	97.32
3596	97.33
3595	97.34
3594	97.34
3593	97.33
3592	97.32
3591	97.31
3590	97.31
3589	97.32
3588	97.33
3587	97.33
3586	97.33
3585	97.32
3584	97.31
3583	97.3
3582	97.29
3581	97.29
3580	97.29
3579	97.29
3578	97.29
3577	97.28
3576	97.28
3575	97.29
3574	97.29
3573	97.3
3572	97.29
3571	97.29
3570	97.29
3569	97.3
3568	97.32
3567	97.35
3566	97.36
3565	97.36
3564	97.34
3563	97.32
3562	97.3
3561	97.28
3560	97.27
3559	97.25
3558	97.24
3557	97.23
3556	97.23
3555	97.24
3554	97.24
3553	97.24
3552	97.23
3551	97.23
3550	97.23
3549	97.23
3548	97.24
3547	97.25
3546	97.26
3545	97.26
3544	97.25
3543	97.24
3542	97.22
3541	97.2
3540	97.19
3539	97.19
3538	97.19
3537	97.2
3536	97.19
3535	97.18
3534	97.17
3533	97.16
3532	97.16
3531	97.16
3530	97.15
3529	97.15
3528	97.15
3527	97.16
3526	97.18
3525	97.19
3524	97.19
3523	97.18
3522	97.17
3521	97.16
3520	97.16
3519	97.16
3518	97.16
3517	97.16
3516	97.16
3515	97.15
3514	97.15
3513	97.15
3512	97.15
3511	97.15
3510	97.15
3509	97.14
3508	97.14
3507	97.14
3506	97.14
3505	97.15
3504	97.16
3503	97.17
3502	97.17
3501	97.17
3500	97.16
3499	97.16
3498	97.16
3497	97.17
3496	97.17
3495	97.17
3494	97.16
3493	97.16
3492	97.15
3491	97.15
3490	97.16
3489	97.17
3488	97.17
3487	97.18
3486	97.17
3485	97.16
3484	97.15
3483	97.14
3482	97.14
3481	97.15
3480	97.16
3479	97.16
3478	97.16
3477	97.16
3476	97.15
3475	97.14
3474	97.12
3473	97.11
3472	97.11
3471	97.11
3470	97.11
3469	97.11
3468	97.11
3467	97.1
3466	97.1
3465	97.1
3464	97.1
3463	97.1
3462	97.1
3461	97.09
3460	97.09
3459	97.08
3458	97.08
3457	97.08
3456	97.08
3455	97.08
3454	97.09
3453	97.09
3452	97.08
3451	97.08
3450	97.06
3449	97.05
3448	97.03
3447	97.03
3446	97.03
3445	97.04
3444	97.04
3443	97.04
3442	97.03
3441	97.03
3440	97.02
3439	97.02
3438	97.02
3437	97.02
3436	97.03
3435	97.03
3434	97.02
3433	97.02
3432	97.01
3431	97.01
3430	97.01
3429	97.02
3428	97.02
3427	97.02
3426	97.02
3425	97.02
3424	97.03
3423	97.04
3422	97.05
3421	97.05
3420	97.06
3419	97.05
3418	97.05
3417	97.03
3416	97.03
3415	97.02
3414	97.02
3413	97.03
3412	97.03
3411	97.03
3410	97.03
3409	97.03
3408	97.04
3407	97.05
3406	97.06
3405	97.06
3404	97.06
3403	97.06
3402	97.06
3401	97.06
3400	97.05
3399	97.05
3398	97.04
3397	97.04
3396	97.05
3395	97.05
3394	97.05
3393	97.05
3392	97.05
3391	97.05
3390	97.04
3389	97.04
3388	97.04
3387	97.04
3386	97.04
3385	97.04
3384	97.04
3383	97.04
3382	97.05
3381	97.05
3380	97.06
3379	97.06
3378	97.07
3377	97.07
3376	97.08
3375	97.08
3374	97.08
3373	97.08
3372	97.08
3371	97.08
3370	97.08
3369	97.08
3368	97.09
3367	97.09
3366	97.09
3365	97.09
3364	97.08
3363	97.07
3362	97.07
3361	97.07
3360	97.07
3359	97.07
3358	97.07
3357	97.07
3356	97.07
3355	97.07
3354	97.07
3353	97.06
3352	97.05
3351	97.04
3350	97.04
3349	97.05
3348	97.06
3347	97.06
3346	97.06
3345	97.06
3344	97.06
3343	97.07
3342	97.07
3341	97.08
3340	97.08
3339	97.07
3338	97.07
3337	97.06
3336	97.06
3335	97.07
3334	97.07
3333	97.06
3332	97.06
3331	97.06
3330	97.06
3329	97.06
3328	97.06
3327	97.05
3326	97.05
3325	97.05
3324	97.05
3323	97.05
3322	97.05
3321	97.06
3320	97.07
3319	97.07
3318	97.07
3317	97.06
3316	97.05
3315	97.05
3314	97.05
3313	97.06
3312	97.06
3311	97.07
3310	97.08
3309	97.08
3308	97.08
3307	97.08
3306	97.08
3305	97.08
3304	97.08
3303	97.08
3302	97.08
3301	97.09
3300	97.09
3299	97.09
3298	97.08
3297	97.08
3296	97.08
3295	97.08
3294	97.08
3293	97.08
3292	97.08
3291	97.08
3290	97.08
3289	97.07
3288	97.07
3287	97.07
3286	97.07
3285	97.08
3284	97.08
3283	97.09
3282	97.09
3281	97.08
3280	97.08
3279	97.07
3278	97.06
3277	97.06
3276	97.05
3275	97.05
3274	97.05
3273	97.06
3272	97.07
3271	97.07
3270	97.08
3269	97.08
3268	97.07
3267	97.07
3266	97.06
3265	97.06
3264	97.06
3263	97.07
3262	97.07
3261	97.08
3260	97.08
3259	97.08
3258	97.08
3257	97.07
3256	97.07
3255	97.07
3254	97.07
3253	97.07
3252	97.07
3251	97.07
3250	97.06
3249	97.06
3248	97.07
3247	97.07
3246	97.07
3245	97.07
3244	97.07
3243	97.07
3242	97.07
3241	97.07
3240	97.08
3239	97.08
3238	97.08
3237	97.07
3236	97.07
3235	97.07
3234	97.07
3233	97.07
3232	97.06
3231	97.06
3230	97.05
3229	97.06
3228	97.07
3227	97.08
3226	97.09
3225	97.09
3224	97.08
3223	97.07
3222	97.06
3221	97.06
3220	97.07
3219	97.07
3218	97.07
3217	97.07
3216	97.06
3215	97.06
3214	97.06
3213	97.06
3212	97.06
3211	97.06
3210	97.06
3209	97.06
3208	97.07
3207	97.07
3206	97.07
3205	97.07
3204	97.06
3203	97.06
3202	97.06
3201	97.06
3200	97.06
3199	97.06
3198	97.06
3197	97.05
3196	97.05
3195	97.05
3194	97.05
3193	97.05
3192	97.05
3191	97.05
3190	97.05
3189	97.05
3188	97.05
3187	97.05
3186	97.05
3185	97.06
3184	97.06
3183	97.05
3182	97.04
3181	97.03
3180	97.04
3179	97.04
3178	97.05
3177	97.05
3176	97.04
3175	97.04
3174	97.04
3173	97.03
3172	97.03
3171	97.03
3170	97.03
3169	97.03
3168	97.03
3167	97.02
3166	97.02
3165	97.02
3164	97.01
3163	97.01
3162	97.01
3161	97.01
3160	97.01
3159	97.01
3158	97.01
3157	97.02
3156	97.02
3155	97.02
3154	97.03
3153	97.03
3152	97.04
3151	97.04
3150	97.04
3149	97.04
3148	97.03
3147	97.03
3146	97.03
3145	97.04
3144	97.03
3143	97.03
3142	97.02
3141	97.01
3140	97
3139	97
3138	96.99
3137	96.99
3136	96.99
3135	96.99
3134	96.99
3133	96.99
3132	96.99
3131	97
3130	97
3129	97
3128	97
3127	97
3126	97
3125	97
3124	96.99
3123	96.99
3122	96.98
3121	96.97
3120	96.97
3119	96.97
3118	96.97
3117	96.96
3116	96.95
3115	96.93
3114	96.92
3113	96.92
3112	96.91
3111	96.91
3110	96.91
3109	96.92
3108	96.92
3107	96.92
3106	96.91
3105	96.9
3104	96.89
3103	96.88
3102	96.88
3101	96.89
3100	96.9
3099	96.91
3098	96.91
3097	96.9
3096	96.88
3095	96.86
3094	96.85
3093	96.86
3092	96.86
3091	96.86
3090	96.86
3089	96.85
3088	96.83
3087	96.82
3086	96.81
3085	96.81
3084	96.81
3083	96.8
3082	96.79
3081	96.77
3080	96.75
3079	96.72
3078	96.7
3077	96.68
3076	96.66
3075	96.64
3074	96.61
3073	96.58
3072	96.54
3071	96.49
3070	96.44
3069	96.39
3068	96.34
3067	96.28
3066	96.21
3065	96.13
3064	96.04
3063	95.93
3062	95.8
3061	95.66
3060	95.52
3059	95.37
3058	95.24
3057	95.13
3056	95.05
3055	95.01
3054	95.01
3053	95.07
3052	95.17
3051	95.3
3050	95.46
3049	95.62
3048	95.79
3047	95.95
3046	96.08
3045	96.2
3044	96.31
3043	96.4
3042	96.48
3041	96.55
3040	96.61
3039	96.66
3038	96.7
3037	96.74
3036	96.78
3035	96.81
3034	96.84
3033	96.85
3032	96.85
3031	96.85
3030	96.85
3029	96.86
3028	96.87
3027	96.88
3026	96.89
3025	96.9
3024	96.9
3023	96.9
3022	96.9
3021	96.91
3020	96.92
3019	96.93
3018	96.93
3017	96.93
3016	96.92
3015	96.92
3014	96.92
3013	96.93
3012	96.93
3011	96.92
3010	96.91
3009	96.89
3008	96.88
3007	96.86
3006	96.85
3005	96.84
3004	96.82
3003	96.8
3002	96.78
3001	96.76
3000	96.74
2999	96.71
2998	96.68
2997	96.65
2996	96.61
2995	96.55
2994	96.48
2993	96.4
2992	96.31
2991	96.23
2990	96.15
2989	96.09
2988	96.05
2987	96.04
2986	96.06
2985	96.11
2984	96.18
2983	96.25
2982	96.32
2981	96.39
2980	96.46
2979	96.51
2978	96.56
2977	96.61
2976	96.65
2975	96.68
2974	96.71
2973	96.74
2972	96.76
2971	96.78
2970	96.8
2969	96.82
2968	96.84
2967	96.87
2966	96.89
2965	96.91
2964	96.92
2963	96.93
2962	96.94
2961	96.95
2960	96.95
2959	96.96
2958	96.97
2957	96.98
2956	96.99
2955	97
2954	97.01
2953	97.02
2952	97.03
2951	97.03
2950	97.04
2949	97.04
2948	97.04
2947	97.04
2946	97.04
2945	97.04
2944	97.05
2943	97.06
2942	97.06
2941	97.07
2940	97.08
2939	97.09
2938	97.09
2937	97.09
2936	97.09
2935	97.09
2934	97.1
2933	97.11
2932	97.12
2931	97.12
2930	97.12
2929	97.12
2928	97.12
2927	97.11
2926	97.11
2925	97.11
2924	97.12
2923	97.13
2922	97.14
2921	97.15
2920	97.15
2919	97.15
2918	97.14
2917	97.14
2916	97.15
2915	97.15
2914	97.16
2913	97.16
2912	97.16
2911	97.16
2910	97.16
2909	97.16
2908	97.16
2907	97.15
2906	97.15
2905	97.15
2904	97.15
2903	97.16
2902	97.16
2901	97.16
2900	97.16
2899	97.16
2898	97.16
2897	97.15
2896	97.15
2895	97.15
2894	97.15
2893	97.16
2892	97.16
2891	97.16
2890	97.16
2889	97.15
2888	97.15
2887	97.16
2886	97.16
2885	97.16
2884	97.17
2883	97.17
2882	97.16
2881	97.16
2880	97.15
2879	97.14
2878	97.14
2877	97.15
2876	97.16
2875	97.16
2874	97.16
2873	97.16
2872	97.15
2871	97.15
2870	97.15
2869	97.15
2868	97.15
2867	97.16
2866	97.16
2865	97.16
2864	97.16
2863	97.15
2862	97.15
2861	97.16
2860	97.16
2859	97.16
2858	97.17
2857	97.16
2856	97.16
2855	97.15
2854	97.14
2853	97.14
2852	97.14
2851	97.14
2850	97.15
2849	97.15
2848	97.16
2847	97.16
2846	97.15
2845	97.14
2844	97.14
2843	97.14
2842	97.15
2841	97.15
2840	97.15
2839	97.16
2838	97.15
2837	97.15
2836	97.14
2835	97.12
2834	97.11
2833	97.11
2832	97.11
2831	97.12
2830	97.12
2829	97.12
2828	97.12
2827	97.13
2826	97.13
2825	97.14
2824	97.14
2823	97.14
2822	97.15
2821	97.15
2820	97.15
2819	97.15
2818	97.15
2817	97.15
2816	97.16
2815	97.17
2814	97.17
2813	97.17
2812	97.18
2811	97.18
2810	97.19
2809	97.19
2808	97.18
2807	97.18
2806	97.18
2805	97.18
2804	97.18
2803	97.19
2802	97.19
2801	97.19
2800	97.19
2799	97.19
2798	97.19
2797	97.19
2796	97.19
2795	97.19
2794	97.19
2793	97.19
2792	97.19
2791	97.2
2790	97.2
2789	97.2
2788	97.21
2787	97.21
2786	97.21
2785	97.2
2784	97.2
2783	97.2
2782	97.2
2781	97.2
2780	97.2
2779	97.2
2778	97.19
2777	97.19
2776	97.19
2775	97.19
2774	97.19
2773	97.19
2772	97.19
2771	97.2
2770	97.2
2769	97.2
2768	97.2
2767	97.2
2766	97.2
2765	97.19
2764	97.19
2763	97.18
2762	97.18
2761	97.18
2760	97.18
2759	97.18
2758	97.18
2757	97.18
2756	97.18
2755	97.18
2754	97.18
2753	97.18
2752	97.18
2751	97.19
2750	97.19
2749	97.19
2748	97.2
2747	97.19
2746	97.19
2745	97.19
2744	97.18
2743	97.18
2742	97.18
2741	97.18
2740	97.18
2739	97.18
2738	97.18
2737	97.18
2736	97.17
2735	97.17
2734	97.17
2733	97.17
2732	97.17
2731	97.17
2730	97.17
2729	97.17
2728	97.17
2727	97.17
2726	97.17
2725	97.17
2724	97.17
2723	97.18
2722	97.18
2721	97.18
2720	97.18
2719	97.18
2718	97.17
2717	97.16
2716	97.16
2715	97.16
2714	97.16
2713	97.17
2712	97.17
2711	97.16
2710	97.16
2709	97.15
2708	97.15
2707	97.16
2706	97.16
2705	97.15
2704	97.15
2703	97.14
2702	97.14
2701	97.14
2700	97.13
2699	97.13
2698	97.12
2697	97.12
2696	97.11
2695	97.1
2694	97.08
2693	97.07
2692	97.05
2691	97.02
2690	96.99
2689	96.97
2688	96.94
2687	96.92
2686	96.91
2685	96.92
2684	96.93
2683	96.96
2682	96.99
2681	97.02
2680	97.04
2679	97.06
2678	97.08
2677	97.09
2676	97.1
2675	97.1
2674	97.11
2673	97.11
2672	97.11
2671	97.11
2670	97.11
2669	97.12
2668	97.13
2667	97.13
2666	97.12
2665	97.11
2664	97.09
2663	97.08
2662	97.07
2661	97.06
2660	97.06
2659	97.06
2658	97.06
2657	97.05
2656	97.05
2655	97.04
2654	97.04
2653	97.04
2652	97.04
2651	97.03
2650	97.03
2649	97.04
2648	97.04
2647	97.04
2646	97.04
2645	97.04
2644	97.04
2643	97.05
2642	97.04
2641	97.04
2640	97.03
2639	97.03
2638	97.03
2637	97.03
2636	97.04
2635	97.06
2634	97.07
2633	97.07
2632	97.07
2631	97.07
2630	97.07
2629	97.06
2628	97.06
2627	97.06
2626	97.06
2625	97.06
2624	97.06
2623	97.07
2622	97.07
2621	97.07
2620	97.08
2619	97.08
2618	97.08
2617	97.07
2616	97.07
2615	97.08
2614	97.08
2613	97.09
2612	97.1
2611	97.1
2610	97.1
2609	97.1
2608	97.1
2607	97.1
2606	97.1
2605	97.1
2604	97.1
2603	97.1
2602	97.09
2601	97.08
2600	97.07
2599	97.07
2598	97.08
2597	97.09
2596	97.1
2595	97.1
2594	97.11
2593	97.11
2592	97.12
2591	97.13
2590	97.14
2589	97.14
2588	97.14
2587	97.14
2586	97.14
2585	97.14
2584	97.13
2583	97.12
2582	97.12
2581	97.12
2580	97.12
2579	97.12
2578	97.11
2577	97.12
2576	97.12
2575	97.12
2574	97.12
2573	97.12
2572	97.12
2571	97.12
2570	97.12
2569	97.13
2568	97.13
2567	97.14
2566	97.14
2565	97.14
2564	97.14
2563	97.15
2562	97.16
2561	97.16
2560	97.15
2559	97.14
2558	97.14
2557	97.14
2556	97.15
2555	97.15
2554	97.16
2553	97.16
2552	97.16
2551	97.15
2550	97.14
2549	97.14
2548	97.14
2547	97.13
2546	97.13
2545	97.12
2544	97.1
2543	97.09
2542	97.08
2541	97.08
2540	97.08
2539	97.07
2538	97.06
2537	97.04
2536	97.02
2535	97.01
2534	96.99
2533	96.98
2532	96.96
2531	96.94
2530	96.93
2529	96.92
2528	96.92
2527	96.93
2526	96.94
2525	96.96
2524	96.97
2523	96.98
2522	96.99
2521	97
2520	97.01
2519	97.02
2518	97.04
2517	97.06
2516	97.08
2515	97.08
2514	97.08
2513	97.08
2512	97.07
2511	97.08
2510	97.1
2509	97.11
2508	97.13
2507	97.14
2506	97.15
2505	97.16
2504	97.17
2503	97.17
2502	97.17
2501	97.17
2500	97.17
2499	97.17
2498	97.17
2497	97.17
2496	97.16
2495	97.15
2494	97.15
2493	97.15
2492	97.16
2491	97.16
2490	97.16
2489	97.16
2488	97.17
2487	97.18
2486	97.19
2485	97.2
2484	97.21
2483	97.22
2482	97.22
2481	97.21
2480	97.19
2479	97.18
2478	97.18
2477	97.17
2476	97.18
2475	97.18
2474	97.18
2473	97.18
2472	97.18
2471	97.18
2470	97.18
2469	97.18
2468	97.18
2467	97.17
2466	97.17
2465	97.17
2464	97.16
2463	97.15
2462	97.14
2461	97.13
2460	97.13
2459	97.14
2458	97.14
2457	97.15
2456	97.15
2455	97.15
2454	97.15
2453	97.15
2452	97.15
2451	97.14
2450	97.14
2449	97.13
2448	97.12
2447	97.12
2446	97.12
2445	97.13
2444	97.14
2443	97.15
2442	97.15
2441	97.15
2440	97.15
2439	97.15
2438	97.16
2437	97.17
2436	97.18
2435	97.18
2434	97.17
2433	97.16
2432	97.15
2431	97.15
2430	97.16
2429	97.16
2428	97.17
2427	97.17
2426	97.16
2425	97.16
2424	97.16
2423	97.16
2422	97.14
2421	97.13
2420	97.11
2419	97.1
2418	97.08
2417	97.06
2416	97.03
2415	97.02
2414	97.02
2413	97.01
2412	97.01
2411	97.01
2410	97
2409	97.01
2408	97.02
2407	97.05
2406	97.07
2405	97.09
2404	97.09
2403	97.1
2402	97.1
2401	97.1
2400	97.11
2399	97.12
2398	97.14
2397	97.16
2396	97.17
2395	97.18
2394	97.18
2393	97.18
2392	97.18
2391	97.18
2390	97.19
2389	97.19
2388	97.19
2387	97.19
2386	97.2
2385	97.22
2384	97.24
2383	97.25
2382	97.25
2381	97.26
2380	97.25
2379	97.24
2378	97.24
2377	97.23
2376	97.22
2375	97.21
2374	97.19
2373	97.18
2372	97.18
2371	97.19
2370	97.22
2369	97.24
2368	97.25
2367	97.25
2366	97.23
2365	97.21
2364	97.21
2363	97.21
2362	97.21
2361	97.2
2360	97.17
2359	97.16
2358	97.16
2357	97.17
2356	97.18
2355	97.19
2354	97.21
2353	97.21
2352	97.18
2351	97.15
2350	97.13
2349	97.11
2348	97.12
2347	97.13
2346	97.14
2345	97.15
2344	97.14
2343	97.12
2342	97.08
2341	97.04
2340	97.03
2339	97.02
2338	97.03
2337	97.03
2336	97.04
2335	97.04
2334	97.05
2333	97.06
2332	97.07
2331	97.09
2330	97.09
2329	97.09
2328	97.05
2327	96.98
2326	96.89
2325	96.82
2324	96.77
2323	96.76
2322	96.77
2321	96.79
2320	96.8
2319	96.8
2318	96.8
2317	96.79
2316	96.77
2315	96.75
2314	96.73
2313	96.7
2312	96.65
2311	96.59
2310	96.52
2309	96.44
2308	96.37
2307	96.32
2306	96.3
2305	96.31
2304	96.35
2303	96.41
2302	96.48
2301	96.55
2300	96.61
2299	96.66
2298	96.7
2297	96.73
2296	96.76
2295	96.79
2294	96.82
2293	96.85
2292	96.87
2291	96.88
2290	96.88
2289	96.87
2288	96.86
2287	96.86
2286	96.86
2285	96.86
2284	96.87
2283	96.89
2282	96.91
2281	96.94
2280	96.96
2279	96.99
2278	97.01
2277	97.04
2276	97.07
2275	97.08
2274	97.08
2273	97.07
2272	97.05
2271	97.04
2270	97.04
2269	97.04
2268	97.06
2267	97.09
2266	97.11
2265	97.13
2264	97.13
2263	97.12
2262	97.12
2261	97.14
2260	97.15
2259	97.13
2258	97.1
2257	97.09
2256	97.1
2255	97.15
2254	97.2
2253	97.23
2252	97.23
2251	97.21
2250	97.2
2249	97.2
2248	97.21
2247	97.21
2246	97.2
2245	97.17
2244	97.15
2243	97.14
2242	97.14
2241	97.16
2240	97.19
2239	97.22
2238	97.23
2237	97.22
2236	97.19
2235	97.16
2234	97.14
2233	97.14
2232	97.16
2231	97.18
2230	97.19
2229	97.2
2228	97.2
2227	97.2
2226	97.2
2225	97.2
2224	97.21
2223	97.22
2222	97.25
2221	97.27
2220	97.27
2219	97.25
2218	97.22
2217	97.19
2216	97.17
2215	97.18
2214	97.2
2213	97.21
2212	97.22
2211	97.23
2210	97.23
2209	97.22
2208	97.22
2207	97.22
2206	97.24
2205	97.27
2204	97.29
2203	97.29
2202	97.29
2201	97.3
2200	97.3
2199	97.28
2198	97.25
2197	97.22
2196	97.19
2195	97.16
2194	97.14
2193	97.14
2192	97.16
2191	97.19
2190	97.21
2189	97.22
2188	97.19
2187	97.15
2186	97.1
2185	97.09
2184	97.13
2183	97.2
2182	97.29
2181	97.35
2180	97.36
2179	97.32
2178	97.28
2177	97.28
2176	97.31
2175	97.36
2174	97.39
2173	97.4
2172	97.4
2171	97.4
2170	97.38
2169	97.34
2168	97.28
2167	97.2
2166	97.1
2165	97
2164	96.9
2163	96.85
2162	96.88
2161	97.01
2160	97.24
2159	97.5
2158	97.7
2157	97.8
2156	97.83
2155	97.82
2154	97.78
2153	97.68
2152	97.58
2151	97.52
2150	97.52
2149	97.56
2148	97.58
2147	97.58
2146	97.56
2145	97.54
2144	97.54
2143	97.54
2142	97.55
2141	97.55
2140	97.55
2139	97.54
2138	97.54
2137	97.54
2136	97.57
2135	97.6
2134	97.64
2133	97.66
2132	97.66
2131	97.63
2130	97.59
2129	97.53
2128	97.48
2127	97.45
2126	97.44
2125	97.42
2124	97.4
2123	97.37
2122	97.35
2121	97.33
2120	97.3
2119	97.27
2118	97.26
2117	97.27
2116	97.3
2115	97.32
2114	97.33
2113	97.33
2112	97.34
2111	97.34
2110	97.33
2109	97.31
2108	97.29
2107	97.27
2106	97.26
2105	97.25
2104	97.24
2103	97.25
2102	97.27
2101	97.29
2100	97.32
2099	97.34
2098	97.35
2097	97.37
2096	97.38
2095	97.4
2094	97.4
2093	97.39
2092	97.35
2091	97.32
2090	97.29
2089	97.28
2088	97.27
2087	97.26
2086	97.25
2085	97.25
2084	97.26
2083	97.28
2082	97.31
2081	97.33
2080	97.33
2079	97.31
2078	97.29
2077	97.27
2076	97.27
2075	97.26
2074	97.25
2073	97.25
2072	97.26
2071	97.28
2070	97.31
2069	97.33
2068	97.35
2067	97.35
2066	97.36
2065	97.37
2064	97.38
2063	97.38
2062	97.36
2061	97.34
2060	97.33
2059	97.33
2058	97.32
2057	97.3
2056	97.29
2055	97.3
2054	97.3
2053	97.27
2052	97.22
2051	97.18
2050	97.19
2049	97.23
2048	97.3
2047	97.36
2046	97.43
2045	97.47
2044	97.5
2043	97.49
2042	97.46
2041	97.41
2040	97.36
2039	97.33
2038	97.32
2037	97.33
2036	97.37
2035	97.42
2034	97.51
2033	97.62
2032	97.71
2031	97.77
2030	97.78
2029	97.73
2028	97.67
2027	97.62
2026	97.61
2025	97.61
2024	97.6
2023	97.59
2022	97.58
2021	97.58
2020	97.57
2019	97.57
2018	97.57
2017	97.57
2016	97.59
2015	97.63
2014	97.69
2013	97.73
2012	97.72
2011	97.68
2010	97.62
2009	97.59
2008	97.6
2007	97.63
2006	97.68
2005	97.72
2004	97.71
2003	97.67
2002	97.6
2001	97.54
2000	97.5
1999	97.5
1998	97.51
1997	97.52
1996	97.51
1995	97.48
1994	97.43
1993	97.39
1992	97.39
1991	97.42
1990	97.46
1989	97.46
1988	97.43
1987	97.39
1986	97.36
1985	97.35
1984	97.36
1983	97.36
1982	97.34
1981	97.3
1980	97.29
1979	97.38
1978	97.54
1977	97.72
1976	97.86
1975	97.92
1974	97.93
1973	97.9
1972	97.84
1971	97.8
1970	97.77
1969	97.77
1968	97.76
1967	97.75
1966	97.71
1965	97.66
1964	97.64
1963	97.65
1962	97.71
1961	97.77
1960	97.81
1959	97.83
1958	97.83
1957	97.81
1956	97.77
1955	97.73
1954	97.7
1953	97.68
1952	97.66
1951	97.65
1950	97.65
1949	97.65
1948	97.67
1947	97.68
1946	97.68
1945	97.66
1944	97.63
1943	97.59
1942	97.57
1941	97.56
1940	97.55
1939	97.56
1938	97.59
1937	97.63
1936	97.67
1935	97.69
1934	97.69
1933	97.68
1932	97.64
1931	97.61
1930	97.58
1929	97.57
1928	97.57
1927	97.58
1926	97.59
1925	97.59
1924	97.58
1923	97.58
1922	97.56
1921	97.54
1920	97.51
1919	97.5
1918	97.5
1917	97.51
1916	97.51
1915	97.5
1914	97.49
1913	97.47
1912	97.46
1911	97.46
1910	97.48
1909	97.49
1908	97.51
1907	97.51
1906	97.52
1905	97.53
1904	97.54
1903	97.53
1902	97.52
1901	97.5
1900	97.48
1899	97.47
1898	97.47
1897	97.46
1896	97.45
1895	97.45
1894	97.47
1893	97.48
1892	97.49
1891	97.49
1890	97.49
1889	97.47
1888	97.46
1887	97.45
1886	97.45
1885	97.45
1884	97.45
1883	97.45
1882	97.45
1881	97.45
1880	97.44
1879	97.43
1878	97.43
1877	97.44
1876	97.43
1875	97.42
1874	97.43
1873	97.43
1872	97.44
1871	97.44
1870	97.44
1869	97.44
1868	97.44
1867	97.44
1866	97.43
1865	97.41
1864	97.39
1863	97.37
1862	97.37
1861	97.37
1860	97.38
1859	97.37
1858	97.37
1857	97.37
1856	97.37
1855	97.37
1854	97.37
1853	97.37
1852	97.36
1851	97.36
1850	97.36
1849	97.36
1848	97.36
1847	97.35
1846	97.35
1845	97.35
1844	97.35
1843	97.35
1842	97.35
1841	97.34
1840	97.33
1839	97.32
1838	97.32
1837	97.33
1836	97.33
1835	97.33
1834	97.33
1833	97.33
1832	97.33
1831	97.33
1830	97.33
1829	97.32
1828	97.31
1827	97.29
1826	97.28
1825	97.26
1824	97.26
1823	97.25
1822	97.24
1821	97.24
1820	97.25
1819	97.27
1818	97.29
1817	97.32
1816	97.33
1815	97.33
1814	97.31
1813	97.3
1812	97.29
1811	97.26
1810	97.24
1809	97.22
1808	97.2
1807	97.19
1806	97.19
1805	97.2
1804	97.21
1803	97.21
1802	97.21
1801	97.21
1800	97.2
1799	97.19
1798	97.18
1797	97.17
1796	97.17
1795	97.18
1794	97.18
1793	97.18
1792	97.17
1791	97.16
1790	97.15
1789	97.14
1788	97.13
1787	97.13
1786	97.14
1785	97.14
1784	97.14
1783	97.13
1782	97.13
1781	97.13
1780	97.13
1779	97.14
1778	97.14
1777	97.15
1776	97.16
1775	97.15
1774	97.14
1773	97.12
1772	97.1
1771	97.09
1770	97.09
1769	97.09
1768	97.1
1767	97.09
1766	97.09
1765	97.08
1764	97.07
1763	97.07
1762	97.06
1761	97.06
1760	97.06
1759	97.06
1758	97.06
1757	97.06
1756	97.05
1755	97.04
1754	97.03
1753	97.02
1752	97.03
1751	97.04
1750	97.04
1749	97.04
1748	97.03
1747	97.02
1746	97.01
1745	97.01
1744	97.02
1743	97.03
1742	97.03
1741	97.03
1740	97.02
1739	97.02
1738	97
1737	96.99
1736	96.97
1735	96.96
1734	96.96
1733	96.96
1732	96.96
1731	96.96
1730	96.97
1729	96.97
1728	96.96
1727	96.95
1726	96.94
1725	96.93
1724	96.92
1723	96.91
1722	96.9
1721	96.9
1720	96.9
1719	96.89
1718	96.89
1717	96.88
1716	96.88
1715	96.88
1714	96.88
1713	96.88
1712	96.88
1711	96.87
1710	96.87
1709	96.87
1708	96.86
1707	96.86
1706	96.86
1705	96.86
1704	96.86
1703	96.86
1702	96.85
1701	96.84
1700	96.84
1699	96.83
1698	96.83
1697	96.84
1696	96.83
1695	96.83
1694	96.83
1693	96.83
1692	96.83
1691	96.83
1690	96.83
1689	96.83
1688	96.83
1687	96.83
1686	96.82
1685	96.8
1684	96.79
1683	96.8
1682	96.8
1681	96.8
1680	96.79
1679	96.78
1678	96.76
1677	96.75
1676	96.74
1675	96.74
1674	96.74
1673	96.75
1672	96.75
1671	96.74
1670	96.74
1669	96.73
1668	96.73
1667	96.73
1666	96.72
1665	96.7
1664	96.69
1663	96.69
1662	96.7
1661	96.71
1660	96.71
1659	96.71
1658	96.7
1657	96.7
1656	96.71
1655	96.72
1654	96.72
1653	96.7
1652	96.67
1651	96.65
1650	96.64
1649	96.64
1648	96.64
1647	96.63
1646	96.63
1645	96.63
1644	96.63
1643	96.63
1642	96.63
1641	96.63
1640	96.62
1639	96.61
1638	96.61
1637	96.61
1636	96.61
1635	96.61
1634	96.6
1633	96.6
1632	96.59
1631	96.58
1630	96.58
1629	96.58
1628	96.57
1627	96.57
1626	96.56
1625	96.56
1624	96.56
1623	96.56
1622	96.56
1621	96.55
1620	96.55
1619	96.56
1618	96.55
1617	96.54
1616	96.52
1615	96.51
1614	96.49
1613	96.48
1612	96.47
1611	96.46
1610	96.45
1609	96.44
1608	96.44
1607	96.44
1606	96.43
1605	96.43
1604	96.43
1603	96.43
1602	96.43
1601	96.43
1600	96.44
1599	96.44
1598	96.45
1597	96.46
1596	96.47
1595	96.48
1594	96.49
1593	96.5
1592	96.51
1591	96.51
1590	96.52
1589	96.53
1588	96.53
1587	96.53
1586	96.53
1585	96.53
1584	96.53
1583	96.53
1582	96.54
1581	96.54
1580	96.54
1579	96.54
1578	96.54
1577	96.54
1576	96.53
1575	96.53
1574	96.54
1573	96.54
1572	96.53
1571	96.53
1570	96.52
1569	96.52
1568	96.51
1567	96.51
1566	96.51
1565	96.51
1564	96.51
1563	96.51
1562	96.51
1561	96.52
1560	96.51
1559	96.49
1558	96.47
1557	96.42
1556	96.38
1555	96.36
1554	96.34
1553	96.32
1552	96.31
1551	96.31
1550	96.33
1549	96.34
1548	96.34
1547	96.34
1546	96.35
1545	96.37
1544	96.39
1543	96.41
1542	96.42
1541	96.42
1540	96.43
1539	96.44
1538	96.44
1537	96.44
1536	96.45
1535	96.46
1534	96.47
1533	96.47
1532	96.46
1531	96.45
1530	96.45
1529	96.46
1528	96.47
1527	96.48
1526	96.48
1525	96.47
1524	96.45
1523	96.43
1522	96.43
1521	96.44
1520	96.46
1519	96.47
1518	96.47
1517	96.47
1516	96.47
1515	96.45
1514	96.44
1513	96.43
1512	96.43
1511	96.44
1510	96.45
1509	96.48
1508	96.51
1507	96.52
1506	96.51
1505	96.47
1504	96.45
1503	96.44
1502	96.44
1501	96.45
1500	96.45
1499	96.46
1498	96.46
1497	96.47
1496	96.47
1495	96.47
1494	96.47
1493	96.46
1492	96.45
1491	96.45
1490	96.46
1489	96.46
1488	96.46
1487	96.45
1486	96.44
1485	96.43
1484	96.42
1483	96.41
1482	96.4
1481	96.39
1480	96.38
1479	96.36
1478	96.36
1477	96.36
1476	96.36
1475	96.36
1474	96.35
1473	96.34
1472	96.31
1471	96.29
1470	96.26
1469	96.25
1468	96.23
1467	96.22
1466	96.2
1465	96.18
1464	96.15
1463	96.11
1462	96.08
1461	96.05
1460	96.03
1459	96.02
1458	96.02
1457	95.98
1456	95.92
1455	95.85
1454	95.79
1453	95.74
1452	95.69
1451	95.64
1450	95.58
1449	95.53
1448	95.46
1447	95.4
1446	95.35
1445	95.29
1444	95.24
1443	95.18
1442	95.14
1441	95.09
1440	95.06
1439	95.03
1438	95.01
1437	94.99
1436	94.96
1435	94.94
1434	94.91
1433	94.88
1432	94.85
1431	94.81
1430	94.76
1429	94.67
1428	94.56
1427	94.41
1426	94.23
1425	94
1424	93.77
1423	93.58
1422	93.51
1421	93.54
1420	93.72
1419	94.03
1418	94.35
1417	94.59
1416	94.78
1415	94.94
1414	95.07
1413	95.18
1412	95.28
1411	95.37
1410	95.44
1409	95.51
1408	95.56
1407	95.62
1406	95.68
1405	95.73
1404	95.77
1403	95.79
1402	95.81
1401	95.83
1400	95.86
1399	95.89
1398	95.92
1397	95.95
1396	95.97
1395	95.99
1394	96
1393	96.01
1392	96.02
1391	96.02
1390	96.03
1389	96.04
1388	96.05
1387	96.06
1386	96.06
1385	96.06
1384	96.06
1383	96.06
1382	96.07
1381	96.07
1380	96.08
1379	96.09
1378	96.09
1377	96.09
1376	96.1
1375	96.1
1374	96.11
1373	96.12
1372	96.13
1371	96.14
1370	96.15
1369	96.15
1368	96.15
1367	96.15
1366	96.14
1365	96.14
1364	96.14
1363	96.15
1362	96.16
1361	96.17
1360	96.17
1359	96.16
1358	96.16
1357	96.16
1356	96.15
1355	96.15
1354	96.15
1353	96.15
1352	96.15
1351	96.15
1350	96.15
1349	96.14
1348	96.14
1347	96.13
1346	96.12
1345	96.12
1344	96.11
1343	96.11
1342	96.1
1341	96.1
1340	96.09
1339	96.09
1338	96.09
1337	96.09
1336	96.08
1335	96.07
1334	96.07
1333	96.07
1332	96.07
1331	96.06
1330	96.05
1329	96.03
1328	96.02
1327	96
1326	95.99
1325	95.98
1324	95.97
1323	95.96
1322	95.95
1321	95.93
1320	95.92
1319	95.91
1318	95.89
1317	95.87
1316	95.85
1315	95.84
1314	95.82
1313	95.81
1312	95.79
1311	95.77
1310	95.76
1309	95.74
1308	95.71
1307	95.68
1306	95.65
1305	95.63
1304	95.61
1303	95.58
1302	95.55
1301	95.52
1300	95.47
1299	95.43
1298	95.38
1297	95.34
1296	95.29
1295	95.25
1294	95.19
1293	95.13
1292	95.06
1291	94.98
1290	94.9
1289	94.81
1288	94.71
1287	94.59
1286	94.46
1285	94.31
1284	94.13
1283	93.92
1282	93.68
1281	93.4
1280	93.05
1279	92.62
1278	92.1
1277	91.44
1276	90.62
1275	89.57
1274	88.2
1273	86.38
1272	83.95
1271	80.71
1270	76.51
1269	71.27
1268	65.23
1267	59.08
1266	53.94
1265	50.93
1264	50.75
1263	53.32
1262	57.91
1261	63.43
1260	68.93
1259	73.81
1258	77.84
1257	81.03
1256	83.52
1255	85.49
1254	87.07
1253	88.35
1252	89.39
1251	90.26
1250	90.97
1249	91.55
1248	92.02
1247	92.41
1246	92.74
1245	93.02
1244	93.26
1243	93.46
1242	93.63
1241	93.79
1240	93.93
1239	94.05
1238	94.17
1237	94.28
1236	94.37
1235	94.45
1234	94.51
1233	94.57
1232	94.62
1231	94.67
1230	94.72
1229	94.77
1228	94.81
1227	94.85
1226	94.88
1225	94.91
1224	94.93
1223	94.96
1222	94.98
1221	95.01
1220	95.05
1219	95.08
1218	95.12
1217	95.14
1216	95.16
1215	95.17
1214	95.18
1213	95.18
1212	95.19
1211	95.2
1210	95.22
1209	95.23
1208	95.25
1207	95.26
1206	95.27
1205	95.28
1204	95.28
1203	95.28
1202	95.28
1201	95.28
1200	95.28
1199	95.28
1198	95.29
1197	95.3
1196	95.3
1195	95.3
1194	95.3
1193	95.31
1192	95.31
1191	95.31
1190	95.3
1189	95.29
1188	95.28
1187	95.28
1186	95.28
1185	95.27
1184	95.26
1183	95.25
1182	95.24
1181	95.24
1180	95.23
1179	95.23
1178	95.23
1177	95.23
1176	95.23
1175	95.21
1174	95.19
1173	95.18
1172	95.16
1171	95.15
1170	95.14
1169	95.13
1168	95.12
1167	95.11
1166	95.1
1165	95.09
1164	95.06
1163	95.04
1162	95.01
1161	95
1160	94.98
1159	94.98
1158	94.98
1157	94.97
1156	94.96
1155	94.95
1154	94.94
1153	94.94
1152	94.95
1151	94.96
1150	94.97
1149	94.99
1148	95.01
1147	95.03
1146	95.03
1145	95.04
1144	95.05
1143	95.06
1142	95.07
1141	95.09
1140	95.1
1139	95.12
1138	95.13
1137	95.14
1136	95.14
1135	95.14
1134	95.14
1133	95.14
1132	95.14
1131	95.13
1130	95.12
1129	95.1
1128	95.1
1127	95.1
1126	95.1
1125	95.09
1124	95.08
1123	95.07
1122	95.07
1121	95.06
1120	95.06
1119	95.04
1118	95.03
1117	95.02
1116	95.03
1115	95.05
1114	95.07
1113	95.09
1112	95.09
1111	95.09
1110	95.09
1109	95.08
1108	95.07
1107	95.06
1106	95.05
1105	95.04
1104	95.04
1103	95.05
1102	95.06
1101	95.06
1100	95.06
1099	95.06
1098	95.06
1097	95.06
1096	95.06
1095	95.05
1094	95.05
1093	95.04
1092	95.03
1091	95.03
1090	95.02
1089	95.03
1088	95.03
1087	95.03
1086	95.03
1085	95.03
1084	95.04
1083	95.06
1082	95.08
1081	95.08
1080	95.07
1079	95.07
1078	95.07
1077	95.07
1076	95.08
1075	95.09
1074	95.11
1073	95.12
1072	95.13
1071	95.14
1070	95.13
1069	95.13
1068	95.14
1067	95.16
1066	95.17
1065	95.17
1064	95.18
1063	95.17
1062	95.17
1061	95.17
1060	95.17
1059	95.18
1058	95.19
1057	95.21
1056	95.22
1055	95.22
1054	95.23
1053	95.24
1052	95.25
1051	95.27
1050	95.29
1049	95.31
1048	95.32
1047	95.32
1046	95.31
1045	95.3
1044	95.3
1043	95.3
1042	95.31
1041	95.32
1040	95.34
1039	95.35
1038	95.36
1037	95.37
1036	95.38
1035	95.38
1034	95.39
1033	95.39
1032	95.39
1031	95.39
1030	95.38
1029	95.38
1028	95.37
1027	95.37
1026	95.36
1025	95.35
1024	95.35
1023	95.36
1022	95.38
1021	95.4
1020	95.41
1019	95.41
1018	95.41
1017	95.4
1016	95.39
1015	95.37
1014	95.36
1013	95.36
1012	95.38
1011	95.41
1010	95.45
1009	95.47
1008	95.47
1007	95.46
1006	95.44
1005	95.43
1004	95.43
1003	95.42
1002	95.41
1001	95.41
1000	95.41
999	95.43
998	95.43
997	95.43
996	95.43
995	95.42
994	95.4
993	95.36
992	95.34
991	95.33
990	95.33
989	95.33
988	95.32
987	95.29
986	95.26
985	95.26
984	95.27
983	95.31
982	95.34
981	95.35
980	95.34
979	95.33
978	95.32
977	95.32
976	95.34
975	95.36
974	95.37
973	95.37
972	95.37
971	95.38
970	95.39
969	95.39
968	95.39
967	95.38
966	95.39
965	95.39
964	95.4
963	95.41
962	95.41
961	95.41
960	95.4
959	95.4
958	95.4
957	95.39
956	95.39
955	95.4
954	95.4
953	95.39
952	95.38
951	95.36
950	95.35
949	95.33
948	95.33
947	95.34
946	95.35
945	95.36
944	95.36
943	95.36
942	95.36
941	95.35
940	95.34
939	95.33
938	95.33
937	95.32
936	95.31
935	95.3
934	95.28
933	95.28
932	95.28
931	95.29
930	95.29
929	95.28
928	95.27
927	95.26
926	95.25
925	95.23
924	95.21
923	95.2
922	95.18
921	95.17
920	95.16
919	95.16
918	95.15
917	95.13
916	95.1
915	95.07
914	95.04
913	95.01
912	94.98
911	94.93
910	94.87
909	94.8
908	94.71
907	94.6
906	94.47
905	94.31
904	94.11
903	93.86
902	93.53
901	93.09
900	92.54
899	91.93
898	91.35
897	90.92
896	90.74
895	90.88
894	91.28
893	91.84
892	92.43
891	92.98
890	93.44
889	93.8
888	94.07
887	94.29
886	94.45
885	94.59
884	94.7
883	94.8
882	94.88
881	94.94
880	94.99
879	95.02
878	95.05
877	95.06
876	95.08
875	95.12
874	95.17
873	95.21
872	95.24
871	95.25
870	95.26
869	95.26
868	95.25
867	95.24
866	95.23
865	95.23
864	95.23
863	95.24
862	95.25
861	95.25
860	95.25
859	95.28
858	95.3
857	95.29
856	95.26
855	95.24
854	95.24
853	95.27
852	95.29
851	95.29
850	95.28
849	95.27
848	95.26
847	95.25
846	95.26
845	95.28
844	95.3
843	95.31
842	95.31
841	95.28
840	95.25
839	95.23
838	95.22
837	95.21
836	95.21
835	95.2
834	95.2
833	95.2
832	95.19
831	95.18
830	95.16
829	95.13
828	95.12
827	95.11
826	95.11
825	95.11
824	95.1
823	95.08
822	95.07
821	95.06
820	95.04
819	95.02
818	95.01
817	94.99
816	94.98
815	94.97
814	94.95
813	94.91
812	94.86
811	94.82
810	94.8
809	94.79
808	94.76
807	94.74
806	94.71
805	94.67
804	94.62
803	94.57
802	94.51
801	94.47
800	94.43
799	94.4
798	94.36
797	94.3
796	94.24
795	94.18
794	94.11
793	94.03
792	93.95
791	93.88
790	93.81
789	93.73
788	93.64
787	93.54
786	93.44
785	93.32
784	93.2
783	93.08
782	92.95
781	92.83
780	92.69
779	92.54
778	92.37
777	92.18
776	91.99
775	91.78
774	91.57
773	91.33
772	91.06
771	90.77
770	90.47
769	90.14
768	89.77
767	89.37
766	88.92
765	88.41
764	87.83
763	87.2
762	86.5
761	85.7
760	84.78
759	83.74
758	82.55
757	81.2
756	79.63
755	77.82
754	75.78
753	73.49
752	70.96
751	68.23
750	65.31
749	62.23
748	59.02
747	55.7
746	52.31
745	48.83
744	45.3
743	41.76
742	38.27
741	34.86
740	31.58
739	28.51
738	25.72
737	23.24
736	21.14
735	19.49
734	18.33
733	17.67
732	17.53
731	17.95
730	18.89
729	20.31
728	22.16
727	24.36
726	26.82
725	29.41
724	32.03
723	34.59
722	37.05
721	39.38
720	41.54
719	43.53
718	45.32
717	46.92
716	48.31
715	49.44
714	50.23
713	50.62
712	50.57
711	50.05
710	49.06
709	47.67
708	46.03
707	44.35
706	42.86
705	41.77
704	41.26
703	41.43
702	42.29
701	43.81
700	45.9
699	48.42
698	51.18
697	54.03
696	56.87
695	59.59
694	62.12
693	64.43
692	66.51
691	68.36
690	70
689	71.46
688	72.78
687	73.99
686	75.1
685	76.12
684	77.08
683	77.97
682	78.8
681	79.56
680	80.26
679	80.9
678	81.49
677	82.03
676	82.51
675	82.95
674	83.35
673	83.73
672	84.07
671	84.34
670	84.59
669	84.87
668	85.2
667	85.54
666	85.82
665	86.06
664	86.28
663	86.49
662	86.69
661	86.88
660	87.07
659	87.25
658	87.41
657	87.55
656	87.7
655	87.85
654	88
653	88.14
652	88.26
651	88.38
650	88.5
649	88.63
648	88.75
647	88.85
646	88.93
645	89.01
644	89.09
643	89.15
642	89.2
641	89.26
640	89.35
639	89.44
638	89.5
637	89.54
636	89.57
635	89.61
634	89.66
633	89.72
632	89.8
631	89.88
630	89.96
629	90.02
628	90.07
627	90.1
626	90.14
625	90.18
624	90.22
623	90.24
622	90.26
621	90.27
620	90.29
619	90.33
618	90.37
617	90.41
616	90.46
615	90.5
614	90.54
613	90.56
612	90.57
611	90.58
610	90.59
609	90.61
608	90.65
607	90.69
606	90.71
605	90.72
604	90.73
603	90.76
602	90.79
601	90.82
600	90.86
599	90.88
598	90.88
597	90.86
596	90.84
595	90.84
594	90.86
593	90.88
592	90.9
591	90.92
590	90.93
589	90.96
588	90.98
587	90.99
586	90.96
585	90.92
584	90.9
583	90.9
582	90.93
581	90.95
580	90.96
579	90.97
578	90.98
577	90.99
576	91
575	90.99
574	90.98
573	90.97
572	90.97
571	90.99
570	91.01
569	91.02
568	91.01
567	90.98
566	90.94
565	90.92
564	90.92
563	90.94
562	90.98
561	91.01
560	91.01
559	90.99
558	90.97
557	90.97
556	90.98
555	90.98
554	90.96
553	90.94
552	90.94
551	90.96
550	90.98
549	91
548	91.02
547	91.02
546	91.04
545	91.09
544	91.19
543	91.29
542	91.32
541	91.24
540	91.08
539	90.95
538	90.88
537	90.83
536	90.76
535	90.66
534	90.56
533	90.49
532	90.45
531	90.48
530	90.57
529	90.7
528	90.81
527	90.85
526	90.83
525	90.79
524	90.75
523	90.72
522	90.71
521	90.71
520	90.73
519	90.73
518	90.7
517	90.64
516	90.61
515	90.61
514	90.62
513	90.63
512	90.63
511	90.65
510	90.68
509	90.72
508	90.73
507	90.68
506	90.58
505	90.48
504	90.41
503	90.39
502	90.39
501	90.37
500	90.34
499	90.3
498	90.27
497	90.26
496	90.26
495	90.25
494	90.21
493	90.18
492	90.17
491	90.21
490	90.25
489	90.26
488	90.23
487	90.2
486	90.16
485	90.07
484	89.96
483	89.89
482	89.89
481	89.96
480	90.03
479	90.08
478	90.09
477	90.07
476	90.01
475	89.92
474	89.83
473	89.75
472	89.68
471	89.63
470	89.64
469	89.72
468	89.86
467	90.02
466	90.14
465	90.21
464	90.23
463	90.18
462	90.04
461	89.85
460	89.69
459	89.6
458	89.58
457	89.55
456	89.53
455	89.54
454	89.59
453	89.66
452	89.75
451	89.88
450	90
449	90.04
448	90.02
447	89.97
446	89.92
445	89.83
444	89.73
443	89.66
442	89.68
441	89.74
440	89.79
439	89.8
438	89.79
437	89.81
436	89.87
435	89.94
434	90
433	90.01
432	90
431	90.02
430	90.08
429	90.16
428	90.22
427	90.24
426	90.21
425	90.09
424	89.88
423	89.64
422	89.45
421	89.34
420	89.3
419	89.33
418	89.41
417	89.46
416	89.5
415	89.54
414	89.59
413	89.63
412	89.67
411	89.78
410	89.92
409	90.02
408	90.07
407	90.16
406	90.32
405	90.46
404	90.48
403	90.4
402	90.27
401	90.17
400	90.14