0.58g [NiCl2(dppe)] in 5ml DCM 
300.00 	3.9466
 301.00 	4.8130
 302.00 	4.5087
 303.00 	3.7933
 304.00 	4.5890
 305.00 	5.7173
 306.00 	4.8605
 307.00 	3.5659
 308.00 	3.6376
 309.00 	3.8371
 310.00 	3.9078
 311.00 	5.0344
 312.00 	6.2012
 313.00 	5.2269
 314.00 	3.9469
 315.00 	3.4881
 316.00 	4.0475
 317.00 	5.4963
 318.00 	6.1737
 319.00 	6.0819
 320.00 	5.6814
 321.00 	4.3857
 322.00 	3.3912
 323.00 	3.2736
 324.00 	3.6624
 325.00 	4.0445
 326.00 	3.7924
 327.00 	3.2876
 328.00 	3.0342
 329.00 	2.8454
 330.00 	2.6771
 331.00 	2.6554
 332.00 	2.7558
 333.00 	2.8637
 334.00 	2.8414
 335.00 	2.8085
 336.00 	2.8137
 337.00 	2.6915
 338.00 	2.5002
 339.00 	2.3323
 340.00 	2.1979
 341.00 	2.0513
 342.00 	1.8836
 343.00 	1.7323
 344.00 	1.6027
 345.00 	1.4798
 346.00 	1.3562
 347.00 	1.2438
 348.00 	1.1453
 349.00 	1.0551
 350.00 	0.9704
 351.00 	0.8933
 352.00 	0.8226
 353.00 	0.7565
 354.00 	0.6952
 355.00 	0.6403
 356.00 	0.5902
 357.00 	0.5440
 358.00 	0.5009
 359.00 	0.4616
 360.00 	0.4254
 361.00 	0.3922
 362.00 	0.3617
 363.00 	0.3343
 364.00 	0.3100
 365.00 	0.2886
 366.00 	0.2690
 367.00 	0.2517
 368.00 	0.2365
 369.00 	0.2231
 370.00 	0.2116
 371.00 	0.2017
 372.00 	0.1933
 373.00 	0.1866
 374.00 	0.1812
 375.00 	0.1769
 376.00 	0.1737
 377.00 	0.1717
 378.00 	0.1712
 379.00 	0.1723
 380.00 	0.1745
 381.00 	0.1781
 382.00 	0.1826
 383.00 	0.1896
 384.00 	0.2007
 385.00 	0.2121
 386.00 	0.2219
 387.00 	0.2324
 388.00 	0.2446
 389.00 	0.2582
 390.00 	0.2733
 391.00 	0.2901
 392.00 	0.3084
 393.00 	0.3285
 394.00 	0.3501
 395.00 	0.3734
 396.00 	0.3983
 397.00 	0.4250
 398.00 	0.4533
 399.00 	0.4831
 400.00 	0.5145
 401.00 	0.5475
 402.00 	0.5819
 403.00 	0.6183
 404.00 	0.6565
 405.00 	0.6966
 406.00 	0.7386
 407.00 	0.7824
 408.00 	0.8280
 409.00 	0.8755
 410.00 	0.9250
 411.00 	0.9762
 412.00 	1.0288
 413.00 	1.0830
 414.00 	1.1386
 415.00 	1.1955
 416.00 	1.2531
 417.00 	1.3120
 418.00 	1.3719
 419.00 	1.4325
 420.00 	1.4937
 421.00 	1.5537
 422.00 	1.6115
 423.00 	1.6698
 424.00 	1.7278
 425.00 	1.7791
 426.00 	1.8252
 427.00 	1.8760
 428.00 	1.9330
 429.00 	1.9805
 430.00 	2.0128
 431.00 	2.0457
 432.00 	2.0804
 433.00 	2.1023
 434.00 	2.1260
 435.00 	2.1601
 436.00 	2.1875
 437.00 	2.2093
 438.00 	2.2265
 439.00 	2.2331
 440.00 	2.2393
 441.00 	2.2516
 442.00 	2.2670
 443.00 	2.2781
 444.00 	2.2881
 445.00 	2.3045
 446.00 	2.3183
 447.00 	2.3290
 448.00 	2.3428
 449.00 	2.3554
 450.00 	2.3628
 451.00 	2.3680
 452.00 	2.3749
 453.00 	2.3859
 454.00 	2.3993
 455.00 	2.4116
 456.00 	2.4224
 457.00 	2.4295
 458.00 	2.4321
 459.00 	2.4337
 460.00 	2.4390
 461.00 	2.4450
 462.00 	2.4510
 463.00 	2.4592
 464.00 	2.4639
 465.00 	2.4626
 466.00 	2.4634
 467.00 	2.4689
 468.00 	2.4696
 469.00 	2.4713
 470.00 	2.4825
 471.00 	2.4914
 472.00 	2.4935
 473.00 	2.4925
 474.00 	2.4847
 475.00 	2.4787
 476.00 	2.4835
 477.00 	2.4899
 478.00 	2.4950
 479.00 	2.4982
 480.00 	2.4999
 481.00 	2.4956
 482.00 	2.4836
 483.00 	2.4733
 484.00 	2.4653
 485.00 	2.4583
 486.00 	2.4520
 487.00 	2.4405
 488.00 	2.4230
 489.00 	2.4015
 490.00 	2.3742
 491.00 	2.3462
 492.00 	2.3226
 493.00 	2.2959
 494.00 	2.2612
 495.00 	2.2254
 496.00 	2.1892
 497.00 	2.1480
 498.00 	2.1055
 499.00 	2.0636
 500.00 	2.0212
 501.00 	1.9762
 502.00 	1.9289
 503.00 	1.8816
 504.00 	1.8343
 505.00 	1.7864
 506.00 	1.7375
 507.00 	1.6885
 508.00 	1.6405
 509.00 	1.5930
 510.00 	1.5450
 511.00 	1.4965
 512.00 	1.4488
 513.00 	1.4021
 514.00 	1.3557
 515.00 	1.3102
 516.00 	1.2665
 517.00 	1.2244
 518.00 	1.1830
 519.00 	1.1424
 520.00 	1.1033
 521.00 	1.0654
 522.00 	1.0283
 523.00 	0.9918
 524.00 	0.9563
 525.00 	0.9217
 526.00 	0.8881
 527.00 	0.8558
 528.00 	0.8244
 529.00 	0.7938
 530.00 	0.7640
 531.00 	0.7351
 532.00 	0.7073
 533.00 	0.6806
 534.00 	0.6546
 535.00 	0.6297
 536.00 	0.6055
 537.00 	0.5818
 538.00 	0.5590
 539.00 	0.5372
 540.00 	0.5159
 541.00 	0.4953
 542.00 	0.4755
 543.00 	0.4566
 544.00 	0.4384
 545.00 	0.4210
 546.00 	0.4046
 547.00 	0.3887
 548.00 	0.3736
 549.00 	0.3593
 550.00 	0.3456
 551.00 	0.3323
 552.00 	0.3197
 553.00 	0.3077
 554.00 	0.2962
 555.00 	0.2851
 556.00 	0.2745
 557.00 	0.2642
 558.00 	0.2545
 559.00 	0.2451
 560.00 	0.2361
 561.00 	0.2275
 562.00 	0.2193
 563.00 	0.2116
 564.00 	0.2042
 565.00 	0.1971
 566.00 	0.1905
 567.00 	0.1840
 568.00 	0.1778
 569.00 	0.1719
 570.00 	0.1663
 571.00 	0.1607
 572.00 	0.1554
 573.00 	0.1505
 574.00 	0.1458
 575.00 	0.1414
 576.00 	0.1373
 577.00 	0.1334
 578.00 	0.1297
 579.00 	0.1262
 580.00 	0.1228
 581.00 	0.1197
 582.00 	0.1167
 583.00 	0.1138
 584.00 	0.1110
 585.00 	0.1084
 586.00 	0.1059
 587.00 	0.1036
 588.00 	0.1013
 589.00 	0.0991
 590.00 	0.0971
 591.00 	0.0951
 592.00 	0.0932
 593.00 	0.0915
 594.00 	0.0898
 595.00 	0.0883
 596.00 	0.0868
 597.00 	0.0854
 598.00 	0.0841
 599.00 	0.0828
 600.00 	0.0815
 601.00 	0.0804
 602.00 	0.0793
 603.00 	0.0782
 604.00 	0.0772
 605.00 	0.0762
 606.00 	0.0753
 607.00 	0.0744
 608.00 	0.0736
 609.00 	0.0729
 610.00 	0.0721
 611.00 	0.0714
 612.00 	0.0706
 613.00 	0.0700
 614.00 	0.0694
 615.00 	0.0688
 616.00 	0.0682
 617.00 	0.0675
 618.00 	0.0669
 619.00 	0.0664
 620.00 	0.0658
 621.00 	0.0653
 622.00 	0.0648
 623.00 	0.0644
 624.00 	0.0640
 625.00 	0.0636
 626.00 	0.0633
 627.00 	0.0629
 628.00 	0.0624
 629.00 	0.0619
 630.00 	0.0616
 631.00 	0.0612
 632.00 	0.0608
 633.00 	0.0606
 634.00 	0.0603
 635.00 	0.0601
 636.00 	0.0599
 637.00 	0.0597
 638.00 	0.0594
 639.00 	0.0591
 640.00 	0.0588
 641.00 	0.0586
 642.00 	0.0583
 643.00 	0.0581
 644.00 	0.0578
 645.00 	0.0575
 646.00 	0.0572
 647.00 	0.0571
 648.00 	0.0569
 649.00 	0.0567
 650.00 	0.0564
 651.00 	0.0562
 652.00 	0.0560
 653.00 	0.0558
 654.00 	0.0555
 655.00 	0.0553
 656.00 	0.0553
 657.00 	0.0553
 658.00 	0.0551
 659.00 	0.0549
 660.00 	0.0546
 661.00 	0.0544
 662.00 	0.0541
 663.00 	0.0538
 664.00 	0.0536
 665.00 	0.0534
 666.00 	0.0532
 667.00 	0.0530
 668.00 	0.0528
 669.00 	0.0526
 670.00 	0.0524
 671.00 	0.0523
 672.00 	0.0521
 673.00 	0.0519
 674.00 	0.0517
 675.00 	0.0515
 676.00 	0.0513
 677.00 	0.0511
 678.00 	0.0510
 679.00 	0.0508
 680.00 	0.0508
 681.00 	0.0507
 682.00 	0.0505
 683.00 	0.0504
 684.00 	0.0503
 685.00 	0.0501
 686.00 	0.0500
 687.00 	0.0498
 688.00 	0.0496
 689.00 	0.0494
 690.00 	0.0493
 691.00 	0.0491
 692.00 	0.0489
 693.00 	0.0488
 694.00 	0.0488
 695.00 	0.0487
 696.00 	0.0485
 697.00 	0.0483
 698.00 	0.0482
 699.00 	0.0481
 700.00 	0.0479
 701.00 	0.0477
 702.00 	0.0476
 703.00 	0.0475
 704.00 	0.0473
 705.00 	0.0473
 706.00 	0.0473
 707.00 	0.0472
 708.00 	0.0470
 709.00 	0.0470
 710.00 	0.0470
 711.00 	0.0470
 712.00 	0.0469
 713.00 	0.0470
 714.00 	0.0471
 715.00 	0.0472
 716.00 	0.0473
 717.00 	0.0474
 718.00 	0.0476
 719.00 	0.0480
 720.00 	0.0483
 721.00 	0.0485
 722.00 	0.0485
 723.00 	0.0483
 724.00 	0.0480
 725.00 	0.0477
 726.00 	0.0472
 727.00 	0.0467
 728.00 	0.0461
 729.00 	0.0456
 730.00 	0.0452
 731.00 	0.0449
 732.00 	0.0448
 733.00 	0.0446
 734.00 	0.0444
 735.00 	0.0443
 736.00 	0.0442
 737.00 	0.0442
 738.00 	0.0441
 739.00 	0.0439
 740.00 	0.0438
 741.00 	0.0437
 742.00 	0.0435
 743.00 	0.0435
 744.00 	0.0435
 745.00 	0.0434
 746.00 	0.0433
 747.00 	0.0432
 748.00 	0.0431
 749.00 	0.0431
 750.00 	0.0432
 751.00 	0.0430
 752.00 	0.0428
 753.00 	0.0428
 754.00 	0.0428
 755.00 	0.0427
 756.00 	0.0425
 757.00 	0.0424
 758.00 	0.0423
 759.00 	0.0423
 760.00 	0.0423
 761.00 	0.0423
 762.00 	0.0424
 763.00 	0.0423
 764.00 	0.0422
 765.00 	0.0423
 766.00 	0.0422
 767.00 	0.0420
 768.00 	0.0420
 769.00 	0.0420
 770.00 	0.0419
 771.00 	0.0418
 772.00 	0.0416
 773.00 	0.0416
 774.00 	0.0416
 775.00 	0.0416
 776.00 	0.0415
 777.00 	0.0414
 778.00 	0.0413
 779.00 	0.0413
 780.00 	0.0412
 781.00 	0.0411
 782.00 	0.0411
 783.00 	0.0411
 784.00 	0.0411
 785.00 	0.0410
 786.00 	0.0410
 787.00 	0.0410
 788.00 	0.0410
 789.00 	0.0409
 790.00 	0.0409
 791.00 	0.0410
 792.00 	0.0410
 793.00 	0.0409
 794.00 	0.0409
 795.00 	0.0409
 796.00 	0.0409
 797.00 	0.0409
 798.00 	0.0408
 799.00 	0.0409
 800.00 	0.0410
