4000	93.17
3999	93.17
3998	93.17
3997	93.16
3996	93.15
3995	93.15
3994	93.15
3993	93.15
3992	93.16
3991	93.16
3990	93.16
3989	93.16
3988	93.16
3987	93.16
3986	93.15
3985	93.14
3984	93.13
3983	93.13
3982	93.14
3981	93.14
3980	93.14
3979	93.14
3978	93.13
3977	93.13
3976	93.13
3975	93.14
3974	93.15
3973	93.15
3972	93.15
3971	93.15
3970	93.15
3969	93.15
3968	93.15
3967	93.15
3966	93.15
3965	93.15
3964	93.16
3963	93.16
3962	93.16
3961	93.15
3960	93.15
3959	93.14
3958	93.15
3957	93.16
3956	93.17
3955	93.18
3954	93.18
3953	93.18
3952	93.17
3951	93.17
3950	93.16
3949	93.15
3948	93.14
3947	93.14
3946	93.13
3945	93.12
3944	93.11
3943	93.11
3942	93.11
3941	93.11
3940	93.12
3939	93.12
3938	93.13
3937	93.13
3936	93.13
3935	93.12
3934	93.11
3933	93.11
3932	93.1
3931	93.09
3930	93.08
3929	93.07
3928	93.06
3927	93.05
3926	93.05
3925	93.05
3924	93.06
3923	93.06
3922	93.06
3921	93.07
3920	93.07
3919	93.07
3918	93.08
3917	93.08
3916	93.08
3915	93.08
3914	93.07
3913	93.06
3912	93.05
3911	93.04
3910	93.03
3909	93.01
3908	93
3907	92.99
3906	92.99
3905	92.99
3904	92.98
3903	92.96
3902	92.94
3901	92.93
3900	92.94
3899	92.95
3898	92.96
3897	92.97
3896	92.97
3895	92.97
3894	92.97
3893	92.97
3892	92.97
3891	92.96
3890	92.94
3889	92.92
3888	92.9
3887	92.91
3886	92.91
3885	92.91
3884	92.9
3883	92.9
3882	92.9
3881	92.92
3880	92.94
3879	92.94
3878	92.93
3877	92.92
3876	92.92
3875	92.93
3874	92.93
3873	92.91
3872	92.89
3871	92.88
3870	92.88
3869	92.86
3868	92.85
3867	92.84
3866	92.86
3865	92.88
3864	92.9
3863	92.91
3862	92.91
3861	92.91
3860	92.9
3859	92.88
3858	92.86
3857	92.83
3856	92.8
3855	92.79
3854	92.79
3853	92.77
3852	92.76
3851	92.77
3850	92.8
3849	92.83
3848	92.85
3847	92.86
3846	92.87
3845	92.88
3844	92.88
3843	92.87
3842	92.85
3841	92.83
3840	92.8
3839	92.79
3838	92.78
3837	92.78
3836	92.78
3835	92.79
3834	92.81
3833	92.82
3832	92.84
3831	92.86
3830	92.87
3829	92.88
3828	92.89
3827	92.89
3826	92.89
3825	92.87
3824	92.85
3823	92.84
3822	92.84
3821	92.83
3820	92.81
3819	92.79
3818	92.79
3817	92.81
3816	92.84
3815	92.85
3814	92.85
3813	92.86
3812	92.88
3811	92.88
3810	92.87
3809	92.86
3808	92.85
3807	92.85
3806	92.84
3805	92.81
3804	92.8
3803	92.8
3802	92.81
3801	92.81
3800	92.8
3799	92.78
3798	92.79
3797	92.8
3796	92.82
3795	92.83
3794	92.84
3793	92.85
3792	92.86
3791	92.86
3790	92.86
3789	92.84
3788	92.83
3787	92.82
3786	92.83
3785	92.83
3784	92.84
3783	92.84
3782	92.84
3781	92.83
3780	92.83
3779	92.82
3778	92.81
3777	92.81
3776	92.82
3775	92.83
3774	92.83
3773	92.83
3772	92.82
3771	92.81
3770	92.8
3769	92.79
3768	92.78
3767	92.79
3766	92.8
3765	92.81
3764	92.81
3763	92.8
3762	92.8
3761	92.81
3760	92.82
3759	92.83
3758	92.82
3757	92.81
3756	92.78
3755	92.76
3754	92.73
3753	92.71
3752	92.7
3751	92.69
3750	92.67
3749	92.66
3748	92.64
3747	92.63
3746	92.65
3745	92.68
3744	92.71
3743	92.71
3742	92.72
3741	92.73
3740	92.74
3739	92.74
3738	92.72
3737	92.72
3736	92.71
3735	92.7
3734	92.69
3733	92.69
3732	92.7
3731	92.71
3730	92.72
3729	92.73
3728	92.74
3727	92.75
3726	92.76
3725	92.76
3724	92.76
3723	92.75
3722	92.73
3721	92.71
3720	92.7
3719	92.7
3718	92.7
3717	92.69
3716	92.68
3715	92.66
3714	92.64
3713	92.61
3712	92.57
3711	92.51
3710	92.46
3709	92.42
3708	92.39
3707	92.37
3706	92.34
3705	92.3
3704	92.25
3703	92.18
3702	92.11
3701	92.02
3700	91.94
3699	91.87
3698	91.81
3697	91.74
3696	91.67
3695	91.59
3694	91.5
3693	91.43
3692	91.36
3691	91.3
3690	91.27
3689	91.23
3688	91.2
3687	91.17
3686	91.15
3685	91.16
3684	91.18
3683	91.23
3682	91.27
3681	91.3
3680	91.27
3679	91.18
3678	91.04
3677	90.9
3676	90.81
3675	90.78
3674	90.8
3673	90.84
3672	90.87
3671	90.91
3670	90.93
3669	90.94
3668	90.94
3667	90.96
3666	90.97
3665	90.99
3664	91
3663	91.01
3662	91.02
3661	91.03
3660	91.03
3659	91.04
3658	91.08
3657	91.14
3656	91.21
3655	91.26
3654	91.29
3653	91.32
3652	91.35
3651	91.41
3650	91.46
3649	91.49
3648	91.53
3647	91.59
3646	91.66
3645	91.74
3644	91.81
3643	91.87
3642	91.92
3641	91.97
3640	92
3639	92.04
3638	92.07
3637	92.1
3636	92.13
3635	92.17
3634	92.2
3633	92.22
3632	92.22
3631	92.22
3630	92.24
3629	92.25
3628	92.26
3627	92.28
3626	92.31
3625	92.35
3624	92.38
3623	92.4
3622	92.41
3621	92.43
3620	92.44
3619	92.45
3618	92.44
3617	92.44
3616	92.44
3615	92.44
3614	92.45
3613	92.45
3612	92.44
3611	92.43
3610	92.43
3609	92.44
3608	92.46
3607	92.47
3606	92.48
3605	92.5
3604	92.51
3603	92.53
3602	92.54
3601	92.54
3600	92.54
3599	92.53
3598	92.52
3597	92.52
3596	92.53
3595	92.54
3594	92.55
3593	92.55
3592	92.53
3591	92.52
3590	92.51
3589	92.5
3588	92.5
3587	92.48
3586	92.47
3585	92.46
3584	92.47
3583	92.48
3582	92.49
3581	92.49
3580	92.5
3579	92.49
3578	92.49
3577	92.48
3576	92.46
3575	92.45
3574	92.44
3573	92.43
3572	92.42
3571	92.41
3570	92.39
3569	92.38
3568	92.37
3567	92.36
3566	92.35
3565	92.34
3564	92.33
3563	92.33
3562	92.34
3561	92.35
3560	92.36
3559	92.36
3558	92.37
3557	92.37
3556	92.37
3555	92.37
3554	92.37
3553	92.38
3552	92.38
3551	92.37
3550	92.36
3549	92.35
3548	92.35
3547	92.34
3546	92.33
3545	92.32
3544	92.31
3543	92.3
3542	92.29
3541	92.28
3540	92.27
3539	92.27
3538	92.26
3537	92.25
3536	92.25
3535	92.24
3534	92.24
3533	92.24
3532	92.24
3531	92.24
3530	92.23
3529	92.22
3528	92.2
3527	92.19
3526	92.18
3525	92.17
3524	92.17
3523	92.17
3522	92.17
3521	92.18
3520	92.18
3519	92.18
3518	92.18
3517	92.17
3516	92.15
3515	92.14
3514	92.14
3513	92.13
3512	92.13
3511	92.14
3510	92.13
3509	92.12
3508	92.11
3507	92.1
3506	92.09
3505	92.09
3504	92.09
3503	92.1
3502	92.1
3501	92.1
3500	92.09
3499	92.08
3498	92.07
3497	92.06
3496	92.04
3495	92.03
3494	92.03
3493	92.02
3492	92.01
3491	92.01
3490	92
3489	92
3488	91.99
3487	91.98
3486	91.97
3485	91.96
3484	91.96
3483	91.95
3482	91.96
3481	91.96
3480	91.96
3479	91.97
3478	91.97
3477	91.97
3476	91.97
3475	91.96
3474	91.95
3473	91.94
3472	91.93
3471	91.93
3470	91.93
3469	91.92
3468	91.93
3467	91.93
3466	91.92
3465	91.92
3464	91.91
3463	91.9
3462	91.89
3461	91.89
3460	91.89
3459	91.89
3458	91.88
3457	91.88
3456	91.88
3455	91.88
3454	91.88
3453	91.88
3452	91.87
3451	91.86
3450	91.85
3449	91.85
3448	91.85
3447	91.85
3446	91.85
3445	91.85
3444	91.85
3443	91.84
3442	91.84
3441	91.83
3440	91.83
3439	91.82
3438	91.82
3437	91.81
3436	91.8
3435	91.79
3434	91.79
3433	91.79
3432	91.79
3431	91.79
3430	91.79
3429	91.79
3428	91.79
3427	91.79
3426	91.78
3425	91.77
3424	91.77
3423	91.76
3422	91.75
3421	91.75
3420	91.74
3419	91.74
3418	91.73
3417	91.73
3416	91.72
3415	91.72
3414	91.72
3413	91.72
3412	91.71
3411	91.7
3410	91.7
3409	91.7
3408	91.71
3407	91.71
3406	91.71
3405	91.7
3404	91.7
3403	91.7
3402	91.7
3401	91.69
3400	91.69
3399	91.68
3398	91.68
3397	91.67
3396	91.67
3395	91.66
3394	91.66
3393	91.65
3392	91.65
3391	91.65
3390	91.65
3389	91.65
3388	91.64
3387	91.64
3386	91.65
3385	91.65
3384	91.65
3383	91.65
3382	91.64
3381	91.64
3380	91.64
3379	91.64
3378	91.64
3377	91.64
3376	91.64
3375	91.64
3374	91.64
3373	91.64
3372	91.64
3371	91.65
3370	91.65
3369	91.65
3368	91.65
3367	91.65
3366	91.64
3365	91.64
3364	91.64
3363	91.64
3362	91.65
3361	91.65
3360	91.65
3359	91.64
3358	91.63
3357	91.62
3356	91.61
3355	91.62
3354	91.63
3353	91.64
3352	91.64
3351	91.65
3350	91.64
3349	91.64
3348	91.64
3347	91.64
3346	91.64
3345	91.64
3344	91.65
3343	91.65
3342	91.65
3341	91.64
3340	91.64
3339	91.64
3338	91.63
3337	91.63
3336	91.62
3335	91.61
3334	91.6
3333	91.6
3332	91.61
3331	91.62
3330	91.62
3329	91.62
3328	91.62
3327	91.61
3326	91.6
3325	91.6
3324	91.59
3323	91.59
3322	91.6
3321	91.61
3320	91.61
3319	91.62
3318	91.62
3317	91.62
3316	91.61
3315	91.6
3314	91.6
3313	91.6
3312	91.6
3311	91.61
3310	91.61
3309	91.61
3308	91.61
3307	91.61
3306	91.62
3305	91.62
3304	91.63
3303	91.63
3302	91.63
3301	91.63
3300	91.63
3299	91.63
3298	91.63
3297	91.64
3296	91.64
3295	91.65
3294	91.65
3293	91.66
3292	91.66
3291	91.65
3290	91.64
3289	91.63
3288	91.63
3287	91.63
3286	91.63
3285	91.62
3284	91.62
3283	91.61
3282	91.61
3281	91.61
3280	91.62
3279	91.62
3278	91.63
3277	91.63
3276	91.64
3275	91.65
3274	91.66
3273	91.66
3272	91.66
3271	91.65
3270	91.63
3269	91.62
3268	91.6
3267	91.6
3266	91.6
3265	91.6
3264	91.61
3263	91.61
3262	91.62
3261	91.62
3260	91.61
3259	91.61
3258	91.62
3257	91.63
3256	91.63
3255	91.62
3254	91.6
3253	91.59
3252	91.58
3251	91.59
3250	91.6
3249	91.61
3248	91.62
3247	91.61
3246	91.6
3245	91.58
3244	91.57
3243	91.55
3242	91.55
3241	91.54
3240	91.55
3239	91.55
3238	91.56
3237	91.56
3236	91.57
3235	91.57
3234	91.57
3233	91.56
3232	91.55
3231	91.55
3230	91.54
3229	91.54
3228	91.54
3227	91.54
3226	91.54
3225	91.54
3224	91.54
3223	91.54
3222	91.53
3221	91.53
3220	91.53
3219	91.54
3218	91.54
3217	91.55
3216	91.55
3215	91.55
3214	91.54
3213	91.54
3212	91.55
3211	91.56
3210	91.56
3209	91.57
3208	91.57
3207	91.57
3206	91.57
3205	91.57
3204	91.57
3203	91.57
3202	91.57
3201	91.57
3200	91.57
3199	91.58
3198	91.59
3197	91.6
3196	91.6
3195	91.59
3194	91.58
3193	91.57
3192	91.56
3191	91.56
3190	91.57
3189	91.58
3188	91.59
3187	91.59
3186	91.59
3185	91.59
3184	91.59
3183	91.59
3182	91.6
3181	91.61
3180	91.61
3179	91.6
3178	91.59
3177	91.58
3176	91.57
3175	91.58
3174	91.58
3173	91.58
3172	91.57
3171	91.56
3170	91.55
3169	91.54
3168	91.54
3167	91.54
3166	91.55
3165	91.57
3164	91.58
3163	91.58
3162	91.57
3161	91.56
3160	91.56
3159	91.56
3158	91.57
3157	91.57
3156	91.58
3155	91.57
3154	91.57
3153	91.57
3152	91.58
3151	91.58
3150	91.58
3149	91.58
3148	91.57
3147	91.57
3146	91.56
3145	91.55
3144	91.53
3143	91.52
3142	91.52
3141	91.52
3140	91.52
3139	91.52
3138	91.52
3137	91.52
3136	91.53
3135	91.54
3134	91.55
3133	91.56
3132	91.57
3131	91.58
3130	91.58
3129	91.58
3128	91.58
3127	91.59
3126	91.59
3125	91.6
3124	91.61
3123	91.61
3122	91.62
3121	91.63
3120	91.64
3119	91.64
3118	91.65
3117	91.66
3116	91.66
3115	91.66
3114	91.65
3113	91.65
3112	91.65
3111	91.66
3110	91.67
3109	91.67
3108	91.67
3107	91.67
3106	91.66
3105	91.66
3104	91.67
3103	91.68
3102	91.69
3101	91.7
3100	91.7
3099	91.7
3098	91.7
3097	91.69
3096	91.68
3095	91.66
3094	91.65
3093	91.63
3092	91.61
3091	91.59
3090	91.57
3089	91.56
3088	91.55
3087	91.54
3086	91.52
3085	91.48
3084	91.42
3083	91.33
3082	91.22
3081	91.13
3080	91.07
3079	91.04
3078	91.04
3077	91.06
3076	91.09
3075	91.13
3074	91.17
3073	91.23
3072	91.28
3071	91.33
3070	91.34
3069	91.31
3068	91.2
3067	90.97
3066	90.62
3065	90.2
3064	89.79
3063	89.5
3062	89.39
3061	89.43
3060	89.52
3059	89.6
3058	89.63
3057	89.6
3056	89.56
3055	89.52
3054	89.53
3053	89.57
3052	89.64
3051	89.72
3050	89.8
3049	89.87
3048	89.95
3047	90.02
3046	90.09
3045	90.14
3044	90.18
3043	90.2
3042	90.21
3041	90.22
3040	90.22
3039	90.22
3038	90.22
3037	90.2
3036	90.18
3035	90.15
3034	90.1
3033	90.05
3032	89.99
3031	89.92
3030	89.85
3029	89.77
3028	89.69
3027	89.59
3026	89.48
3025	89.37
3024	89.27
3023	89.17
3022	89.06
3021	88.96
3020	88.84
3019	88.73
3018	88.59
3017	88.44
3016	88.26
3015	88.07
3014	87.89
3013	87.72
3012	87.58
3011	87.44
3010	87.31
3009	87.17
3008	87.02
3007	86.86
3006	86.69
3005	86.51
3004	86.33
3003	86.17
3002	86.03
3001	85.9
3000	85.78
2999	85.66
2998	85.55
2997	85.45
2996	85.37
2995	85.29
2994	85.19
2993	85
2992	84.7
2991	84.31
2990	83.95
2989	83.73
2988	83.67
2987	83.73
2986	83.85
2985	83.98
2984	84.1
2983	84.18
2982	84.22
2981	84.24
2980	84.25
2979	84.25
2978	84.24
2977	84.21
2976	84.17
2975	84.13
2974	84.09
2973	84.06
2972	84.06
2971	84.09
2970	84.16
2969	84.25
2968	84.36
2967	84.48
2966	84.61
2965	84.74
2964	84.86
2963	84.97
2962	85.07
2961	85.15
2960	85.22
2959	85.29
2958	85.36
2957	85.43
2956	85.51
2955	85.59
2954	85.69
2953	85.78
2952	85.89
2951	86
2950	86.11
2949	86.2
2948	86.26
2947	86.3
2946	86.32
2945	86.32
2944	86.34
2943	86.36
2942	86.41
2941	86.45
2940	86.5
2939	86.53
2938	86.54
2937	86.55
2936	86.55
2935	86.56
2934	86.55
2933	86.54
2932	86.52
2931	86.49
2930	86.43
2929	86.35
2928	86.25
2927	86.14
2926	86.03
2925	85.94
2924	85.88
2923	85.85
2922	85.84
2921	85.84
2920	85.85
2919	85.86
2918	85.88
2917	85.9
2916	85.89
2915	85.86
2914	85.79
2913	85.72
2912	85.66
2911	85.63
2910	85.63
2909	85.62
2908	85.6
2907	85.58
2906	85.54
2905	85.47
2904	85.36
2903	85.21
2902	85.07
2901	85.05
2900	85.17
2899	85.39
2898	85.61
2897	85.77
2896	85.86
2895	85.9
2894	85.92
2893	85.95
2892	86
2891	86.06
2890	86.11
2889	86.14
2888	86.15
2887	86.16
2886	86.17
2885	86.19
2884	86.25
2883	86.34
2882	86.45
2881	86.58
2880	86.71
2879	86.83
2878	86.93
2877	87.03
2876	87.11
2875	87.18
2874	87.23
2873	87.27
2872	87.29
2871	87.32
2870	87.35
2869	87.4
2868	87.48
2867	87.57
2866	87.68
2865	87.8
2864	87.93
2863	88.07
2862	88.21
2861	88.34
2860	88.46
2859	88.57
2858	88.67
2857	88.76
2856	88.85
2855	88.95
2854	89.04
2853	89.13
2852	89.22
2851	89.29
2850	89.37
2849	89.43
2848	89.49
2847	89.55
2846	89.6
2845	89.65
2844	89.7
2843	89.75
2842	89.8
2841	89.85
2840	89.89
2839	89.93
2838	89.96
2837	89.98
2836	90.01
2835	90.03
2834	90.06
2833	90.1
2832	90.13
2831	90.16
2830	90.18
2829	90.2
2828	90.21
2827	90.22
2826	90.23
2825	90.25
2824	90.26
2823	90.28
2822	90.3
2821	90.31
2820	90.32
2819	90.33
2818	90.34
2817	90.34
2816	90.35
2815	90.37
2814	90.39
2813	90.41
2812	90.44
2811	90.46
2810	90.47
2809	90.47
2808	90.46
2807	90.46
2806	90.46
2805	90.46
2804	90.46
2803	90.47
2802	90.48
2801	90.49
2800	90.5
2799	90.5
2798	90.51
2797	90.51
2796	90.51
2795	90.52
2794	90.52
2793	90.53
2792	90.54
2791	90.56
2790	90.56
2789	90.56
2788	90.56
2787	90.56
2786	90.57
2785	90.58
2784	90.59
2783	90.6
2782	90.61
2781	90.61
2780	90.62
2779	90.63
2778	90.64
2777	90.65
2776	90.66
2775	90.66
2774	90.66
2773	90.66
2772	90.65
2771	90.65
2770	90.65
2769	90.65
2768	90.65
2767	90.65
2766	90.66
2765	90.67
2764	90.68
2763	90.69
2762	90.68
2761	90.68
2760	90.68
2759	90.68
2758	90.69
2757	90.7
2756	90.71
2755	90.71
2754	90.72
2753	90.72
2752	90.72
2751	90.72
2750	90.72
2749	90.71
2748	90.72
2747	90.72
2746	90.72
2745	90.72
2744	90.72
2743	90.72
2742	90.73
2741	90.75
2740	90.76
2739	90.78
2738	90.79
2737	90.8
2736	90.8
2735	90.8
2734	90.8
2733	90.8
2732	90.81
2731	90.82
2730	90.82
2729	90.83
2728	90.83
2727	90.84
2726	90.84
2725	90.85
2724	90.84
2723	90.84
2722	90.84
2721	90.84
2720	90.84
2719	90.84
2718	90.84
2717	90.85
2716	90.85
2715	90.85
2714	90.86
2713	90.86
2712	90.87
2711	90.87
2710	90.87
2709	90.87
2708	90.86
2707	90.86
2706	90.86
2705	90.86
2704	90.86
2703	90.86
2702	90.86
2701	90.85
2700	90.85
2699	90.85
2698	90.86
2697	90.87
2696	90.88
2695	90.89
2694	90.89
2693	90.88
2692	90.87
2691	90.85
2690	90.84
2689	90.82
2688	90.81
2687	90.8
2686	90.78
2685	90.76
2684	90.73
2683	90.71
2682	90.7
2681	90.68
2680	90.67
2679	90.67
2678	90.66
2677	90.66
2676	90.67
2675	90.68
2674	90.68
2673	90.69
2672	90.7
2671	90.71
2670	90.72
2669	90.72
2668	90.72
2667	90.72
2666	90.73
2665	90.73
2664	90.74
2663	90.74
2662	90.74
2661	90.73
2660	90.73
2659	90.74
2658	90.75
2657	90.76
2656	90.76
2655	90.76
2654	90.76
2653	90.76
2652	90.76
2651	90.77
2650	90.78
2649	90.79
2648	90.8
2647	90.81
2646	90.82
2645	90.82
2644	90.82
2643	90.82
2642	90.83
2641	90.83
2640	90.84
2639	90.85
2638	90.86
2637	90.86
2636	90.85
2635	90.84
2634	90.85
2633	90.86
2632	90.87
2631	90.88
2630	90.89
2629	90.9
2628	90.91
2627	90.92
2626	90.93
2625	90.94
2624	90.95
2623	90.96
2622	90.96
2621	90.96
2620	90.96
2619	90.97
2618	90.97
2617	90.97
2616	90.97
2615	90.97
2614	90.96
2613	90.96
2612	90.96
2611	90.96
2610	90.95
2609	90.95
2608	90.95
2607	90.95
2606	90.97
2605	90.99
2604	91.01
2603	91.02
2602	91.02
2601	91.02
2600	91.01
2599	91.01
2598	91.01
2597	91.02
2596	91.04
2595	91.05
2594	91.05
2593	91.04
2592	91.03
2591	91.02
2590	91.03
2589	91.03
2588	91.03
2587	91.03
2586	91.02
2585	91.01
2584	91
2583	90.97
2582	90.95
2581	90.94
2580	90.94
2579	90.95
2578	90.98
2577	91
2576	91.01
2575	91.02
2574	91.02
2573	91.03
2572	91.03
2571	91.04
2570	91.04
2569	91.03
2568	91.04
2567	91.05
2566	91.06
2565	91.07
2564	91.06
2563	91.05
2562	91.04
2561	91.04
2560	91.04
2559	91.04
2558	91.05
2557	91.06
2556	91.06
2555	91.06
2554	91.07
2553	91.08
2552	91.08
2551	91.09
2550	91.08
2549	91.08
2548	91.07
2547	91.06
2546	91.05
2545	91.04
2544	91.03
2543	91.03
2542	91.04
2541	91.05
2540	91.06
2539	91.07
2538	91.07
2537	91.07
2536	91.07
2535	91.07
2534	91.07
2533	91.07
2532	91.07
2531	91.06
2530	91.06
2529	91.07
2528	91.08
2527	91.08
2526	91.08
2525	91.08
2524	91.08
2523	91.09
2522	91.09
2521	91.08
2520	91.08
2519	91.09
2518	91.1
2517	91.1
2516	91.1
2515	91.09
2514	91.08
2513	91.07
2512	91.06
2511	91.05
2510	91.06
2509	91.06
2508	91.07
2507	91.07
2506	91.06
2505	91.05
2504	91.05
2503	91.04
2502	91.04
2501	91.04
2500	91.04
2499	91.04
2498	91.04
2497	91.06
2496	91.07
2495	91.07
2494	91.07
2493	91.07
2492	91.06
2491	91.06
2490	91.06
2489	91.06
2488	91.05
2487	91.04
2486	91.04
2485	91.04
2484	91.03
2483	91.03
2482	91.03
2481	91.03
2480	91.03
2479	91.04
2478	91.05
2477	91.06
2476	91.06
2475	91.06
2474	91.06
2473	91.06
2472	91.05
2471	91.05
2470	91.05
2469	91.04
2468	91.04
2467	91.04
2466	91.03
2465	91.02
2464	91.01
2463	91
2462	91
2461	91
2460	91
2459	91
2458	91
2457	91.01
2456	91.01
2455	91.01
2454	91.01
2453	91.02
2452	91.04
2451	91.05
2450	91.05
2449	91.05
2448	91.04
2447	91.04
2446	91.04
2445	91.04
2444	91.04
2443	91.04
2442	91.04
2441	91.03
2440	91.03
2439	91.03
2438	91.03
2437	91.03
2436	91.03
2435	91.02
2434	91.02
2433	91.02
2432	91.03
2431	91.04
2430	91.05
2429	91.05
2428	91.05
2427	91.04
2426	91.02
2425	91.01
2424	91
2423	91.01
2422	91.01
2421	91.01
2420	91.01
2419	91.01
2418	91
2417	91
2416	90.99
2415	90.99
2414	90.98
2413	90.97
2412	90.97
2411	90.97
2410	90.97
2409	90.98
2408	90.99
2407	90.99
2406	90.99
2405	90.98
2404	90.97
2403	90.96
2402	90.96
2401	90.95
2400	90.95
2399	90.96
2398	90.97
2397	90.97
2396	90.97
2395	90.97
2394	90.97
2393	90.96
2392	90.95
2391	90.95
2390	90.96
2389	90.97
2388	90.99
2387	91
2386	91.02
2385	91.02
2384	91.02
2383	91.02
2382	91.02
2381	91.04
2380	91.05
2379	91.06
2378	91.06
2377	91.06
2376	91.06
2375	91.06
2374	91.07
2373	91.08
2372	91.09
2371	91.1
2370	91.11
2369	91.11
2368	91.12
2367	91.13
2366	91.14
2365	91.15
2364	91.14
2363	91.13
2362	91.12
2361	91.09
2360	91.05
2359	91.02
2358	91.01
2357	91.03
2356	91.06
2355	91.06
2354	91.04
2353	91
2352	90.96
2351	90.94
2350	90.93
2349	90.95
2348	90.97
2347	90.98
2346	90.98
2345	90.96
2344	90.95
2343	90.97
2342	91
2341	91.02
2340	91.02
2339	91
2338	90.97
2337	90.94
2336	90.91
2335	90.89
2334	90.87
2333	90.85
2332	90.83
2331	90.8
2330	90.78
2329	90.76
2328	90.74
2327	90.71
2326	90.67
2325	90.62
2324	90.6
2323	90.6
2322	90.63
2321	90.66
2320	90.68
2319	90.7
2318	90.73
2317	90.75
2316	90.78
2315	90.79
2314	90.79
2313	90.79
2312	90.8
2311	90.8
2310	90.82
2309	90.84
2308	90.85
2307	90.85
2306	90.84
2305	90.83
2304	90.82
2303	90.81
2302	90.81
2301	90.81
2300	90.81
2299	90.81
2298	90.8
2297	90.78
2296	90.76
2295	90.73
2294	90.7
2293	90.67
2292	90.65
2291	90.65
2290	90.65
2289	90.65
2288	90.66
2287	90.67
2286	90.67
2285	90.67
2284	90.67
2283	90.68
2282	90.7
2281	90.73
2280	90.74
2279	90.74
2278	90.73
2277	90.73
2276	90.73
2275	90.74
2274	90.76
2273	90.78
2272	90.79
2271	90.81
2270	90.82
2269	90.82
2268	90.82
2267	90.81
2266	90.8
2265	90.8
2264	90.81
2263	90.82
2262	90.82
2261	90.82
2260	90.8
2259	90.78
2258	90.76
2257	90.75
2256	90.77
2255	90.8
2254	90.83
2253	90.85
2252	90.86
2251	90.88
2250	90.89
2249	90.88
2248	90.86
2247	90.83
2246	90.83
2245	90.84
2244	90.87
2243	90.89
2242	90.9
2241	90.9
2240	90.89
2239	90.89
2238	90.9
2237	90.9
2236	90.89
2235	90.89
2234	90.89
2233	90.9
2232	90.92
2231	90.96
2230	90.98
2229	90.98
2228	90.96
2227	90.93
2226	90.9
2225	90.89
2224	90.89
2223	90.9
2222	90.91
2221	90.91
2220	90.91
2219	90.92
2218	90.94
2217	90.95
2216	90.96
2215	90.95
2214	90.95
2213	90.97
2212	90.98
2211	90.99
2210	90.99
2209	90.99
2208	90.97
2207	90.95
2206	90.91
2205	90.86
2204	90.82
2203	90.8
2202	90.8
2201	90.8
2200	90.8
2199	90.8
2198	90.82
2197	90.83
2196	90.83
2195	90.82
2194	90.8
2193	90.78
2192	90.77
2191	90.77
2190	90.77
2189	90.77
2188	90.79
2187	90.84
2186	90.89
2185	90.93
2184	90.96
2183	90.99
2182	91
2181	90.98
2180	90.95
2179	90.93
2178	90.95
2177	91
2176	91.06
2175	91.1
2174	91.08
2173	91.01
2172	90.94
2171	90.89
2170	90.86
2169	90.84
2168	90.84
2167	90.86
2166	90.86
2165	90.81
2164	90.72
2163	90.64
2162	90.6
2161	90.67
2160	90.87
2159	91.16
2158	91.39
2157	91.44
2156	91.37
2155	91.3
2154	91.28
2153	91.28
2152	91.3
2151	91.33
2150	91.37
2149	91.4
2148	91.39
2147	91.36
2146	91.3
2145	91.24
2144	91.18
2143	91.15
2142	91.14
2141	91.15
2140	91.15
2139	91.13
2138	91.12
2137	91.11
2136	91.13
2135	91.17
2134	91.23
2133	91.26
2132	91.24
2131	91.19
2130	91.13
2129	91.08
2128	91.05
2127	91.04
2126	91.03
2125	91.02
2124	91
2123	90.99
2122	90.99
2121	90.97
2120	90.95
2119	90.94
2118	90.95
2117	90.96
2116	90.97
2115	90.95
2114	90.91
2113	90.87
2112	90.84
2111	90.83
2110	90.85
2109	90.87
2108	90.88
2107	90.87
2106	90.84
2105	90.81
2104	90.8
2103	90.81
2102	90.82
2101	90.84
2100	90.86
2099	90.88
2098	90.9
2097	90.91
2096	90.92
2095	90.92
2094	90.93
2093	90.92
2092	90.92
2091	90.92
2090	90.93
2089	90.93
2088	90.91
2087	90.88
2086	90.85
2085	90.82
2084	90.81
2083	90.81
2082	90.82
2081	90.83
2080	90.85
2079	90.86
2078	90.87
2077	90.88
2076	90.88
2075	90.89
2074	90.91
2073	90.92
2072	90.93
2071	90.94
2070	90.95
2069	90.95
2068	90.95
2067	90.95
2066	90.94
2065	90.91
2064	90.89
2063	90.9
2062	90.92
2061	90.94
2060	90.94
2059	90.91
2058	90.87
2057	90.83
2056	90.8
2055	90.8
2054	90.79
2053	90.76
2052	90.72
2051	90.72
2050	90.78
2049	90.86
2048	90.92
2047	90.94
2046	90.93
2045	90.9
2044	90.87
2043	90.86
2042	90.85
2041	90.85
2040	90.86
2039	90.91
2038	90.99
2037	91.04
2036	91.05
2035	91.03
2034	90.99
2033	90.96
2032	90.94
2031	90.95
2030	90.99
2029	91.03
2028	91.05
2027	91.07
2026	91.09
2025	91.12
2024	91.15
2023	91.18
2022	91.18
2021	91.14
2020	91.09
2019	91.09
2018	91.13
2017	91.18
2016	91.18
2015	91.13
2014	91.06
2013	91.01
2012	90.98
2011	90.96
2010	90.97
2009	90.99
2008	91.06
2007	91.16
2006	91.24
2005	91.27
2004	91.25
2003	91.22
2002	91.2
2001	91.18
2000	91.15
1999	91.12
1998	91.09
1997	91.05
1996	91.01
1995	90.95
1994	90.9
1993	90.84
1992	90.78
1991	90.73
1990	90.69
1989	90.66
1988	90.65
1987	90.67
1986	90.71
1985	90.71
1984	90.67
1983	90.63
1982	90.59
1981	90.57
1980	90.58
1979	90.61
1978	90.67
1977	90.71
1976	90.73
1975	90.76
1974	90.81
1973	90.86
1972	90.85
1971	90.78
1970	90.65
1969	90.51
1968	90.39
1967	90.33
1966	90.35
1965	90.39
1964	90.43
1963	90.46
1962	90.51
1961	90.57
1960	90.62
1959	90.65
1958	90.66
1957	90.64
1956	90.59
1955	90.56
1954	90.56
1953	90.57
1952	90.58
1951	90.57
1950	90.55
1949	90.52
1948	90.5
1947	90.51
1946	90.55
1945	90.6
1944	90.65
1943	90.72
1942	90.77
1941	90.79
1940	90.77
1939	90.74
1938	90.73
1937	90.72
1936	90.7
1935	90.66
1934	90.62
1933	90.58
1932	90.56
1931	90.54
1930	90.53
1929	90.54
1928	90.57
1927	90.6
1926	90.62
1925	90.62
1924	90.6
1923	90.58
1922	90.56
1921	90.55
1920	90.55
1919	90.56
1918	90.57
1917	90.56
1916	90.52
1915	90.47
1914	90.43
1913	90.4
1912	90.37
1911	90.35
1910	90.34
1909	90.32
1908	90.31
1907	90.3
1906	90.31
1905	90.33
1904	90.37
1903	90.42
1902	90.46
1901	90.49
1900	90.5
1899	90.49
1898	90.47
1897	90.45
1896	90.42
1895	90.4
1894	90.37
1893	90.34
1892	90.31
1891	90.29
1890	90.3
1889	90.32
1888	90.35
1887	90.39
1886	90.41
1885	90.43
1884	90.44
1883	90.45
1882	90.46
1881	90.47
1880	90.47
1879	90.46
1878	90.46
1877	90.46
1876	90.46
1875	90.47
1874	90.49
1873	90.51
1872	90.51
1871	90.53
1870	90.55
1869	90.58
1868	90.6
1867	90.62
1866	90.62
1865	90.62
1864	90.62
1863	90.63
1862	90.64
1861	90.65
1860	90.65
1859	90.66
1858	90.66
1857	90.66
1856	90.66
1855	90.65
1854	90.64
1853	90.62
1852	90.61
1851	90.6
1850	90.59
1849	90.59
1848	90.58
1847	90.57
1846	90.56
1845	90.56
1844	90.55
1843	90.55
1842	90.55
1841	90.55
1840	90.54
1839	90.54
1838	90.52
1837	90.49
1836	90.46
1835	90.44
1834	90.43
1833	90.41
1832	90.38
1831	90.36
1830	90.34
1829	90.3
1828	90.24
1827	90.18
1826	90.14
1825	90.1
1824	90.06
1823	90.04
1822	90.04
1821	90.05
1820	90.07
1819	90.1
1818	90.12
1817	90.12
1816	90.1
1815	90.06
1814	90.02
1813	89.99
1812	89.98
1811	89.99
1810	90.01
1809	90.03
1808	90.06
1807	90.07
1806	90.08
1805	90.06
1804	90.04
1803	90.01
1802	90.01
1801	90.02
1800	90.04
1799	90.08
1798	90.12
1797	90.14
1796	90.16
1795	90.18
1794	90.19
1793	90.2
1792	90.2
1791	90.19
1790	90.19
1789	90.19
1788	90.19
1787	90.19
1786	90.19
1785	90.18
1784	90.16
1783	90.15
1782	90.13
1781	90.11
1780	90.11
1779	90.11
1778	90.13
1777	90.15
1776	90.15
1775	90.14
1774	90.12
1773	90.11
1772	90.09
1771	90.07
1770	90.05
1769	90.04
1768	90.04
1767	90.03
1766	90.02
1765	90.01
1764	90
1763	90
1762	90
1761	90.01
1760	90.01
1759	90.03
1758	90.05
1757	90.08
1756	90.09
1755	90.09
1754	90.09
1753	90.08
1752	90.08
1751	90.08
1750	90.07
1749	90.06
1748	90.06
1747	90.06
1746	90.07
1745	90.08
1744	90.1
1743	90.11
1742	90.11
1741	90.11
1740	90.12
1739	90.12
1738	90.13
1737	90.12
1736	90.12
1735	90.14
1734	90.14
1733	90.1
1732	90.06
1731	90.06
1730	90.08
1729	90.1
1728	90.12
1727	90.13
1726	90.13
1725	90.13
1724	90.13
1723	90.12
1722	90.12
1721	90.1
1720	90.07
1719	90.06
1718	90.05
1717	90.02
1716	89.99
1715	90
1714	90.02
1713	90.05
1712	90.07
1711	90.08
1710	90.09
1709	90.08
1708	90.07
1707	90.05
1706	90.06
1705	90.07
1704	90.07
1703	90.07
1702	90.07
1701	90.1
1700	90.1
1699	90.08
1698	90.06
1697	90.06
1696	90.05
1695	90.02
1694	89.98
1693	89.94
1692	89.91
1691	89.89
1690	89.89
1689	89.89
1688	89.89
1687	89.89
1686	89.89
1685	89.91
1684	89.91
1683	89.9
1682	89.9
1681	89.93
1680	89.97
1679	89.98
1678	89.97
1677	89.96
1676	89.95
1675	89.94
1674	89.92
1673	89.89
1672	89.86
1671	89.83
1670	89.78
1669	89.71
1668	89.65
1667	89.61
1666	89.6
1665	89.59
1664	89.61
1663	89.63
1662	89.66
1661	89.68
1660	89.7
1659	89.71
1658	89.73
1657	89.73
1656	89.71
1655	89.71
1654	89.75
1653	89.79
1652	89.8
1651	89.8
1650	89.81
1649	89.82
1648	89.85
1647	89.87
1646	89.86
1645	89.86
1644	89.86
1643	89.87
1642	89.89
1641	89.92
1640	89.95
1639	89.96
1638	89.96
1637	89.97
1636	89.97
1635	89.96
1634	89.95
1633	89.96
1632	89.98
1631	89.99
1630	90
1629	90
1628	89.99
1627	89.98
1626	89.96
1625	89.95
1624	89.95
1623	89.96
1622	89.96
1621	89.96
1620	89.94
1619	89.92
1618	89.9
1617	89.87
1616	89.84
1615	89.83
1614	89.84
1613	89.86
1612	89.89
1611	89.9
1610	89.9
1609	89.9
1608	89.89
1607	89.88
1606	89.87
1605	89.87
1604	89.86
1603	89.86
1602	89.86
1601	89.86
1600	89.86
1599	89.85
1598	89.85
1597	89.85
1596	89.85
1595	89.86
1594	89.87
1593	89.87
1592	89.87
1591	89.85
1590	89.79
1589	89.66
1588	89.42
1587	89.12
1586	88.84
1585	88.67
1584	88.64
1583	88.75
1582	88.93
1581	89.13
1580	89.31
1579	89.46
1578	89.58
1577	89.69
1576	89.75
1575	89.72
1574	89.6
1573	89.39
1572	89.16
1571	88.98
1570	88.97
1569	89.12
1568	89.33
1567	89.5
1566	89.61
1565	89.69
1564	89.74
1563	89.77
1562	89.78
1561	89.79
1560	89.83
1559	89.85
1558	89.82
1557	89.81
1556	89.83
1555	89.87
1554	89.9
1553	89.92
1552	89.92
1551	89.93
1550	89.96
1549	89.98
1548	89.98
1547	89.96
1546	89.95
1545	89.95
1544	89.94
1543	89.94
1542	89.95
1541	89.96
1540	89.97
1539	89.97
1538	89.99
1537	90
1536	89.99
1535	89.99
1534	89.99
1533	89.99
1532	89.98
1531	89.99
1530	90
1529	90
1528	90.01
1527	90.03
1526	90.05
1525	90.07
1524	90.07
1523	90.07
1522	90.1
1521	90.11
1520	90.1
1519	90.09
1518	90.11
1517	90.14
1516	90.16
1515	90.19
1514	90.21
1513	90.24
1512	90.26
1511	90.28
1510	90.3
1509	90.32
1508	90.33
1507	90.34
1506	90.32
1505	90.31
1504	90.32
1503	90.34
1502	90.37
1501	90.39
1500	90.41
1499	90.44
1498	90.48
1497	90.5
1496	90.5
1495	90.47
1494	90.4
1493	90.27
1492	90.07
1491	89.79
1490	89.42
1489	88.97
1488	88.46
1487	87.89
1486	87.24
1485	86.49
1484	85.7
1483	84.97
1482	84.44
1481	84.24
1480	84.36
1479	84.71
1478	85.17
1477	85.7
1476	86.22
1475	86.66
1474	87.05
1473	87.42
1472	87.75
1471	87.99
1470	88.17
1469	88.31
1468	88.42
1467	88.54
1466	88.66
1465	88.8
1464	88.93
1463	89.04
1462	89.14
1461	89.21
1460	89.27
1459	89.33
1458	89.41
1457	89.47
1456	89.48
1455	89.49
1454	89.53
1453	89.6
1452	89.66
1451	89.75
1450	89.86
1449	90.01
1448	90.21
1447	90.43
1446	90.64
1445	90.8
1444	90.94
1443	91.04
1442	90.97
1441	90.53
1440	89.49
1439	87.45
1438	83.63
1437	77.64
1436	71.36
1435	67.68
1434	67.22
1433	69
1432	72
1431	75.31
1430	78.17
1429	80.24
1428	81.62
1427	82.59
1426	83.36
1425	84.04
1424	84.58
1423	84.9
1422	84.98
1421	84.82
1420	84.35
1419	83.63
1418	82.96
1417	82.61
1416	82.59
1415	82.81
1414	83.16
1413	83.55
1412	83.91
1411	84.19
1410	84.39
1409	84.53
1408	84.6
1407	84.57
1406	84.4
1405	83.96
1404	83.19
1403	82.25
1402	81.41
1401	80.99
1400	81.17
1399	81.86
1398	82.66
1397	83.18
1396	83.36
1395	83.38
1394	83.51
1393	83.85
1392	84.31
1391	84.74
1390	85.03
1389	85.17
1388	85.21
1387	85.19
1386	85.13
1385	85.08
1384	85.05
1383	85.05
1382	85.09
1381	85.17
1380	85.31
1379	85.49
1378	85.67
1377	85.85
1376	86.03
1375	86.22
1374	86.4
1373	86.57
1372	86.74
1371	86.9
1370	87.04
1369	87.19
1368	87.32
1367	87.44
1366	87.54
1365	87.62
1364	87.72
1363	87.82
1362	87.91
1361	87.99
1360	88.08
1359	88.16
1358	88.24
1357	88.32
1356	88.38
1355	88.43
1354	88.47
1353	88.5
1352	88.49
1351	88.46
1350	88.38
1349	88.29
1348	88.24
1347	88.22
1346	88.25
1345	88.3
1344	88.35
1343	88.37
1342	88.36
1341	88.3
1340	88.19
1339	88
1338	87.79
1337	87.62
1336	87.57
1335	87.62
1334	87.72
1333	87.83
1332	87.9
1331	87.94
1330	87.96
1329	87.95
1328	87.93
1327	87.86
1326	87.75
1325	87.58
1324	87.32
1323	87.01
1322	86.69
1321	86.47
1320	86.43
1319	86.58
1318	86.84
1317	87.15
1316	87.44
1315	87.67
1314	87.83
1313	87.94
1312	87.99
1311	87.97
1310	87.88
1309	87.67
1308	87.34
1307	86.9
1306	86.44
1305	86.06
1304	85.86
1303	85.89
1302	86.12
1301	86.46
1300	86.81
1299	87.13
1298	87.4
1297	87.61
1296	87.79
1295	87.94
1294	88.05
1293	88.15
1292	88.21
1291	88.26
1290	88.29
1289	88.32
1288	88.34
1287	88.36
1286	88.38
1285	88.39
1284	88.38
1283	88.36
1282	88.33
1281	88.27
1280	88.17
1279	88.02
1278	87.84
1277	87.63
1276	87.42
1275	87.22
1274	87.06
1273	86.95
1272	86.91
1271	86.94
1270	87.01
1269	87.09
1268	87.16
1267	87.19
1266	87.18
1265	87.14
1264	87.08
1263	87.04
1262	87.02
1261	87.03
1260	87.06
1259	87.08
1258	87.1
1257	87.11
1256	87.11
1255	87.1
1254	87.1
1253	87.09
1252	87.06
1251	87.03
1250	87.04
1249	87.11
1248	87.23
1247	87.38
1246	87.5
1245	87.56
1244	87.53
1243	87.43
1242	87.35
1241	87.4
1240	87.54
1239	87.67
1238	87.61
1237	87.32
1236	86.9
1235	86.52
1234	86.33
1233	86.38
1232	86.57
1231	86.81
1230	86.99
1229	87.13
1228	87.25
1227	87.35
1226	87.45
1225	87.55
1224	87.65
1223	87.76
1222	87.87
1221	87.98
1220	88.09
1219	88.21
1218	88.32
1217	88.43
1216	88.53
1215	88.64
1214	88.74
1213	88.83
1212	88.92
1211	89
1210	89.06
1209	89.12
1208	89.19
1207	89.24
1206	89.28
1205	89.29
1204	89.28
1203	89.23
1202	89.14
1201	88.97
1200	88.68
1199	88.25
1198	87.71
1197	87.17
1196	86.78
1195	86.64
1194	86.75
1193	87.02
1192	87.32
1191	87.56
1190	87.67
1189	87.6
1188	87.29
1187	86.77
1186	86.11
1185	85.48
1184	85.03
1183	84.86
1182	84.98
1181	85.32
1180	85.78
1179	86.27
1178	86.75
1177	87.17
1176	87.55
1175	87.88
1174	88.14
1173	88.37
1172	88.55
1171	88.72
1170	88.85
1169	88.94
1168	88.97
1167	88.91
1166	88.77
1165	88.65
1164	88.63
1163	88.71
1162	88.79
1161	88.72
1160	88.5
1159	88.28
1158	88.23
1157	88.39
1156	88.69
1155	88.98
1154	89.19
1153	89.32
1152	89.42
1151	89.49
1150	89.56
1149	89.62
1148	89.67
1147	89.72
1146	89.73
1145	89.73
1144	89.71
1143	89.7
1142	89.69
1141	89.69
1140	89.71
1139	89.72
1138	89.72
1137	89.72
1136	89.73
1135	89.76
1134	89.8
1133	89.85
1132	89.89
1131	89.92
1130	89.93
1129	89.91
1128	89.86
1127	89.72
1126	89.44
1125	89.03
1124	88.61
1123	88.34
1122	88.32
1121	88.51
1120	88.78
1119	89
1118	89.11
1117	89.13
1116	89.1
1115	88.99
1114	88.82
1113	88.58
1112	88.25
1111	87.78
1110	87.1
1109	86.13
1108	84.78
1107	83.1
1106	81.24
1105	79.5
1104	78.06
1103	76.92
1102	75.91
1101	74.82
1100	73.56
1099	72.17
1098	70.72
1097	69.42
1096	68.6
1095	68.59
1094	69.46
1093	70.91
1092	72.55
1091	74.06
1090	75.32
1089	76.35
1088	77.17
1087	77.79
1086	78.24
1085	78.53
1084	78.71
1083	78.8
1082	78.82
1081	78.8
1080	78.74
1079	78.66
1078	78.54
1077	78.38
1076	78.17
1075	77.98
1074	77.87
1073	77.88
1072	77.96
1071	77.99
1070	77.86
1069	77.51
1068	77.07
1067	76.81
1066	76.95
1065	77.46
1064	78.14
1063	78.76
1062	79.19
1061	79.43
1060	79.48
1059	79.41
1058	79.36
1057	79.43
1056	79.62
1055	79.84
1054	80.01
1053	80.12
1052	80.22
1051	80.34
1050	80.49
1049	80.64
1048	80.79
1047	80.95
1046	81.12
1045	81.32
1044	81.55
1043	81.81
1042	82.07
1041	82.33
1040	82.54
1039	82.71
1038	82.9
1037	83.18
1036	83.57
1035	83.92
1034	84.09
1033	84
1032	83.68
1031	83.22
1030	82.73
1029	82.4
1028	82.38
1027	82.68
1026	83.19
1025	83.75
1024	84.29
1023	84.77
1022	85.18
1021	85.49
1020	85.72
1019	85.88
1018	86.02
1017	86.16
1016	86.31
1015	86.48
1014	86.66
1013	86.85
1012	87.06
1011	87.28
1010	87.49
1009	87.67
1008	87.82
1007	87.94
1006	88.02
1005	87.99
1004	87.73
1003	87.07
1002	85.88
1001	84.23
1000	82.49
999	81.27
998	81.02
997	81.79
996	83.14
995	84.53
994	85.62
993	86.33
992	86.73
991	86.92
990	86.99
989	87.04
988	87.15
987	87.34
986	87.59
985	87.87
984	88.15
983	88.38
982	88.56
981	88.68
980	88.74
979	88.73
978	88.68
977	88.64
976	88.68
975	88.79
974	88.95
973	89.1
972	89.22
971	89.3
970	89.35
969	89.38
968	89.39
967	89.4
966	89.44
965	89.5
964	89.56
963	89.62
962	89.67
961	89.71
960	89.75
959	89.79
958	89.83
957	89.86
956	89.89
955	89.92
954	89.95
953	89.97
952	90
951	90.03
950	90.05
949	90.07
948	90.09
947	90.1
946	90.12
945	90.13
944	90.16
943	90.19
942	90.21
941	90.22
940	90.23
939	90.24
938	90.24
937	90.21
936	90.16
935	90.09
934	90.02
933	89.99
932	90.03
931	90.12
930	90.21
929	90.29
928	90.32
927	90.31
926	90.24
925	90.05
924	89.68
923	89.11
922	88.46
921	87.93
920	87.72
919	87.86
918	88.23
917	88.64
916	88.99
915	89.22
914	89.36
913	89.44
912	89.51
911	89.59
910	89.65
909	89.7
908	89.72
907	89.72
906	89.71
905	89.69
904	89.66
903	89.63
902	89.6
901	89.58
900	89.57
899	89.58
898	89.6
897	89.62
896	89.65
895	89.67
894	89.66
893	89.63
892	89.62
891	89.68
890	89.79
889	89.93
888	90.05
887	90.1
886	90.08
885	90
884	89.85
883	89.6
882	89.12
881	88.19
880	86.64
879	84.58
878	82.54
877	81.26
876	81.18
875	82.21
874	83.76
873	85.28
872	86.49
871	87.38
870	88.04
869	88.53
868	88.92
867	89.22
866	89.47
865	89.68
864	89.86
863	90.04
862	90.19
861	90.31
860	90.4
859	90.47
858	90.51
857	90.52
856	90.49
855	90.46
854	90.44
853	90.43
852	90.45
851	90.52
850	90.62
849	90.69
848	90.7
847	90.68
846	90.69
845	90.8
844	90.98
843	91.18
842	91.34
841	91.44
840	91.52
839	91.63
838	91.76
837	91.88
836	91.99
835	92.1
834	92.19
833	92.26
832	92.32
831	92.38
830	92.43
829	92.45
828	92.45
827	92.4
826	92.28
825	92.01
824	91.47
823	90.42
822	88.5
821	85.43
820	81.38
819	77.19
818	74
817	72.7
816	73.35
815	75.34
814	77.76
813	80.01
812	81.89
811	83.44
810	84.74
809	85.82
808	86.69
807	87.38
806	87.91
805	88.32
804	88.68
803	88.98
802	89.24
801	89.46
800	89.67
799	89.88
798	90.09
797	90.26
796	90.39
795	90.51
794	90.61
793	90.71
792	90.82
791	90.94
790	91.05
789	91.16
788	91.27
787	91.39
786	91.49
785	91.56
784	91.62
783	91.69
782	91.76
781	91.84
780	91.92
779	92.03
778	92.13
777	92.22
776	92.29
775	92.36
774	92.42
773	92.47
772	92.55
771	92.64
770	92.71
769	92.75
768	92.79
767	92.83
766	92.84
765	92.8
764	92.73
763	92.64
762	92.44
761	91.98
760	90.95
759	88.84
758	85.14
757	79.97
756	74.64
755	71.22
754	71.11
753	74.02
752	78.19
751	81.79
750	84.02
749	85.14
748	85.63
747	85.42
746	84.04
745	81.28
744	77.82
743	74.98
742	73.83
741	74.64
740	76.91
739	79.89
738	82.94
737	85.61
736	87.64
735	89.05
734	89.99
733	90.65
732	91.13
731	91.49
730	91.77
729	91.97
728	92.05
727	91.99
726	91.71
725	91.09
724	89.9
723	87.86
722	84.84
721	81.13
720	77.5
719	74.95
718	74.02
717	74.32
716	74.81
715	74.47
714	73.01
713	71.08
712	69.76
711	69.76
710	71
709	72.8
708	74.4
707	75.25
706	74.92
705	73.11
704	69.88
703	65.88
702	62.13
701	59.52
700	58.41
699	58.61
698	59.53
697	60.47
696	60.98
695	61.04
694	61
693	61.24
692	61.79
691	62.26
690	62.15
689	61.14
688	59.28
687	56.92
686	54.55
685	52.72
684	51.89
683	52.29
682	53.88
681	56.36
680	59.25
679	62.08
678	64.6
677	66.77
676	68.61
675	70.17
674	71.5
673	72.68
672	73.71
671	74.62
670	75.51
669	76.59
668	77.92
667	79.08
666	79.88
665	80.48
664	81.04
663	81.54
662	81.89
661	81.92
660	81.45
659	80.17
658	77.94
657	75.02
656	72.19
655	70.45
654	70.43
653	71.93
652	74.2
651	76.52
650	78.51
649	80.09
648	81.3
647	82.22
646	82.92
645	83.48
644	83.96
643	84.38
642	84.75
641	85.09
640	85.39
639	85.66
638	85.91
637	86.13
636	86.33
635	86.5
634	86.66
633	86.83
632	87.02
631	87.2
630	87.37
629	87.52
628	87.66
627	87.79
626	87.93
625	88.09
624	88.25
623	88.34
622	88.28
621	88.03
620	87.64
619	87.26
618	87.05
617	87.03
616	87.11
615	87.26
614	87.53
613	87.91
612	88.33
611	88.66
610	88.9
609	89.11
608	89.29
607	89.41
606	89.5
605	89.6
604	89.72
603	89.83
602	89.92
601	90.02
600	90.13
599	90.24
598	90.3
597	90.34
596	90.4
595	90.49
594	90.59
593	90.7
592	90.77
591	90.81
590	90.82
589	90.85
588	90.91
587	90.98
586	91.06
585	91.15
584	91.23
583	91.29
582	91.35
581	91.43
580	91.5
579	91.53
578	91.54
577	91.58
576	91.65
575	91.75
574	91.84
573	91.95
572	92.06
571	92.14
570	92.21
569	92.27
568	92.35
567	92.43
566	92.51
565	92.58
564	92.66
563	92.72
562	92.79
561	92.89
560	92.98
559	93.02
558	93.02
557	93.02
556	93.06
555	93.09
554	93.13
553	93.18
552	93.24
551	93.25
550	93.21
549	93.19
548	93.22
547	93.25
546	93.25
545	93.21
544	93.14
543	93.03
542	92.86
541	92.62
540	92.26
539	91.65
538	90.62
537	88.96
536	86.42
535	82.88
534	78.54
533	73.82
532	69.1
531	64.59
530	60.37
529	56.58
528	53.59
527	51.98
526	52.05
525	53.44
524	55.42
523	57.54
522	59.69
521	61.85
520	63.99
519	66.1
518	68.16
517	70.07
516	71.75
515	73.22
514	74.57
513	75.81
512	76.96
511	78.02
510	79.01
509	79.93
508	80.78
507	81.57
506	82.3
505	82.96
504	83.53
503	84.02
502	84.44
501	84.79
500	85.05
499	85.27
498	85.41
497	85.39
496	85.07
495	84.3
494	82.86
493	80.37
492	76.51
491	71.5
490	66.19
489	61.72
488	59.04
487	58.73
486	60.73
485	64.3
484	68.3
483	71.66
482	73.51
481	73.27
480	70.89
479	67.14
478	63.67
477	62.09
476	63.03
475	65.94
474	69.8
473	73.64
472	76.89
471	79.35
470	81.15
469	82.53
468	83.64
467	84.53
466	85.24
465	85.81
464	86.24
463	86.5
462	86.56
461	86.45
460	86.09
459	85.22
458	83.57
457	81.42
456	79.53
455	78.6
454	78.88
453	80.25
452	82.21
451	84.11
450	85.55
449	86.5
448	87.1
447	87.48
446	87.77
445	88.06
444	88.4
443	88.81
442	89.21
441	89.44
440	89.36
439	88.92
438	88.15
437	86.98
436	85.29
435	83.28
434	81.54
433	80.64
432	80.83
431	81.96
430	83.63
429	85.35
428	86.8
427	87.88
426	88.7
425	89.46
424	90.23
423	90.82
422	91.09
421	91.14
420	91.15
419	91.32
418	91.69
417	92.1
416	92.39
415	92.51
414	92.57
413	92.76
412	93.09
411	93.38
410	93.52
409	93.56
408	93.55
407	93.43
406	93.23
405	93.11
404	93.16
403	93.27
402	93.29
401	93.14
400	92.83