3490.49931	92.20969
3488.30769	91.86876
3487.04256	91.52784
3485.57154	91.18692
3479.67392	90.846
3472.34787	90.4855
3468.91548	90.16416
3462.6836	89.84734
3449.7009	89.48231
3449.36227	89.14139
3447.0677	88.80047
3444.36135	88.45955
3439.80201	88.11862
3436.13975	87.7777
3432.53566	87.42645
3415.73369	87.06851
3412.77205	86.75494
3400.22538	86.41401
3397.71029	86.14128
3377.55045	86.59997
3376.83505	86.94089
3376.34504	87.62274
3375.2858	87.28182
3373.85195	86.25388
3365.18101	85.91813
3362.26877	85.57721
3359.45948	85.23628
3357.23915	84.87126
3355.1267	84.57401
3346.25327	84.21352
3345.94244	83.53167
3345.91264	83.19075
3345.88284	82.84983
3345.82886	83.8726
3341.83087	82.50891
3337.573	82.16799
3336.77455	81.82706
3333.32014	81.48614
3330.44156	77.39508
3329.44219	81.14522
3329.42906	80.8043
3328.70847	80.46338
3328.40258	79.09969
3328.34905	79.44061
3328.33318	78.41784
3328.15864	80.12245
3328.14337	78.75877
3327.95236	79.78153
3327.84789	78.07692
3327.4537	77.736
3323.76129	76.39377
3323.03271	76.02228
3322.59938	76.71324
3322.46904	77.05416
3322.09585	75.34955
3322.0799	75.69047
3321.90592	75.00863
3319.63204	74.69505
3316.45319	67.84926
3316.14706	70.23572
3316.11726	69.8948
3316.08746	69.55387
3315.95472	69.21295
3315.10137	68.87203
3314.86568	68.53111
3314.83588	68.19019
3313.57875	70.57664
3313.1044	71.59941
3313.08691	74.32678
3313.01655	71.94033
3313.01172	70.91756
3312.9585	72.62217
3312.9287	72.28125
3312.84894	73.98586
3312.8393	71.25848
3312.119	72.96309
3311.90408	73.64494
3311.86284	73.30402
3302.01587	77.736
3301.98475	78.75877
3301.88485	78.41784
3301.86265	78.07692
3301.44591	79.09969
3301.19563	77.36602
3299.60892	79.43545
3297.99448	76.09338
3297.65043	82.74755
3296.70596	79.77711
3296.59749	76.37231
3291.56391	82.41593
3291.13704	82.07501
3287.77885	81.70516
3287.37968	81.05224
3287.3641	81.39316
3287.24151	80.71132
3287.07759	80.3704
3286.1738	80.04905
3285.27116	76.71324
3284.99213	77.05416
3277.89498	79.66144
3277.72998	79.34453
3276.32285	78.9938
3273.53732	77.49426
3273.03927	78.56248
3263.54455	78.10792
3262.86912	77.76995
3260.82642	76.74423
3260.68452	76.40331
3260.18822	77.08515
3259.91786	74.6987
3259.7213	75.72146
3259.65502	76.06238
3259.16745	74.35777
3258.51741	78.41784
3258.1212	75.38054
3257.59962	78.78499
3257.05836	75.03962
3256.25052	77.42952
3255.84775	82.16799
3253.60534	81.85806
3252.70587	80.15345
3252.67607	79.81253
3252.5845	79.4716
3252.49775	80.49437
3252.38054	82.72586
3252.37205	81.17621
3252.34225	80.83529
3252.31679	79.13068
3251.28777	81.51714
3250.94167	83.06678
3250.81914	82.40215
3248.99494	83.4077
3246.86652	83.72452
3243.75207	85.79416
3242.98089	85.47734
3240.59144	84.43047
3240.5183	84.77139
3240.44515	85.11231
3240.35575	84.08955
3234.04907	86.13508
3232.88146	87.49877
3232.84354	86.476
3232.62817	87.83969
3232.62004	87.15784
3232.61598	86.81692
3232.25354	88.18061
3232.15834	88.52153
3228.73215	88.86245
3225.87584	89.20338
3222.30259	89.5443
3221.71473	89.88522
3221.67138	90.56706
3221.64158	90.22614
3218.57854	90.90798
3215.65727	91.24891
3214.76058	91.58983
3214.68743	91.93075
3211.52596	92.27167
3208.77627	92.61259
3207.15896	92.95352
3206.96228	93.29444
3206.31265	93.63536
3203.98552	93.97628
3200.16104	94.3172
3180.49732	94.53415
3145.01588	94.53415
3120.10339	94.53415
3095.19089	94.53415
3070.2784	94.53415
3045.3659	94.53415
3020.45341	94.53415
2995.54091	94.53415
2970.62841	94.53415
2945.71592	94.53415
2920.80342	94.53415
2895.89093	94.53415
2870.97843	94.53415
2846.06594	94.53415
2821.15344	94.53415
2796.24095	94.53415
2771.32845	94.53415
2746.41595	94.53415
2721.50346	94.53415
2696.59096	94.53415
2671.67847	94.53415
2646.76597	94.53415
2621.85348	94.53415
2596.94098	94.53415
2572.02849	94.53415
2547.11599	94.53415
2522.20349	94.53415
2497.291	94.53415
2472.3785	94.53415
2447.46601	94.53415
2422.55351	94.53415
2397.64102	94.53415
2372.72852	94.53415
2347.81603	94.53415
2322.90353	94.53415
2297.99104	94.53415
2273.07854	94.53415
2248.16604	94.53415
2223.25355	94.53415
2198.34105	94.53415
2173.42856	94.53415
2148.51606	94.53415
2123.60357	94.53415
2098.69107	94.53415
2073.77858	94.53415
2048.86608	94.53415
2023.95358	94.53415
1998.27479	94.49968
1984.43665	94.49908
1971.99365	94.49853
1959.55064	94.49799
1947.10764	94.49744
1934.66463	94.4969
1922.22162	94.49636
1909.77862	94.49581
1897.33561	94.49527
1883.2901	94.49465
1861.83842	94.50256
1844.5471	94.49296
1833.51807	94.49248
1818.10639	94.50728
1800.87134	94.50137
1783.3022	94.50267
1768.75788	94.48965
1757.23168	94.51391
1743.02416	94.504
1730.69427	94.50346
1718.08428	94.50291
1705.58202	94.50236
1692.7054	94.5018
1676.81677	94.49595
1659.06605	94.49723
1649.92021	93.02953
1649.90535	92.68901
1649.42773	92.34848
1649.24462	93.37001
1648.62796	94.05101
1648.25317	93.71048
1646.0891	94.39142
1616.32545	94.49846
1603.81017	94.49791
1591.10008	94.49736
1578.79062	94.49682
1569.54521	94.43451
1553.98709	94.49574
1539.09043	94.4858
1512.5104	94.49392
1502.05157	94.50894
1490.73682	94.49297
1478.4571	94.49243
1465.88448	94.49189
1451.53422	94.48197
1439.75275	94.50622
1426.44123	94.49016
1414.13289	94.48962
1401.68988	94.48908
1386.76905	94.48843
1374.30361	92.33645
1369.87497	94.0249
1369.5506	93.68437
1369.26153	94.35976
1369.12134	93.35777
1369.0953	91.99571
1369.00983	91.66912
1366.92726	90.57164
1366.78245	89.89061
1366.58287	91.20763
1365.94876	92.66592
1365.88633	93.00053
1365.22011	90.23793
1364.88314	90.92496
1361.95178	89.50732
1360.24985	94.24736
1359.48779	88.50759
1358.95048	89.27115
1358.08012	92.33574
1356.90458	88.14375
1356.60611	93.91442
1356.21221	90.57117
1354.7825	91.30963
1353.97813	88.8814
1351.72644	93.63561
1351.49676	89.86672
1351.30023	93.29508
1350.84123	91.98201
1350.09768	87.81119
1349.87094	92.94418
1349.68248	89.54752
1349.16016	94.34129
1348.4298	91.63021
1347.51405	90.90394
1347.2394	88.52769
1346.01031	90.23709
1345.59013	89.17223
1345.10504	88.18089
1344.6319	93.99989
1342.98941	91.2702
1342.879	92.62558
1342.81827	90.57059
1340.35767	92.98504
1340.29114	91.59202
1339.42507	92.27301
1339.31792	93.66602
1339.18151	91.94177
1338.89286	93.32549
1336.76794	94.40885
1327.94888	87.13384
1321.88537	91.21975
1320.15251	90.85262
1317.05382	92.00117
1317.04776	91.65292
1316.55797	92.33392
1316.29702	94.36963
1316.25257	90.55476
1314.87588	94.04287
1314.71565	93.68853
1314.66896	89.51686
1314.40505	89.17633
1314.30813	93.35537
1314.21483	89.85735
1313.78052	90.22106
1313.32343	87.47371
1313.17327	87.81422
1313.15388	88.83576
1312.57109	87.13316
1312.48017	92.99811
1311.26321	92.66937
1311.21144	91.33868
1310.8903	86.79257
1310.60542	90.97161
1310.27899	86.45203
1310.19545	86.15795
1302.60665	94.02815
1302.50204	91.98089
1301.60055	91.65224
1301.35434	92.33326
1300.22121	90.62032
1299.50404	87.95292
1298.85227	90.97109
1298.51087	88.61843
1298.13556	88.99504
1297.99496	94.33235
1297.87305	93.0274
1297.59982	87.51946
1297.50186	93.32368
1297.45503	93.66419
1297.30547	91.31154
1296.844	89.6399
1296.04801	88.24892
1295.55366	89.98036
1293.25563	94.00452
1292.84723	89.29184
1291.52819	90.31333
1291.49352	88.94574
1286.37282	88.6179
1286.17752	94.38858
1284.55128	87.89964
1284.25437	88.19327
1283.67348	87.5498
1283.27455	89.74765
1268.77663	94.49875
1256.33362	94.4982
1243.89061	94.49766
1231.44761	94.49711
1219.0046	94.49657
1206.5616	94.49603
1194.11859	94.49548
1181.67558	94.49494
1169.23258	94.49439
1156.78957	94.49385
1144.34657	94.49331
1131.90356	94.49276
1119.46055	94.49222
1107.01755	94.49168
1094.57454	94.49113
1082.13154	94.49059
1069.68853	94.49004
1057.24552	94.4895
1044.80252	94.48896
1032.35951	94.48841
1019.91651	94.48787
1007.4735	94.48732
995.03049	94.48678
982.58749	94.48624
970.14448	94.48569
957.70148	94.48515
945.25847	94.4846
932.81546	94.48406
920.37246	94.48352
907.92945	94.48297
895.48644	94.48243
883.04344	94.48188
870.60043	94.48134
852.17871	94.48938
827.14957	94.49492
808.15984	94.49409
790.7898	86.9517
788.93323	89.91399
788.88339	94.37753
786.82505	94.0443
784.64116	87.50219
784.5916	93.39219
783.91059	90.29335
782.99936	92.00104
782.98449	91.66053
782.92848	90.97949
782.91361	90.63898
782.89079	91.32001
781.28506	92.9952
781.03176	92.65467
779.68947	92.3141
779.44192	84.04716
779.01616	85.40933
779.01609	86.09861
778.9884	88.23377
778.91159	84.39604
778.76248	89.61725
778.74761	89.27674
778.73275	88.93622
778.71788	88.59571
778.61198	85.07388
778.36792	84.7439
778.26272	87.19235
777.96931	86.7796
777.9598	80.89651
777.83704	85.75963
777.79722	79.90738
777.08535	81.35196
777.06668	79.58019
776.61691	79.24915
776.22862	87.90867
776.02171	80.60897
775.95057	80.26846
775.56151	81.67098
775.31936	83.37809
775.24055	78.93423
775.21528	83.72258
774.13829	87.56512
773.8694	82.35066
773.8473	82.02253
772.70634	81.00954
772.23292	89.95593
771.62687	82.71378
771.16591	90.29795
770.62507	92.0005
770.61021	91.65998
770.59534	91.31947
770.58047	90.97895
770.56561	90.63844
767.65627	83.44417
766.65938	88.29515
766.57907	77.94249
765.88312	89.33809
765.86825	88.99757
765.85338	88.65706
765.46513	77.60137
764.99038	76.58423
764.95555	76.92474
764.91128	77.26525
764.8444	76.24371
764.55803	78.61337
764.45347	79.98247
764.29583	87.23302
763.71164	89.65318
763.61133	79.63719
763.55038	78.27007
763.16263	86.89245
763.1478	71.81694
763.08898	75.90858
763.03361	78.95536
762.86724	83.79685
762.86556	81.32451
762.63534	85.1589
762.6261	71.4764
762.61956	75.22207
762.60794	71.22876
762.58833	79.29276
762.34794	86.5519
762.18254	86.21138
762.09119	73.51947
762.00779	73.85998
761.96838	74.20049
761.96218	84.81492
761.94754	85.86157
761.932	85.50558
761.8037	84.42366
761.73983	73.17894
761.66267	72.49791
761.38043	81.74596
761.34871	72.82809
761.17581	74.52807
760.89511	84.12438
760.51437	75.56431
760.27299	80.6702
760.25812	80.32968
759.79735	72.13078
759.29803	87.6138
759.12232	74.86902
758.4526	87.9757
758.01893	68.07594
757.88622	67.72325
757.41195	66.36846
757.39761	67.04949
757.38274	66.70897
757.26854	66.02794
757.13244	67.38999
756.96821	70.79513
756.95416	70.45461
756.90294	68.7443
756.8934	82.42937
756.8205	69.0896
756.78749	70.11409
756.67521	82.08855
756.66968	69.77357
756.649	69.43306
756.49072	83.102
756.42242	80.99764
755.92771	68.41148
754.53843	65.71619
754.17044	84.54629
754.04072	71.1082
753.60637	83.4294
752.95638	81.4964
752.5638	78.0563
752.25763	82.76453
752.15848	88.37785
752.00143	77.75998
751.86457	85.58705
751.73136	75.20254
751.72141	84.89887
751.58256	71.81644
751.33085	85.93488
750.74501	71.47589
750.71399	85.25125
750.54263	86.27278
750.45723	86.6133
750.34561	83.87989
750.1579	87.28141
750.05315	65.37755
749.90479	86.95379
749.60636	88.71826
748.9884	72.57784
748.49754	72.23937
748.35415	75.71674
748.00622	84.20816
747.95146	73.60914
747.93711	76.05723
747.82187	80.48392
747.807	80.1434
747.79214	79.80289
747.77727	79.46237
747.76241	79.12186
747.74754	78.78134
747.73267	78.44083
747.67321	77.07876
747.65834	76.73825
747.64348	76.39773
747.32778	72.91399
747.24451	74.39178
747.1739	77.41926
746.91655	73.94998
746.38522	89.73966
745.98709	73.25122
745.54763	74.73165
745.0348	89.38619
744.82776	67.76092
744.43994	88.037
743.80559	87.66757
743.44619	81.84136
743.33061	81.15443
743.08709	68.10136
742.88805	89.0344
742.76214	83.57486
742.16899	68.78235
741.48558	80.79684
741.30637	69.12283
741.12741	82.86723
741.06795	81.50517
741.01788	93.0517
740.81552	83.19844
740.64064	82.18618
740.495	82.5143
740.40613	75.01546
740.30212	75.38
740.2618	69.4633
740.22084	69.80381
740.21886	77.75947
740.174	70.14432
740.07205	74.22811
739.95823	70.48483
739.61538	74.54003
739.42014	67.4666
738.87537	83.88867
738.7886	58.05718
738.59646	92.6968
738.33772	68.45405
737.84745	84.29105
737.61096	59.06201
737.49424	84.63155
737.46129	85.31258
737.15756	92.37051
737.1124	91.68948
737.09753	91.34896
737.08781	91.00845
737.07037	90.66793
737.05293	90.32741
736.96333	58.55784
736.93449	92.01915
736.71406	86.33409
736.71003	85.65306
736.70601	84.97203
736.69919	85.99358
736.68155	87.00274
736.67971	88.35575
736.57467	86.6746
735.98219	75.71619
735.82336	57.72198
735.64024	80.48338
735.61719	87.35559
735.60791	79.12132
735.56736	79.46184
735.55623	79.80235
735.54396	80.14287
735.5239	78.44029
735.51163	78.78081
735.40788	77.07823
735.34189	71.85383
735.18305	88.71763
734.97749	76.05667
734.96839	90.00636
734.93968	76.73769
734.87239	72.52769
734.72314	77.41871
734.55469	76.39716
734.42852	71.16561
734.25298	70.80554
734.16706	72.18715
733.49419	78.09232
733.44859	73.21554
733.21304	73.88968
733.20388	71.51322
732.96703	58.23889
732.93066	59.60095
732.64533	72.84278
732.4811	59.94998
732.31931	89.24375
732.24886	60.60956
731.88612	57.48301
731.79971	60.26166
731.79437	58.90879
731.55831	59.22792
731.27671	73.54701
730.99614	67.07929
730.88827	57.84824
730.79361	66.05774
730.7791	66.39825
730.67224	65.71722
730.66175	66.73876
730.56556	65.3767
730.44995	61.97154
730.42197	64.69566
730.35202	64.35514
730.33324	60.96393
730.27524	65.03617
730.27104	64.01462
730.26614	61.63102
730.25617	63.67411
730.22662	63.33359
730.21175	62.99308
730.18324	62.31205
730.14547	62.65256
730.04928	61.2905
729.57141	67.75832
728.7524	68.08747
728.48269	58.57044
728.44917	68.78889
728.38389	67.39315
727.80771	69.12482
727.2439	69.46273
727.2	69.80324
727.09734	70.14375
727.08283	70.48426
727.00959	81.3085
726.79863	68.43084
726.484	82.6499
726.4394	81.62835
726.28346	82.30937
726.24749	82.9904
726.23015	83.32747
726.19861	81.96885
726.01094	80.95117
725.88728	77.75884
725.4746	85.37397
725.40362	89.46014
725.19174	83.67138
724.91483	75.22558
724.67483	84.00844
724.66547	89.77586
724.45312	87.77146
724.22635	88.08663
723.8565	84.69287
723.58449	86.73594
723.56962	86.39543
723.50268	84.37942
723.49847	85.7144
723.49562	74.7285
723.47192	86.05491
723.46874	85.03337
723.13518	87.0816
722.34337	74.19876
722.07695	71.07221
721.7084	88.42554
721.62829	85.3738
721.34619	73.00382
721.05849	87.41686
721.05056	89.11944
720.99913	88.77892
720.47883	75.71552
720.16337	80.57558
720.02307	81.28755
719.71567	72.67618
719.45189	76.05599
719.10001	77.41803
718.79498	71.41258
718.3111	71.75307
718.27112	72.09358
717.26382	80.11317
717.19346	75.37331
716.93371	72.43404
716.91194	80.9598
716.34279	74.25422
716.32691	73.89049
715.90175	83.33046
715.70621	75.01789
715.46672	73.21276
715.05587	73.54837
714.90555	83.09825
714.80602	84.01144
714.75647	79.80144
714.74161	79.46093
714.74069	74.5699
714.73758	78.7799
714.72674	79.12041
714.70318	90.12067
714.6713	78.43938
714.34774	81.62782
714.26676	84.33646
714.25866	82.64936
714.11581	81.96833
714.09111	82.32122
713.80171	76.73677
713.76747	77.75831
713.73774	77.07728
713.56549	76.39624
713.20292	83.67086
713.0215	84.69239
712.422	72.85003
711.92903	86.73543
711.88217	86.39492
711.8673	86.0544
711.85243	85.71389
711.8227	85.03286
711.22758	78.0813
711.21145	80.28553
708.84524	75.71501
708.23643	88.77836
708.23589	80.60601
708.19615	87.4163
708.15948	89.11887
708.12473	89.79276
707.85348	88.43783
707.82962	89.47128
707.81503	76.05548
707.65964	77.41753
707.12346	82.97873
706.90361	88.09108
706.77765	87.75675
706.02996	87.04656
705.79083	81.27919
705.10703	85.37308
703.2211	83.33229
702.5973	82.29802
702.03264	84.01327
701.94934	82.64882
701.90474	81.62728
701.74866	77.75779
701.71393	81.96778
701.34647	91.68791
701.002	91.09974
700.16146	90.42177
699.83133	90.74369
699.69636	80.92207
699.67333	84.69181
699.41287	86.05386
699.40943	85.71334
699.3797	85.03231
699.3569	86.73489
699.32947	86.39437
699.30824	78.22202
698.52043	84.35125
698.04284	83.65251
697.06045	87.29199
696.76456	90.07801
696.73274	79.92448
696.69217	79.58396
696.46428	79.24344
696.24559	78.90291
696.18926	88.31694
696.11436	89.73402
696.07755	80.26496
695.83693	89.33502
695.71135	80.60546
695.70369	78.56237
695.41277	88.99449
695.41035	88.65398
693.84646	87.97288
693.04793	91.41359
692.93097	87.60653
689.50301	94.3496
688.22328	94.00903
687.96757	83.20542
687.95125	82.18387
687.93784	82.52439
687.93214	82.8649
687.86752	81.16233
687.86093	83.53045
687.84669	81.84335
687.75041	81.50284
687.74021	83.88644
687.30321	84.21455
687.13125	85.24847
687.12555	85.58898
687.07297	84.90795
687.06732	86.61052
687.05245	86.27001
687.05133	86.95104
687.01702	85.92949
686.93241	84.56743
686.84762	87.28123
686.59492	93.6491
685.8116	88.34842
684.47159	91.08508
683.7783	90.41795
683.76343	90.07744
683.74857	89.73692
683.69257	89.39641
683.65255	88.71537
683.63657	89.05589
683.46831	92.72008
683.43726	90.78577
683.11776	87.69123
683.07942	92.05858
682.67301	92.39908
682.23505	91.73196
682.08858	88.03428
681.75999	93.32772
680.95422	93.00672
679.57243	93.69084
677.63806	91.3866
677.20074	94.0395
673.7392	94.39977
661.36654	93.41969
660.73232	93.69827
660.69577	94.03878
658.26463	94.37919