4000	100.88
3999	100.88
3998	100.88
3997	100.88
3996	100.88
3995	100.88
3994	100.88
3993	100.88
3992	100.88
3991	100.88
3990	100.88
3989	100.88
3988	100.88
3987	100.88
3986	100.88
3985	100.88
3984	100.87
3983	100.87
3982	100.87
3981	100.87
3980	100.87
3979	100.88
3978	100.88
3977	100.87
3976	100.87
3975	100.87
3974	100.87
3973	100.87
3972	100.87
3971	100.87
3970	100.87
3969	100.87
3968	100.87
3967	100.87
3966	100.88
3965	100.88
3964	100.87
3963	100.87
3962	100.87
3961	100.87
3960	100.87
3959	100.87
3958	100.87
3957	100.87
3956	100.87
3955	100.87
3954	100.87
3953	100.87
3952	100.86
3951	100.86
3950	100.86
3949	100.86
3948	100.86
3947	100.85
3946	100.85
3945	100.85
3944	100.86
3943	100.86
3942	100.87
3941	100.87
3940	100.87
3939	100.88
3938	100.88
3937	100.87
3936	100.86
3935	100.86
3934	100.86
3933	100.86
3932	100.86
3931	100.86
3930	100.86
3929	100.86
3928	100.86
3927	100.86
3926	100.86
3925	100.86
3924	100.86
3923	100.85
3922	100.84
3921	100.84
3920	100.84
3919	100.84
3918	100.84
3917	100.85
3916	100.86
3915	100.86
3914	100.86
3913	100.87
3912	100.87
3911	100.87
3910	100.86
3909	100.85
3908	100.85
3907	100.84
3906	100.84
3905	100.83
3904	100.83
3903	100.83
3902	100.82
3901	100.83
3900	100.84
3899	100.85
3898	100.86
3897	100.86
3896	100.85
3895	100.84
3894	100.84
3893	100.83
3892	100.83
3891	100.83
3890	100.83
3889	100.82
3888	100.82
3887	100.82
3886	100.84
3885	100.84
3884	100.83
3883	100.82
3882	100.81
3881	100.82
3880	100.83
3879	100.83
3878	100.82
3877	100.82
3876	100.82
3875	100.83
3874	100.83
3873	100.82
3872	100.81
3871	100.8
3870	100.81
3869	100.81
3868	100.8
3867	100.8
3866	100.81
3865	100.82
3864	100.83
3863	100.82
3862	100.81
3861	100.81
3860	100.82
3859	100.82
3858	100.82
3857	100.81
3856	100.79
3855	100.77
3854	100.77
3853	100.79
3852	100.79
3851	100.78
3850	100.79
3849	100.82
3848	100.83
3847	100.83
3846	100.83
3845	100.82
3844	100.81
3843	100.8
3842	100.79
3841	100.78
3840	100.78
3839	100.78
3838	100.78
3837	100.78
3836	100.78
3835	100.79
3834	100.8
3833	100.81
3832	100.82
3831	100.82
3830	100.82
3829	100.81
3828	100.81
3827	100.81
3826	100.81
3825	100.79
3824	100.78
3823	100.78
3822	100.79
3821	100.8
3820	100.8
3819	100.78
3818	100.78
3817	100.8
3816	100.81
3815	100.82
3814	100.81
3813	100.81
3812	100.82
3811	100.82
3810	100.82
3809	100.81
3808	100.8
3807	100.81
3806	100.8
3805	100.79
3804	100.78
3803	100.78
3802	100.79
3801	100.8
3800	100.8
3799	100.79
3798	100.79
3797	100.81
3796	100.82
3795	100.81
3794	100.81
3793	100.81
3792	100.82
3791	100.82
3790	100.82
3789	100.82
3788	100.81
3787	100.81
3786	100.81
3785	100.81
3784	100.81
3783	100.8
3782	100.8
3781	100.8
3780	100.79
3779	100.79
3778	100.79
3777	100.79
3776	100.79
3775	100.8
3774	100.8
3773	100.81
3772	100.81
3771	100.81
3770	100.81
3769	100.81
3768	100.81
3767	100.8
3766	100.81
3765	100.81
3764	100.8
3763	100.79
3762	100.79
3761	100.79
3760	100.8
3759	100.8
3758	100.8
3757	100.8
3756	100.79
3755	100.78
3754	100.76
3753	100.76
3752	100.75
3751	100.76
3750	100.77
3749	100.77
3748	100.76
3747	100.76
3746	100.76
3745	100.77
3744	100.79
3743	100.79
3742	100.79
3741	100.8
3740	100.82
3739	100.83
3738	100.82
3737	100.82
3736	100.83
3735	100.82
3734	100.82
3733	100.81
3732	100.82
3731	100.84
3730	100.85
3729	100.86
3728	100.88
3727	100.89
3726	100.89
3725	100.89
3724	100.89
3723	100.89
3722	100.89
3721	100.88
3720	100.87
3719	100.86
3718	100.85
3717	100.83
3716	100.82
3715	100.8
3714	100.78
3713	100.76
3712	100.76
3711	100.77
3710	100.77
3709	100.76
3708	100.76
3707	100.76
3706	100.77
3705	100.77
3704	100.77
3703	100.77
3702	100.77
3701	100.77
3700	100.76
3699	100.74
3698	100.73
3697	100.73
3696	100.72
3695	100.71
3694	100.69
3693	100.67
3692	100.66
3691	100.65
3690	100.64
3689	100.64
3688	100.64
3687	100.63
3686	100.63
3685	100.63
3684	100.64
3683	100.64
3682	100.64
3681	100.63
3680	100.61
3679	100.58
3678	100.55
3677	100.52
3676	100.52
3675	100.53
3674	100.52
3673	100.52
3672	100.53
3671	100.55
3670	100.57
3669	100.57
3668	100.56
3667	100.56
3666	100.57
3665	100.58
3664	100.58
3663	100.58
3662	100.57
3661	100.57
3660	100.57
3659	100.57
3658	100.58
3657	100.6
3656	100.62
3655	100.63
3654	100.62
3653	100.62
3652	100.61
3651	100.62
3650	100.63
3649	100.64
3648	100.65
3647	100.66
3646	100.67
3645	100.69
3644	100.7
3643	100.71
3642	100.73
3641	100.73
3640	100.74
3639	100.75
3638	100.76
3637	100.77
3636	100.78
3635	100.78
3634	100.79
3633	100.79
3632	100.8
3631	100.8
3630	100.81
3629	100.82
3628	100.83
3627	100.83
3626	100.84
3625	100.85
3624	100.86
3623	100.86
3622	100.85
3621	100.85
3620	100.85
3619	100.86
3618	100.85
3617	100.85
3616	100.85
3615	100.85
3614	100.84
3613	100.83
3612	100.82
3611	100.8
3610	100.8
3609	100.81
3608	100.82
3607	100.83
3606	100.83
3605	100.84
3604	100.85
3603	100.86
3602	100.87
3601	100.87
3600	100.87
3599	100.86
3598	100.86
3597	100.86
3596	100.86
3595	100.87
3594	100.87
3593	100.87
3592	100.87
3591	100.86
3590	100.86
3589	100.86
3588	100.86
3587	100.86
3586	100.85
3585	100.85
3584	100.84
3583	100.85
3582	100.85
3581	100.85
3580	100.85
3579	100.85
3578	100.85
3577	100.84
3576	100.83
3575	100.83
3574	100.82
3573	100.82
3572	100.81
3571	100.8
3570	100.8
3569	100.8
3568	100.8
3567	100.81
3566	100.81
3565	100.8
3564	100.79
3563	100.79
3562	100.79
3561	100.78
3560	100.78
3559	100.78
3558	100.77
3557	100.77
3556	100.77
3555	100.77
3554	100.77
3553	100.77
3552	100.77
3551	100.77
3550	100.76
3549	100.76
3548	100.75
3547	100.75
3546	100.74
3545	100.73
3544	100.73
3543	100.72
3542	100.72
3541	100.72
3540	100.71
3539	100.71
3538	100.71
3537	100.7
3536	100.7
3535	100.7
3534	100.69
3533	100.68
3532	100.67
3531	100.66
3530	100.66
3529	100.66
3528	100.66
3527	100.65
3526	100.65
3525	100.64
3524	100.64
3523	100.63
3522	100.63
3521	100.63
3520	100.62
3519	100.62
3518	100.63
3517	100.63
3516	100.62
3515	100.61
3514	100.61
3513	100.6
3512	100.6
3511	100.59
3510	100.58
3509	100.57
3508	100.56
3507	100.55
3506	100.55
3505	100.55
3504	100.54
3503	100.54
3502	100.53
3501	100.52
3500	100.52
3499	100.52
3498	100.52
3497	100.53
3496	100.53
3495	100.52
3494	100.52
3493	100.51
3492	100.51
3491	100.5
3490	100.5
3489	100.5
3488	100.5
3487	100.49
3486	100.48
3485	100.47
3484	100.46
3483	100.46
3482	100.45
3481	100.45
3480	100.44
3479	100.44
3478	100.43
3477	100.43
3476	100.42
3475	100.42
3474	100.42
3473	100.41
3472	100.4
3471	100.4
3470	100.39
3469	100.38
3468	100.38
3467	100.38
3466	100.37
3465	100.37
3464	100.36
3463	100.35
3462	100.33
3461	100.32
3460	100.31
3459	100.3
3458	100.29
3457	100.28
3456	100.27
3455	100.27
3454	100.27
3453	100.26
3452	100.26
3451	100.24
3450	100.23
3449	100.21
3448	100.2
3447	100.19
3446	100.18
3445	100.17
3444	100.16
3443	100.15
3442	100.14
3441	100.13
3440	100.12
3439	100.11
3438	100.11
3437	100.1
3436	100.08
3435	100.07
3434	100.06
3433	100.05
3432	100.04
3431	100.02
3430	100.01
3429	100
3428	99.99
3427	99.98
3426	99.97
3425	99.96
3424	99.95
3423	99.93
3422	99.92
3421	99.91
3420	99.9
3419	99.89
3418	99.88
3417	99.87
3416	99.85
3415	99.83
3414	99.82
3413	99.8
3412	99.79
3411	99.78
3410	99.77
3409	99.75
3408	99.74
3407	99.72
3406	99.7
3405	99.68
3404	99.66
3403	99.64
3402	99.63
3401	99.61
3400	99.6
3399	99.59
3398	99.58
3397	99.57
3396	99.56
3395	99.54
3394	99.53
3393	99.51
3392	99.5
3391	99.48
3390	99.47
3389	99.46
3388	99.45
3387	99.43
3386	99.42
3385	99.41
3384	99.39
3383	99.37
3382	99.36
3381	99.34
3380	99.33
3379	99.31
3378	99.3
3377	99.28
3376	99.27
3375	99.25
3374	99.23
3373	99.21
3372	99.19
3371	99.17
3370	99.15
3369	99.13
3368	99.11
3367	99.09
3366	99.07
3365	99.06
3364	99.04
3363	99.02
3362	99
3361	98.98
3360	98.96
3359	98.93
3358	98.91
3357	98.88
3356	98.86
3355	98.82
3354	98.79
3353	98.76
3352	98.73
3351	98.71
3350	98.68
3349	98.65
3348	98.62
3347	98.59
3346	98.56
3345	98.52
3344	98.49
3343	98.45
3342	98.41
3341	98.38
3340	98.35
3339	98.31
3338	98.28
3337	98.24
3336	98.2
3335	98.17
3334	98.13
3333	98.09
3332	98.05
3331	98.01
3330	97.97
3329	97.93
3328	97.89
3327	97.84
3326	97.8
3325	97.76
3324	97.72
3323	97.68
3322	97.65
3321	97.6
3320	97.56
3319	97.51
3318	97.47
3317	97.42
3316	97.38
3315	97.33
3314	97.28
3313	97.24
3312	97.19
3311	97.14
3310	97.1
3309	97.05
3308	97.01
3307	96.96
3306	96.92
3305	96.88
3304	96.84
3303	96.8
3302	96.76
3301	96.72
3300	96.68
3299	96.63
3298	96.58
3297	96.53
3296	96.48
3295	96.43
3294	96.38
3293	96.34
3292	96.3
3291	96.25
3290	96.21
3289	96.17
3288	96.12
3287	96.08
3286	96.03
3285	95.99
3284	95.94
3283	95.88
3282	95.83
3281	95.78
3280	95.73
3279	95.68
3278	95.62
3277	95.57
3276	95.52
3275	95.46
3274	95.4
3273	95.34
3272	95.28
3271	95.23
3270	95.18
3269	95.15
3268	95.11
3267	95.06
3266	95
3265	94.95
3264	94.89
3263	94.83
3262	94.78
3261	94.72
3260	94.66
3259	94.6
3258	94.54
3257	94.48
3256	94.42
3255	94.37
3254	94.31
3253	94.26
3252	94.2
3251	94.14
3250	94.07
3249	94.01
3248	93.95
3247	93.89
3246	93.83
3245	93.78
3244	93.72
3243	93.67
3242	93.61
3241	93.55
3240	93.49
3239	93.44
3238	93.38
3237	93.31
3236	93.25
3235	93.18
3234	93.11
3233	93.05
3232	93
3231	92.94
3230	92.89
3229	92.83
3228	92.77
3227	92.72
3226	92.66
3225	92.59
3224	92.53
3223	92.48
3222	92.42
3221	92.37
3220	92.31
3219	92.25
3218	92.2
3217	92.15
3216	92.1
3215	92.06
3214	92.01
3213	91.97
3212	91.92
3211	91.88
3210	91.83
3209	91.8
3208	91.76
3207	91.73
3206	91.69
3205	91.66
3204	91.64
3203	91.61
3202	91.59
3201	91.57
3200	91.55
3199	91.54
3198	91.52
3197	91.51
3196	91.49
3195	91.48
3194	91.47
3193	91.46
3192	91.46
3191	91.45
3190	91.45
3189	91.44
3188	91.44
3187	91.45
3186	91.45
3185	91.46
3184	91.47
3183	91.48
3182	91.49
3181	91.5
3180	91.5
3179	91.51
3178	91.52
3177	91.53
3176	91.55
3175	91.56
3174	91.58
3173	91.59
3172	91.61
3171	91.63
3170	91.65
3169	91.67
3168	91.68
3167	91.7
3166	91.71
3165	91.73
3164	91.74
3163	91.75
3162	91.77
3161	91.79
3160	91.81
3159	91.83
3158	91.85
3157	91.87
3156	91.88
3155	91.89
3154	91.9
3153	91.91
3152	91.93
3151	91.96
3150	91.99
3149	92.03
3148	92.06
3147	92.09
3146	92.12
3145	92.14
3144	92.15
3143	92.17
3142	92.19
3141	92.2
3140	92.22
3139	92.24
3138	92.26
3137	92.29
3136	92.32
3135	92.35
3134	92.38
3133	92.41
3132	92.43
3131	92.45
3130	92.47
3129	92.49
3128	92.52
3127	92.55
3126	92.57
3125	92.59
3124	92.61
3123	92.63
3122	92.65
3121	92.67
3120	92.69
3119	92.71
3118	92.73
3117	92.76
3116	92.79
3115	92.82
3114	92.86
3113	92.9
3112	92.93
3111	92.96
3110	92.99
3109	93.02
3108	93.05
3107	93.09
3106	93.12
3105	93.15
3104	93.18
3103	93.2
3102	93.23
3101	93.26
3100	93.3
3099	93.33
3098	93.37
3097	93.4
3096	93.44
3095	93.47
3094	93.51
3093	93.54
3092	93.58
3091	93.61
3090	93.65
3089	93.69
3088	93.72
3087	93.76
3086	93.79
3085	93.83
3084	93.86
3083	93.89
3082	93.93
3081	93.97
3080	94
3079	94.04
3078	94.08
3077	94.12
3076	94.16
3075	94.2
3074	94.24
3073	94.28
3072	94.32
3071	94.36
3070	94.39
3069	94.43
3068	94.46
3067	94.5
3066	94.54
3065	94.57
3064	94.61
3063	94.65
3062	94.68
3061	94.72
3060	94.75
3059	94.79
3058	94.82
3057	94.86
3056	94.89
3055	94.92
3054	94.96
3053	94.99
3052	95.02
3051	95.05
3050	95.08
3049	95.12
3048	95.15
3047	95.19
3046	95.22
3045	95.25
3044	95.28
3043	95.31
3042	95.34
3041	95.36
3040	95.38
3039	95.41
3038	95.43
3037	95.46
3036	95.48
3035	95.5
3034	95.53
3033	95.55
3032	95.57
3031	95.59
3030	95.61
3029	95.63
3028	95.64
3027	95.66
3026	95.68
3025	95.69
3024	95.71
3023	95.72
3022	95.74
3021	95.75
3020	95.77
3019	95.79
3018	95.8
3017	95.81
3016	95.82
3015	95.83
3014	95.84
3013	95.85
3012	95.86
3011	95.86
3010	95.86
3009	95.85
3008	95.85
3007	95.84
3006	95.84
3005	95.85
3004	95.85
3003	95.86
3002	95.86
3001	95.87
3000	95.87
2999	95.88
2998	95.89
2997	95.9
2996	95.91
2995	95.93
2994	95.95
2993	95.95
2992	95.93
2991	95.89
2990	95.86
2989	95.85
2988	95.87
2987	95.9
2986	95.95
2985	96
2984	96.04
2983	96.08
2982	96.12
2981	96.14
2980	96.17
2979	96.19
2978	96.2
2977	96.22
2976	96.23
2975	96.25
2974	96.26
2973	96.27
2972	96.29
2971	96.31
2970	96.34
2969	96.37
2968	96.41
2967	96.45
2966	96.5
2965	96.54
2964	96.58
2963	96.62
2962	96.65
2961	96.68
2960	96.71
2959	96.74
2958	96.77
2957	96.8
2956	96.84
2955	96.88
2954	96.92
2953	96.95
2952	96.98
2951	97.01
2950	97.04
2949	97.07
2948	97.1
2947	97.13
2946	97.15
2945	97.18
2944	97.2
2943	97.21
2942	97.23
2941	97.25
2940	97.26
2939	97.28
2938	97.3
2937	97.32
2936	97.34
2935	97.36
2934	97.37
2933	97.39
2932	97.41
2931	97.44
2930	97.45
2929	97.46
2928	97.46
2927	97.46
2926	97.46
2925	97.47
2924	97.48
2923	97.49
2922	97.51
2921	97.53
2920	97.55
2919	97.58
2918	97.6
2917	97.62
2916	97.64
2915	97.65
2914	97.65
2913	97.65
2912	97.64
2911	97.64
2910	97.65
2909	97.65
2908	97.65
2907	97.66
2906	97.66
2905	97.67
2904	97.67
2903	97.66
2902	97.65
2901	97.66
2900	97.69
2899	97.74
2898	97.8
2897	97.83
2896	97.86
2895	97.87
2894	97.87
2893	97.87
2892	97.89
2891	97.9
2890	97.92
2889	97.94
2888	97.96
2887	97.97
2886	97.99
2885	98
2884	98.02
2883	98.04
2882	98.07
2881	98.1
2880	98.13
2879	98.15
2878	98.18
2877	98.2
2876	98.23
2875	98.26
2874	98.29
2873	98.31
2872	98.32
2871	98.32
2870	98.33
2869	98.34
2868	98.36
2867	98.39
2866	98.41
2865	98.43
2864	98.46
2863	98.48
2862	98.51
2861	98.54
2860	98.57
2859	98.59
2858	98.61
2857	98.62
2856	98.64
2855	98.66
2854	98.68
2853	98.7
2852	98.72
2851	98.74
2850	98.76
2849	98.79
2848	98.81
2847	98.82
2846	98.83
2845	98.83
2844	98.84
2843	98.86
2842	98.88
2841	98.9
2840	98.93
2839	98.94
2838	98.95
2837	98.95
2836	98.96
2835	98.96
2834	98.97
2833	98.97
2832	98.98
2831	98.98
2830	98.99
2829	98.99
2828	99
2827	99
2826	99.01
2825	99.02
2824	99.03
2823	99.03
2822	99.04
2821	99.04
2820	99.05
2819	99.05
2818	99.06
2817	99.07
2816	99.08
2815	99.08
2814	99.09
2813	99.09
2812	99.1
2811	99.11
2810	99.11
2809	99.12
2808	99.12
2807	99.12
2806	99.12
2805	99.13
2804	99.13
2803	99.14
2802	99.14
2801	99.15
2800	99.16
2799	99.17
2798	99.18
2797	99.17
2796	99.18
2795	99.18
2794	99.19
2793	99.2
2792	99.2
2791	99.21
2790	99.21
2789	99.21
2788	99.21
2787	99.2
2786	99.2
2785	99.2
2784	99.21
2783	99.21
2782	99.22
2781	99.23
2780	99.23
2779	99.24
2778	99.25
2777	99.26
2776	99.27
2775	99.27
2774	99.27
2773	99.27
2772	99.27
2771	99.27
2770	99.27
2769	99.27
2768	99.27
2767	99.27
2766	99.27
2765	99.28
2764	99.28
2763	99.28
2762	99.29
2761	99.29
2760	99.3
2759	99.3
2758	99.31
2757	99.32
2756	99.32
2755	99.32
2754	99.32
2753	99.33
2752	99.34
2751	99.34
2750	99.35
2749	99.36
2748	99.36
2747	99.36
2746	99.36
2745	99.36
2744	99.36
2743	99.36
2742	99.36
2741	99.37
2740	99.37
2739	99.38
2738	99.38
2737	99.38
2736	99.39
2735	99.39
2734	99.39
2733	99.4
2732	99.4
2731	99.41
2730	99.41
2729	99.42
2728	99.43
2727	99.44
2726	99.45
2725	99.44
2724	99.44
2723	99.44
2722	99.44
2721	99.44
2720	99.44
2719	99.44
2718	99.45
2717	99.45
2716	99.45
2715	99.45
2714	99.45
2713	99.45
2712	99.45
2711	99.46
2710	99.46
2709	99.46
2708	99.46
2707	99.46
2706	99.47
2705	99.47
2704	99.47
2703	99.47
2702	99.47
2701	99.47
2700	99.47
2699	99.47
2698	99.48
2697	99.48
2696	99.48
2695	99.49
2694	99.49
2693	99.49
2692	99.49
2691	99.49
2690	99.49
2689	99.49
2688	99.48
2687	99.48
2686	99.48
2685	99.48
2684	99.49
2683	99.49
2682	99.49
2681	99.5
2680	99.5
2679	99.5
2678	99.5
2677	99.5
2676	99.5
2675	99.5
2674	99.5
2673	99.5
2672	99.5
2671	99.49
2670	99.49
2669	99.49
2668	99.49
2667	99.49
2666	99.49
2665	99.49
2664	99.48
2663	99.48
2662	99.47
2661	99.46
2660	99.45
2659	99.45
2658	99.45
2657	99.45
2656	99.45
2655	99.45
2654	99.45
2653	99.45
2652	99.45
2651	99.45
2650	99.45
2649	99.45
2648	99.46
2647	99.46
2646	99.46
2645	99.47
2644	99.47
2643	99.48
2642	99.48
2641	99.48
2640	99.49
2639	99.49
2638	99.49
2637	99.49
2636	99.5
2635	99.5
2634	99.51
2633	99.51
2632	99.52
2631	99.52
2630	99.52
2629	99.52
2628	99.52
2627	99.52
2626	99.52
2625	99.52
2624	99.52
2623	99.53
2622	99.53
2621	99.54
2620	99.55
2619	99.56
2618	99.57
2617	99.57
2616	99.57
2615	99.57
2614	99.57
2613	99.57
2612	99.58
2611	99.58
2610	99.59
2609	99.59
2608	99.6
2607	99.6
2606	99.61
2605	99.61
2604	99.62
2603	99.62
2602	99.62
2601	99.62
2600	99.63
2599	99.63
2598	99.63
2597	99.64
2596	99.64
2595	99.65
2594	99.65
2593	99.65
2592	99.66
2591	99.66
2590	99.67
2589	99.68
2588	99.68
2587	99.68
2586	99.68
2585	99.68
2584	99.68
2583	99.69
2582	99.69
2581	99.7
2580	99.71
2579	99.71
2578	99.71
2577	99.71
2576	99.7
2575	99.69
2574	99.69
2573	99.69
2572	99.7
2571	99.71
2570	99.72
2569	99.72
2568	99.71
2567	99.71
2566	99.71
2565	99.7
2564	99.7
2563	99.69
2562	99.69
2561	99.69
2560	99.7
2559	99.7
2558	99.71
2557	99.71
2556	99.7
2555	99.69
2554	99.68
2553	99.67
2552	99.67
2551	99.66
2550	99.66
2549	99.66
2548	99.66
2547	99.66
2546	99.66
2545	99.65
2544	99.65
2543	99.64
2542	99.63
2541	99.62
2540	99.61
2539	99.6
2538	99.6
2537	99.59
2536	99.59
2535	99.58
2534	99.57
2533	99.56
2532	99.55
2531	99.54
2530	99.53
2529	99.52
2528	99.52
2527	99.51
2526	99.51
2525	99.51
2524	99.51
2523	99.5
2522	99.49
2521	99.47
2520	99.46
2519	99.47
2518	99.48
2517	99.49
2516	99.49
2515	99.49
2514	99.48
2513	99.48
2512	99.48
2511	99.48
2510	99.48
2509	99.48
2508	99.47
2507	99.47
2506	99.48
2505	99.48
2504	99.48
2503	99.49
2502	99.49
2501	99.5
2500	99.5
2499	99.5
2498	99.5
2497	99.5
2496	99.5
2495	99.5
2494	99.5
2493	99.51
2492	99.52
2491	99.53
2490	99.55
2489	99.57
2488	99.58
2487	99.59
2486	99.6
2485	99.61
2484	99.63
2483	99.64
2482	99.65
2481	99.67
2480	99.69
2479	99.7
2478	99.7
2477	99.7
2476	99.71
2475	99.71
2474	99.72
2473	99.73
2472	99.73
2471	99.73
2470	99.74
2469	99.75
2468	99.76
2467	99.77
2466	99.78
2465	99.79
2464	99.79
2463	99.79
2462	99.78
2461	99.79
2460	99.79
2459	99.8
2458	99.8
2457	99.8
2456	99.81
2455	99.81
2454	99.82
2453	99.82
2452	99.83
2451	99.83
2450	99.83
2449	99.84
2448	99.84
2447	99.85
2446	99.86
2445	99.86
2444	99.87
2443	99.87
2442	99.88
2441	99.89
2440	99.89
2439	99.89
2438	99.9
2437	99.89
2436	99.89
2435	99.89
2434	99.89
2433	99.89
2432	99.9
2431	99.91
2430	99.92
2429	99.93
2428	99.94
2427	99.94
2426	99.94
2425	99.94
2424	99.94
2423	99.93
2422	99.93
2421	99.93
2420	99.93
2419	99.93
2418	99.94
2417	99.94
2416	99.95
2415	99.94
2414	99.94
2413	99.93
2412	99.93
2411	99.93
2410	99.93
2409	99.93
2408	99.93
2407	99.93
2406	99.94
2405	99.93
2404	99.93
2403	99.93
2402	99.93
2401	99.93
2400	99.93
2399	99.92
2398	99.92
2397	99.91
2396	99.9
2395	99.89
2394	99.88
2393	99.87
2392	99.87
2391	99.87
2390	99.87
2389	99.87
2388	99.86
2387	99.86
2386	99.86
2385	99.86
2384	99.87
2383	99.89
2382	99.92
2381	99.96
2380	100
2379	100.06
2378	100.11
2377	100.17
2376	100.22
2375	100.25
2374	100.27
2373	100.28
2372	100.28
2371	100.28
2370	100.27
2369	100.27
2368	100.29
2367	100.32
2366	100.35
2365	100.37
2364	100.39
2363	100.42
2362	100.44
2361	100.47
2360	100.49
2359	100.5
2358	100.51
2357	100.52
2356	100.53
2355	100.54
2354	100.56
2353	100.58
2352	100.59
2351	100.58
2350	100.57
2349	100.57
2348	100.6
2347	100.63
2346	100.66
2345	100.66
2344	100.65
2343	100.65
2342	100.68
2341	100.72
2340	100.73
2339	100.73
2338	100.72
2337	100.72
2336	100.72
2335	100.72
2334	100.72
2333	100.73
2332	100.74
2331	100.75
2330	100.78
2329	100.8
2328	100.8
2327	100.78
2326	100.73
2325	100.67
2324	100.64
2323	100.64
2322	100.67
2321	100.72
2320	100.76
2319	100.79
2318	100.78
2317	100.75
2316	100.71
2315	100.68
2314	100.65
2313	100.64
2312	100.64
2311	100.66
2310	100.68
2309	100.69
2308	100.7
2307	100.68
2306	100.66
2305	100.62
2304	100.58
2303	100.54
2302	100.5
2301	100.47
2300	100.44
2299	100.41
2298	100.38
2297	100.35
2296	100.32
2295	100.29
2294	100.26
2293	100.22
2292	100.18
2291	100.14
2290	100.11
2289	100.08
2288	100.05
2287	100.02
2286	99.99
2285	99.96
2284	99.93
2283	99.9
2282	99.88
2281	99.85
2280	99.81
2279	99.78
2278	99.74
2277	99.7
2276	99.67
2275	99.63
2274	99.58
2273	99.52
2272	99.46
2271	99.39
2270	99.32
2269	99.25
2268	99.17
2267	99.09
2266	98.99
2265	98.89
2264	98.78
2263	98.69
2262	98.59
2261	98.51
2260	98.46
2259	98.43
2258	98.45
2257	98.5
2256	98.57
2255	98.67
2254	98.78
2253	98.9
2252	99.01
2251	99.11
2250	99.2
2249	99.28
2248	99.37
2247	99.45
2246	99.53
2245	99.6
2244	99.66
2243	99.71
2242	99.76
2241	99.8
2240	99.83
2239	99.86
2238	99.9
2237	99.93
2236	99.96
2235	99.97
2234	99.99
2233	100
2232	100.02
2231	100.05
2230	100.08
2229	100.1
2228	100.13
2227	100.15
2226	100.16
2225	100.18
2224	100.2
2223	100.21
2222	100.21
2221	100.21
2220	100.21
2219	100.22
2218	100.23
2217	100.23
2216	100.23
2215	100.23
2214	100.24
2213	100.25
2212	100.25
2211	100.26
2210	100.26
2209	100.27
2208	100.28
2207	100.28
2206	100.28
2205	100.27
2204	100.28
2203	100.31
2202	100.35
2201	100.38
2200	100.4
2199	100.39
2198	100.38
2197	100.36
2196	100.36
2195	100.36
2194	100.37
2193	100.38
2192	100.37
2191	100.38
2190	100.39
2189	100.4
2188	100.41
2187	100.41
2186	100.38
2185	100.36
2184	100.36
2183	100.39
2182	100.44
2181	100.48
2180	100.5
2179	100.49
2178	100.47
2177	100.46
2176	100.48
2175	100.51
2174	100.53
2173	100.53
2172	100.5
2171	100.47
2170	100.44
2169	100.42
2168	100.4
2167	100.39
2166	100.38
2165	100.37
2164	100.33
2163	100.3
2162	100.3
2161	100.36
2160	100.5
2159	100.69
2158	100.85
2157	100.94
2156	100.96
2155	100.95
2154	100.92
2153	100.89
2152	100.86
2151	100.84
2150	100.82
2149	100.8
2148	100.78
2147	100.76
2146	100.74
2145	100.73
2144	100.73
2143	100.73
2142	100.73
2141	100.72
2140	100.72
2139	100.72
2138	100.74
2137	100.76
2136	100.78
2135	100.79
2134	100.8
2133	100.8
2132	100.78
2131	100.76
2130	100.73
2129	100.71
2128	100.69
2127	100.68
2126	100.67
2125	100.66
2124	100.64
2123	100.61
2122	100.59
2121	100.58
2120	100.57
2119	100.56
2118	100.55
2117	100.54
2116	100.54
2115	100.54
2114	100.53
2113	100.53
2112	100.53
2111	100.53
2110	100.53
2109	100.53
2108	100.52
2107	100.51
2106	100.5
2105	100.51
2104	100.52
2103	100.54
2102	100.55
2101	100.54
2100	100.53
2099	100.51
2098	100.51
2097	100.52
2096	100.55
2095	100.57
2094	100.59
2093	100.58
2092	100.57
2091	100.55
2090	100.54
2089	100.53
2088	100.52
2087	100.52
2086	100.52
2085	100.52
2084	100.53
2083	100.53
2082	100.53
2081	100.53
2080	100.52
2079	100.52
2078	100.53
2077	100.55
2076	100.55
2075	100.55
2074	100.55
2073	100.55
2072	100.56
2071	100.58
2070	100.59
2069	100.59
2068	100.58
2067	100.58
2066	100.59
2065	100.61
2064	100.63
2063	100.64
2062	100.65
2061	100.65
2060	100.64
2059	100.63
2058	100.63
2057	100.64
2056	100.65
2055	100.66
2054	100.64
2053	100.57
2052	100.48
2051	100.42
2050	100.43
2049	100.48
2048	100.53
2047	100.55
2046	100.53
2045	100.52
2044	100.51
2043	100.5
2042	100.5
2041	100.5
2040	100.49
2039	100.49
2038	100.5
2037	100.51
2036	100.52
2035	100.52
2034	100.53
2033	100.54
2032	100.55
2031	100.56
2030	100.57
2029	100.58
2028	100.59
2027	100.61
2026	100.61
2025	100.6
2024	100.57
2023	100.55
2022	100.56
2021	100.6
2020	100.67
2019	100.73
2018	100.76
2017	100.76
2016	100.72
2015	100.68
2014	100.64
2013	100.62
2012	100.62
2011	100.64
2010	100.67
2009	100.72
2008	100.76
2007	100.8
2006	100.82
2005	100.81
2004	100.78
2003	100.74
2002	100.7
2001	100.66
2000	100.63
1999	100.61
1998	100.61
1997	100.61
1996	100.61
1995	100.62
1994	100.63
1993	100.64
1992	100.66
1991	100.66
1990	100.64
1989	100.62
1988	100.61
1987	100.61
1986	100.62
1985	100.63
1984	100.62
1983	100.58
1982	100.53
1981	100.48
1980	100.47
1979	100.52
1978	100.61
1977	100.71
1976	100.77
1975	100.8
1974	100.82
1973	100.83
1972	100.84
1971	100.85
1970	100.84
1969	100.82
1968	100.8
1967	100.81
1966	100.83
1965	100.85
1964	100.85
1963	100.86
1962	100.87
1961	100.88
1960	100.9
1959	100.91
1958	100.9
1957	100.88
1956	100.85
1955	100.82
1954	100.8
1953	100.79
1952	100.8
1951	100.82
1950	100.84
1949	100.85
1948	100.86
1947	100.87
1946	100.87
1945	100.86
1944	100.85
1943	100.85
1942	100.85
1941	100.85
1940	100.84
1939	100.83
1938	100.81
1937	100.8
1936	100.78
1935	100.78
1934	100.78
1933	100.79
1932	100.8
1931	100.8
1930	100.8
1929	100.81
1928	100.81
1927	100.82
1926	100.82
1925	100.83
1924	100.83
1923	100.83
1922	100.82
1921	100.81
1920	100.8
1919	100.8
1918	100.81
1917	100.81
1916	100.8
1915	100.79
1914	100.79
1913	100.79
1912	100.79
1911	100.79
1910	100.79
1909	100.79
1908	100.8
1907	100.81
1906	100.82
1905	100.82
1904	100.82
1903	100.82
1902	100.82
1901	100.83
1900	100.82
1899	100.82
1898	100.82
1897	100.82
1896	100.82
1895	100.83
1894	100.83
1893	100.83
1892	100.83
1891	100.82
1890	100.82
1889	100.82
1888	100.83
1887	100.84
1886	100.84
1885	100.85
1884	100.84
1883	100.84
1882	100.84
1881	100.84
1880	100.84
1879	100.83
1878	100.83
1877	100.83
1876	100.83
1875	100.84
1874	100.84
1873	100.83
1872	100.82
1871	100.82
1870	100.83
1869	100.84
1868	100.85
1867	100.84
1866	100.84
1865	100.85
1864	100.85
1863	100.85
1862	100.85
1861	100.85
1860	100.85
1859	100.85
1858	100.85
1857	100.86
1856	100.86
1855	100.86
1854	100.86
1853	100.85
1852	100.85
1851	100.85
1850	100.85
1849	100.86
1848	100.86
1847	100.86
1846	100.86
1845	100.85
1844	100.86
1843	100.86
1842	100.86
1841	100.87
1840	100.87
1839	100.88
1838	100.88
1837	100.87
1836	100.86
1835	100.86
1834	100.86
1833	100.86
1832	100.86
1831	100.86
1830	100.85
1829	100.85
1828	100.85
1827	100.84
1826	100.84
1825	100.84
1824	100.84
1823	100.84
1822	100.85
1821	100.85
1820	100.85
1819	100.86
1818	100.88
1817	100.89
1816	100.89
1815	100.89
1814	100.88
1813	100.87
1812	100.86
1811	100.86
1810	100.86
1809	100.86
1808	100.86
1807	100.85
1806	100.85
1805	100.84
1804	100.84
1803	100.84
1802	100.84
1801	100.84
1800	100.84
1799	100.84
1798	100.84
1797	100.84
1796	100.83
1795	100.83
1794	100.83
1793	100.83
1792	100.83
1791	100.84
1790	100.83
1789	100.83
1788	100.83
1787	100.83
1786	100.83
1785	100.84
1784	100.84
1783	100.84
1782	100.84
1781	100.84
1780	100.83
1779	100.82
1778	100.82
1777	100.82
1776	100.82
1775	100.83
1774	100.83
1773	100.83
1772	100.84
1771	100.84
1770	100.85
1769	100.85
1768	100.85
1767	100.85
1766	100.85
1765	100.85
1764	100.85
1763	100.85
1762	100.85
1761	100.85
1760	100.85
1759	100.85
1758	100.84
1757	100.84
1756	100.84
1755	100.83
1754	100.83
1753	100.83
1752	100.82
1751	100.82
1750	100.83
1749	100.83
1748	100.82
1747	100.82
1746	100.83
1745	100.83
1744	100.84
1743	100.85
1742	100.85
1741	100.85
1740	100.86
1739	100.85
1738	100.85
1737	100.85
1736	100.84
1735	100.84
1734	100.85
1733	100.86
1732	100.86
1731	100.86
1730	100.87
1729	100.87
1728	100.87
1727	100.87
1726	100.87
1725	100.87
1724	100.87
1723	100.87
1722	100.86
1721	100.86
1720	100.86
1719	100.86
1718	100.87
1717	100.88
1716	100.88
1715	100.88
1714	100.88
1713	100.88
1712	100.88
1711	100.87
1710	100.87
1709	100.87
1708	100.87
1707	100.87
1706	100.87
1705	100.87
1704	100.86
1703	100.86
1702	100.87
1701	100.87
1700	100.87
1699	100.88
1698	100.88
1697	100.88
1696	100.88
1695	100.87
1694	100.87
1693	100.87
1692	100.87
1691	100.87
1690	100.87
1689	100.87
1688	100.88
1687	100.88
1686	100.87
1685	100.86
1684	100.86
1683	100.86
1682	100.86
1681	100.86
1680	100.86
1679	100.86
1678	100.86
1677	100.86
1676	100.86
1675	100.86
1674	100.86
1673	100.85
1672	100.84
1671	100.84
1670	100.85
1669	100.84
1668	100.84
1667	100.84
1666	100.84
1665	100.83
1664	100.83
1663	100.83
1662	100.83
1661	100.83
1660	100.83
1659	100.83
1658	100.83
1657	100.83
1656	100.83
1655	100.83
1654	100.84
1653	100.86
1652	100.86
1651	100.86
1650	100.86
1649	100.86
1648	100.86
1647	100.86
1646	100.86
1645	100.86
1644	100.86
1643	100.86
1642	100.87
1641	100.87
1640	100.87
1639	100.87
1638	100.87
1637	100.87
1636	100.88
1635	100.88
1634	100.88
1633	100.88
1632	100.88
1631	100.87
1630	100.87
1629	100.86
1628	100.86
1627	100.85
1626	100.85
1625	100.85
1624	100.85
1623	100.85
1622	100.85
1621	100.85
1620	100.84
1619	100.84
1618	100.85
1617	100.86
1616	100.87
1615	100.87
1614	100.87
1613	100.87
1612	100.86
1611	100.86
1610	100.86
1609	100.86
1608	100.87
1607	100.87
1606	100.87
1605	100.88
1604	100.88
1603	100.88
1602	100.87
1601	100.87
1600	100.87
1599	100.88
1598	100.88
1597	100.88
1596	100.88
1595	100.88
1594	100.87
1593	100.87
1592	100.87
1591	100.86
1590	100.86
1589	100.87
1588	100.87
1587	100.87
1586	100.87
1585	100.87
1584	100.87
1583	100.86
1582	100.86
1581	100.86
1580	100.85
1579	100.85
1578	100.85
1577	100.85
1576	100.85
1575	100.85
1574	100.84
1573	100.83
1572	100.82
1571	100.82
1570	100.82
1569	100.81
1568	100.8
1567	100.78
1566	100.77
1565	100.75
1564	100.73
1563	100.72
1562	100.7
1561	100.69
1560	100.67
1559	100.67
1558	100.63
1557	100.57
1556	100.53
1555	100.49
1554	100.44
1553	100.39
1552	100.33
1551	100.28
1550	100.21
1549	100.11
1548	100.02
1547	99.92
1546	99.81
1545	99.69
1544	99.55
1543	99.42
1542	99.29
1541	99.13
1540	98.91
1539	98.71
1538	98.55
1537	98.42
1536	98.3
1535	98.17
1534	98.02
1533	97.85
1532	97.69
1531	97.55
1530	97.43
1529	97.29
1528	97.15
1527	97.01
1526	96.87
1525	96.73
1524	96.6
1523	96.47
1522	96.33
1521	96.18
1520	96.04
1519	95.91
1518	95.79
1517	95.65
1516	95.52
1515	95.39
1514	95.27
1513	95.14
1512	95
1511	94.87
1510	94.74
1509	94.6
1508	94.46
1507	94.34
1506	94.23
1505	94.11
1504	93.99
1503	93.87
1502	93.74
1501	93.61
1500	93.48
1499	93.37
1498	93.26
1497	93.15
1496	93.05
1495	92.95
1494	92.84
1493	92.72
1492	92.6
1491	92.5
1490	92.41
1489	92.33
1488	92.25
1487	92.16
1486	92.07
1485	91.97
1484	91.88
1483	91.79
1482	91.71
1481	91.63
1480	91.54
1479	91.46
1478	91.38
1477	91.3
1476	91.23
1475	91.17
1474	91.12
1473	91.07
1472	91.04
1471	91
1470	90.94
1469	90.86
1468	90.78
1467	90.71
1466	90.66
1465	90.62
1464	90.59
1463	90.54
1462	90.47
1461	90.38
1460	90.3
1459	90.23
1458	90.19
1457	90.19
1456	90.19
1455	90.15
1454	90.08
1453	90
1452	89.94
1451	89.89
1450	89.85
1449	89.81
1448	89.79
1447	89.78
1446	89.75
1445	89.71
1444	89.67
1443	89.63
1442	89.59
1441	89.55
1440	89.5
1439	89.46
1438	89.44
1437	89.44
1436	89.47
1435	89.47
1434	89.44
1433	89.4
1432	89.37
1431	89.36
1430	89.36
1429	89.35
1428	89.33
1427	89.31
1426	89.28
1425	89.25
1424	89.23
1423	89.21
1422	89.17
1421	89.11
1420	89.07
1419	89.06
1418	89.06
1417	89.02
1416	88.96
1415	88.9
1414	88.83
1413	88.77
1412	88.72
1411	88.68
1410	88.63
1409	88.58
1408	88.54
1407	88.51
1406	88.49
1405	88.49
1404	88.51
1403	88.53
1402	88.53
1401	88.52
1400	88.53
1399	88.56
1398	88.58
1397	88.56
1396	88.53
1395	88.52
1394	88.54
1393	88.58
1392	88.63
1391	88.67
1390	88.69
1389	88.7
1388	88.72
1387	88.74
1386	88.76
1385	88.75
1384	88.74
1383	88.73
1382	88.72
1381	88.72
1380	88.71
1379	88.71
1378	88.7
1377	88.69
1376	88.68
1375	88.7
1374	88.75
1373	88.8
1372	88.84
1371	88.89
1370	88.94
1369	89
1368	89.08
1367	89.16
1366	89.22
1365	89.28
1364	89.36
1363	89.46
1362	89.57
1361	89.67
1360	89.76
1359	89.84
1358	89.92
1357	90
1356	90.09
1355	90.19
1354	90.28
1353	90.37
1352	90.46
1351	90.55
1350	90.64
1349	90.72
1348	90.81
1347	90.89
1346	90.98
1345	91.06
1344	91.15
1343	91.23
1342	91.31
1341	91.39
1340	91.49
1339	91.6
1338	91.7
1337	91.79
1336	91.88
1335	91.97
1334	92.06
1333	92.14
1332	92.23
1331	92.32
1330	92.41
1329	92.49
1328	92.58
1327	92.67
1326	92.76
1325	92.85
1324	92.94
1323	93.04
1322	93.13
1321	93.22
1320	93.32
1319	93.42
1318	93.52
1317	93.63
1316	93.73
1315	93.84
1314	93.94
1313	94.04
1312	94.14
1311	94.24
1310	94.34
1309	94.43
1308	94.53
1307	94.63
1306	94.73
1305	94.83
1304	94.94
1303	95.04
1302	95.14
1301	95.24
1300	95.34
1299	95.44
1298	95.53
1297	95.61
1296	95.7
1295	95.79
1294	95.87
1293	95.95
1292	96.03
1291	96.11
1290	96.18
1289	96.25
1288	96.33
1287	96.4
1286	96.48
1285	96.54
1284	96.61
1283	96.67
1282	96.74
1281	96.8
1280	96.87
1279	96.95
1278	97.01
1277	97.08
1276	97.16
1275	97.23
1274	97.3
1273	97.36
1272	97.43
1271	97.49
1270	97.56
1269	97.62
1268	97.68
1267	97.73
1266	97.78
1265	97.82
1264	97.87
1263	97.91
1262	97.95
1261	97.99
1260	98.03
1259	98.07
1258	98.11
1257	98.14
1256	98.18
1255	98.22
1254	98.25
1253	98.27
1252	98.28
1251	98.3
1250	98.31
1249	98.32
1248	98.33
1247	98.34
1246	98.33
1245	98.31
1244	98.27
1243	98.22
1242	98.16
1241	98.1
1240	98.05
1239	97.99
1238	97.91
1237	97.8
1236	97.68
1235	97.56
1234	97.43
1233	97.29
1232	97.17
1231	97.06
1230	96.95
1229	96.87
1228	96.8
1227	96.76
1226	96.73
1225	96.71
1224	96.72
1223	96.72
1222	96.73
1221	96.73
1220	96.74
1219	96.75
1218	96.75
1217	96.73
1216	96.69
1215	96.63
1214	96.55
1213	96.44
1212	96.32
1211	96.17
1210	95.97
1209	95.75
1208	95.48
1207	95.18
1206	94.83
1205	94.43
1204	93.99
1203	93.51
1202	93
1201	92.45
1200	91.89
1199	91.33
1198	90.77
1197	90.23
1196	89.73
1195	89.29
1194	88.9
1193	88.56
1192	88.29
1191	88.09
1190	87.94
1189	87.86
1188	87.83
1187	87.86
1186	87.93
1185	88.03
1184	88.17
1183	88.33
1182	88.51
1181	88.69
1180	88.88
1179	89.08
1178	89.28
1177	89.48
1176	89.68
1175	89.88
1174	90.07
1173	90.24
1172	90.4
1171	90.54
1170	90.68
1169	90.8
1168	90.93
1167	91.06
1166	91.19
1165	91.31
1164	91.44
1163	91.58
1162	91.72
1161	91.85
1160	91.98
1159	92.1
1158	92.21
1157	92.31
1156	92.4
1155	92.5
1154	92.59
1153	92.68
1152	92.78
1151	92.87
1150	92.96
1149	93.05
1148	93.14
1147	93.24
1146	93.33
1145	93.42
1144	93.52
1143	93.62
1142	93.72
1141	93.82
1140	93.92
1139	94.02
1138	94.13
1137	94.23
1136	94.34
1135	94.45
1134	94.54
1133	94.63
1132	94.72
1131	94.82
1130	94.91
1129	95
1128	95.08
1127	95.16
1126	95.23
1125	95.29
1124	95.35
1123	95.39
1122	95.42
1121	95.45
1120	95.47
1119	95.49
1118	95.51
1117	95.54
1116	95.59
1115	95.66
1114	95.72
1113	95.79
1112	95.86
1111	95.92
1110	95.97
1109	96.02
1108	96.07
1107	96.12
1106	96.15
1105	96.19
1104	96.24
1103	96.29
1102	96.34
1101	96.38
1100	96.44
1099	96.5
1098	96.54
1097	96.58
1096	96.62
1095	96.66
1094	96.69
1093	96.71
1092	96.72
1091	96.71
1090	96.69
1089	96.67
1088	96.67
1087	96.67
1086	96.66
1085	96.65
1084	96.65
1083	96.65
1082	96.63
1081	96.61
1080	96.6
1079	96.6
1078	96.61
1077	96.63
1076	96.66
1075	96.71
1074	96.75
1073	96.8
1072	96.86
1071	96.91
1070	96.93
1069	96.9
1068	96.86
1067	96.83
1066	96.84
1065	96.91
1064	97.01
1063	97.11
1062	97.17
1061	97.2
1060	97.2
1059	97.19
1058	97.17
1057	97.17
1056	97.2
1055	97.25
1054	97.27
1053	97.3
1052	97.34
1051	97.39
1050	97.43
1049	97.46
1048	97.5
1047	97.54
1046	97.59
1045	97.65
1044	97.71
1043	97.78
1042	97.83
1041	97.88
1040	97.94
1039	97.99
1038	98.05
1037	98.11
1036	98.21
1035	98.31
1034	98.41
1033	98.49
1032	98.56
1031	98.61
1030	98.61
1029	98.59
1028	98.59
1027	98.63
1026	98.7
1025	98.78
1024	98.86
1023	98.9
1022	98.93
1021	98.95
1020	98.99
1019	99.03
1018	99.05
1017	99.07
1016	99.1
1015	99.14
1014	99.16
1013	99.2
1012	99.24
1011	99.28
1010	99.32
1009	99.36
1008	99.41
1007	99.45
1006	99.48
1005	99.52
1004	99.56
1003	99.61
1002	99.64
1001	99.67
1000	99.71
999	99.74
998	99.77
997	99.79
996	99.82
995	99.86
994	99.88
993	99.9
992	99.92
991	99.95
990	99.97
989	99.98
988	100.01
987	100.02
986	100.03
985	100.04
984	100.06
983	100.08
982	100.1
981	100.1
980	100.12
979	100.13
978	100.14
977	100.15
976	100.18
975	100.21
974	100.22
973	100.23
972	100.25
971	100.27
970	100.28
969	100.29
968	100.31
967	100.33
966	100.34
965	100.35
964	100.37
963	100.38
962	100.38
961	100.38
960	100.38
959	100.39
958	100.4
957	100.4
956	100.41
955	100.42
954	100.43
953	100.45
952	100.47
951	100.49
950	100.49
949	100.49
948	100.5
947	100.5
946	100.5
945	100.51
944	100.52
943	100.55
942	100.56
941	100.58
940	100.6
939	100.61
938	100.61
937	100.61
936	100.63
935	100.65
934	100.67
933	100.68
932	100.69
931	100.7
930	100.7
929	100.71
928	100.72
927	100.74
926	100.75
925	100.77
924	100.79
923	100.8
922	100.8
921	100.81
920	100.83
919	100.84
918	100.84
917	100.84
916	100.85
915	100.86
914	100.86
913	100.86
912	100.86
911	100.87
910	100.86
909	100.85
908	100.85
907	100.86
906	100.86
905	100.85
904	100.85
903	100.86
902	100.86
901	100.86
900	100.88
899	100.89
898	100.9
897	100.89
896	100.89
895	100.9
894	100.89
893	100.87
892	100.86
891	100.82
890	100.74
889	100.57
888	100.27
887	99.81
886	99.19
885	98.57
884	98.12
883	97.94
882	98.02
881	98.27
880	98.58
879	98.86
878	99.09
877	99.3
876	99.51
875	99.71
874	99.89
873	100.02
872	100.13
871	100.2
870	100.23
869	100.25
868	100.25
867	100.25
866	100.23
865	100.22
864	100.23
863	100.23
862	100.21
861	100.18
860	100.14
859	100.1
858	100.04
857	99.97
856	99.91
855	99.84
854	99.76
853	99.68
852	99.62
851	99.56
850	99.49
849	99.42
848	99.37
847	99.33
846	99.28
845	99.23
844	99.19
843	99.14
842	99.07
841	99
840	98.93
839	98.86
838	98.78
837	98.68
836	98.59
835	98.5
834	98.38
833	98.27
832	98.17
831	98.07
830	97.97
829	97.87
828	97.77
827	97.67
826	97.56
825	97.45
824	97.36
823	97.26
822	97.15
821	97.03
820	96.93
819	96.82
818	96.71
817	96.61
816	96.53
815	96.44
814	96.33
813	96.22
812	96.11
811	96.01
810	95.9
809	95.8
808	95.7
807	95.62
806	95.52
805	95.41
804	95.31
803	95.21
802	95.11
801	95
800	94.91
799	94.81
798	94.7
797	94.59
796	94.5
795	94.4
794	94.31
793	94.21
792	94.13
791	94.06
790	93.99
789	93.93
788	93.87
787	93.81
786	93.75
785	93.68
784	93.63
783	93.59
782	93.54
781	93.49
780	93.44
779	93.4
778	93.36
777	93.32
776	93.29
775	93.27
774	93.23
773	93.2
772	93.17
771	93.15
770	93.11
769	93.07
768	93.05
767	93.02
766	92.98
765	92.93
764	92.9
763	92.87
762	92.82
761	92.75
760	92.7
759	92.66
758	92.61
757	92.56
756	92.52
755	92.47
754	92.41
753	92.35
752	92.31
751	92.27
750	92.21
749	92.14
748	92.08
747	92.03
746	91.98
745	91.93
744	91.9
743	91.87
742	91.82
741	91.77
740	91.72
739	91.67
738	91.61
737	91.54
736	91.48
735	91.43
734	91.37
733	91.32
732	91.28
731	91.25
730	91.2
729	91.16
728	91.12
727	91.09
726	91.04
725	91
724	90.96
723	90.94
722	90.92
721	90.9
720	90.9
719	90.89
718	90.84
717	90.79
716	90.75
715	90.72
714	90.69
713	90.67
712	90.66
711	90.66
710	90.65
709	90.64
708	90.63
707	90.64
706	90.64
705	90.64
704	90.67
703	90.71
702	90.75
701	90.78
700	90.83
699	90.89
698	90.94
697	91.01
696	91.1
695	91.19
694	91.27
693	91.35
692	91.47
691	91.6
690	91.74
689	91.89
688	92.07
687	92.26
686	92.43
685	92.61
684	92.79
683	92.95
682	93.07
681	93.15
680	93.22
679	93.25
678	93.23
677	93.19
676	93.16
675	93.14
674	93.12
673	93.12
672	93.17
671	93.26
670	93.39
669	93.62
668	93.95
667	94.13
666	94.1
665	94.15
664	94.32
663	94.5
662	94.63
661	94.7
660	94.73
659	94.7
658	94.61
657	94.48
656	94.36
655	94.24
654	94.1
653	93.92
652	93.74
651	93.53
650	93.29
649	93.04
648	92.79
647	92.53
646	92.25
645	91.98
644	91.76
643	91.56
642	91.37
641	91.18
640	91.01
639	90.86
638	90.72
637	90.59
636	90.5
635	90.45
634	90.43
633	90.44
632	90.5
631	90.58
630	90.65
629	90.73
628	90.83
627	90.93
626	91.01
625	91.09
624	91.2
623	91.33
622	91.45
621	91.56
620	91.68
619	91.8
618	91.9
617	91.99
616	92.08
615	92.17
614	92.24
613	92.32
612	92.43
611	92.53
610	92.61
609	92.68
608	92.78
607	92.87
606	92.94
605	93
604	93.08
603	93.15
602	93.22
601	93.29
600	93.4
599	93.5
598	93.57
597	93.64
596	93.73
595	93.83
594	93.89
593	93.96
592	94.05
591	94.14
590	94.22
589	94.28
588	94.37
587	94.46
586	94.52
585	94.59
584	94.69
583	94.79
582	94.86
581	94.92
580	95.02
579	95.13
578	95.23
577	95.32
576	95.43
575	95.52
574	95.57
573	95.62
572	95.69
571	95.79
570	95.86
569	95.92
568	95.99
567	96.03
566	96.02
565	95.99
564	95.99
563	95.98
562	95.88
561	95.72
560	95.48
559	95.16
558	94.72
557	94.21
556	93.65
555	93.02
554	92.29
553	91.5
552	90.65
551	89.73
550	88.71
549	87.7
548	86.78
547	86
546	85.38
545	84.94
544	84.73
543	84.71
542	84.83
541	85.06
540	85.4
539	85.79
538	86.19
537	86.61
536	87.09
535	87.56
534	87.99
533	88.39
532	88.81
531	89.21
530	89.56
529	89.88
528	90.21
527	90.56
526	90.87
525	91.16
524	91.45
523	91.72
522	91.92
521	92.12
520	92.37
519	92.62
518	92.81
517	92.97
516	93.15
515	93.34
514	93.49
513	93.63
512	93.81
511	93.97
510	94.07
509	94.16
508	94.31
507	94.49
506	94.63
505	94.76
504	94.92
503	95.07
502	95.14
501	95.21
500	95.33
499	95.46
498	95.55
497	95.64
496	95.77
495	95.9
494	95.98
493	96.06
492	96.19
491	96.33
490	96.41
489	96.49
488	96.61
487	96.7
486	96.7
485	96.69
484	96.77
483	96.88
482	96.93
481	96.99
480	97.13
479	97.25
478	97.28
477	97.29
476	97.38
475	97.47
474	97.49
473	97.54
472	97.68
471	97.79
470	97.76
469	97.71
468	97.8
467	97.96
466	98.05
465	98.12
464	98.24
463	98.35
462	98.34
461	98.3
460	98.35
459	98.46
458	98.5
457	98.5
456	98.57
455	98.63
454	98.62
453	98.64
452	98.81
451	98.99
450	99.07
449	99.13
448	99.24
447	99.32
446	99.28
445	99.24
444	99.33
443	99.44
442	99.43
441	99.38
440	99.43
439	99.51
438	99.52
437	99.52
436	99.62
435	99.7
434	99.65
433	99.57
432	99.61
431	99.66
430	99.62
429	99.64
428	99.83
427	100
426	99.95
425	99.79
424	99.77
423	99.79
422	99.73
421	99.76
420	100.12
419	100.56
418	100.59
417	100.41
416	100.37
415	100.38
414	100.3
413	100.28
412	100.47
411	100.58
410	100.4
409	100.23
408	100.41
407	100.72
406	100.76
405	100.62
404	100.56
403	100.5
402	100.37
401	100.53
400	101.17