4000	95.63
3999	95.63
3998	95.63
3997	95.63
3996	95.62
3995	95.62
3994	95.62
3993	95.62
3992	95.63
3991	95.63
3990	95.63
3989	95.63
3988	95.62
3987	95.61
3986	95.6
3985	95.59
3984	95.59
3983	95.59
3982	95.59
3981	95.58
3980	95.57
3979	95.56
3978	95.55
3977	95.54
3976	95.53
3975	95.52
3974	95.51
3973	95.5
3972	95.5
3971	95.5
3970	95.5
3969	95.5
3968	95.5
3967	95.5
3966	95.49
3965	95.48
3964	95.48
3963	95.48
3962	95.48
3961	95.49
3960	95.48
3959	95.48
3958	95.48
3957	95.47
3956	95.46
3955	95.45
3954	95.43
3953	95.42
3952	95.41
3951	95.4
3950	95.38
3949	95.36
3948	95.33
3947	95.29
3946	95.25
3945	95.22
3944	95.18
3943	95.14
3942	95.1
3941	95.07
3940	95.04
3939	95.02
3938	95.01
3937	95
3936	94.99
3935	94.99
3934	94.98
3933	94.96
3932	94.94
3931	94.9
3930	94.86
3929	94.81
3928	94.77
3927	94.72
3926	94.68
3925	94.64
3924	94.62
3923	94.6
3922	94.59
3921	94.6
3920	94.61
3919	94.63
3918	94.64
3917	94.66
3916	94.68
3915	94.7
3914	94.72
3913	94.74
3912	94.76
3911	94.79
3910	94.81
3909	94.82
3908	94.84
3907	94.85
3906	94.88
3905	94.91
3904	94.94
3903	94.97
3902	94.99
3901	95.01
3900	95.04
3899	95.07
3898	95.11
3897	95.14
3896	95.16
3895	95.18
3894	95.19
3893	95.21
3892	95.22
3891	95.24
3890	95.26
3889	95.27
3888	95.27
3887	95.29
3886	95.31
3885	95.32
3884	95.33
3883	95.32
3882	95.33
3881	95.36
3880	95.38
3879	95.39
3878	95.4
3877	95.4
3876	95.41
3875	95.43
3874	95.43
3873	95.42
3872	95.41
3871	95.4
3870	95.41
3869	95.41
3868	95.4
3867	95.39
3866	95.4
3865	95.42
3864	95.44
3863	95.44
3862	95.45
3861	95.45
3860	95.46
3859	95.46
3858	95.45
3857	95.42
3856	95.41
3855	95.41
3854	95.42
3853	95.4
3852	95.39
3851	95.39
3850	95.42
3849	95.45
3848	95.48
3847	95.49
3846	95.5
3845	95.51
3844	95.51
3843	95.5
3842	95.48
3841	95.46
3840	95.44
3839	95.44
3838	95.44
3837	95.45
3836	95.44
3835	95.44
3834	95.44
3833	95.45
3832	95.46
3831	95.48
3830	95.48
3829	95.48
3828	95.48
3827	95.48
3826	95.49
3825	95.48
3824	95.48
3823	95.48
3822	95.49
3821	95.49
3820	95.47
3819	95.43
3818	95.42
3817	95.44
3816	95.47
3815	95.49
3814	95.49
3813	95.5
3812	95.5
3811	95.51
3810	95.5
3809	95.49
3808	95.49
3807	95.48
3806	95.47
3805	95.45
3804	95.44
3803	95.44
3802	95.46
3801	95.48
3800	95.48
3799	95.48
3798	95.49
3797	95.5
3796	95.52
3795	95.52
3794	95.52
3793	95.52
3792	95.52
3791	95.51
3790	95.51
3789	95.5
3788	95.5
3787	95.51
3786	95.51
3785	95.52
3784	95.52
3783	95.51
3782	95.5
3781	95.5
3780	95.51
3779	95.51
3778	95.5
3777	95.49
3776	95.49
3775	95.49
3774	95.5
3773	95.5
3772	95.51
3771	95.52
3770	95.52
3769	95.51
3768	95.49
3767	95.47
3766	95.47
3765	95.49
3764	95.5
3763	95.51
3762	95.52
3761	95.52
3760	95.52
3759	95.51
3758	95.5
3757	95.49
3756	95.48
3755	95.47
3754	95.46
3753	95.45
3752	95.44
3751	95.43
3750	95.42
3749	95.42
3748	95.41
3747	95.39
3746	95.38
3745	95.39
3744	95.4
3743	95.41
3742	95.43
3741	95.45
3740	95.47
3739	95.48
3738	95.48
3737	95.48
3736	95.47
3735	95.46
3734	95.44
3733	95.44
3732	95.46
3731	95.47
3730	95.48
3729	95.49
3728	95.49
3727	95.5
3726	95.5
3725	95.51
3724	95.51
3723	95.52
3722	95.53
3721	95.53
3720	95.53
3719	95.52
3718	95.51
3717	95.51
3716	95.5
3715	95.48
3714	95.48
3713	95.48
3712	95.49
3711	95.49
3710	95.49
3709	95.49
3708	95.49
3707	95.49
3706	95.5
3705	95.5
3704	95.49
3703	95.49
3702	95.49
3701	95.5
3700	95.5
3699	95.51
3698	95.51
3697	95.52
3696	95.51
3695	95.51
3694	95.51
3693	95.5
3692	95.49
3691	95.47
3690	95.45
3689	95.42
3688	95.41
3687	95.41
3686	95.42
3685	95.43
3684	95.45
3683	95.46
3682	95.46
3681	95.46
3680	95.46
3679	95.45
3678	95.43
3677	95.43
3676	95.44
3675	95.44
3674	95.43
3673	95.42
3672	95.42
3671	95.43
3670	95.45
3669	95.45
3668	95.46
3667	95.47
3666	95.49
3665	95.51
3664	95.52
3663	95.52
3662	95.51
3661	95.5
3660	95.49
3659	95.49
3658	95.49
3657	95.49
3656	95.5
3655	95.5
3654	95.49
3653	95.48
3652	95.47
3651	95.47
3650	95.46
3649	95.44
3648	95.42
3647	95.41
3646	95.42
3645	95.43
3644	95.44
3643	95.45
3642	95.46
3641	95.47
3640	95.47
3639	95.47
3638	95.47
3637	95.47
3636	95.46
3635	95.47
3634	95.47
3633	95.46
3632	95.45
3631	95.44
3630	95.45
3629	95.44
3628	95.43
3627	95.42
3626	95.42
3625	95.44
3624	95.45
3623	95.46
3622	95.46
3621	95.45
3620	95.46
3619	95.46
3618	95.46
3617	95.44
3616	95.43
3615	95.43
3614	95.44
3613	95.44
3612	95.45
3611	95.44
3610	95.44
3609	95.43
3608	95.42
3607	95.42
3606	95.42
3605	95.42
3604	95.43
3603	95.43
3602	95.44
3601	95.44
3600	95.43
3599	95.43
3598	95.42
3597	95.41
3596	95.41
3595	95.41
3594	95.41
3593	95.41
3592	95.4
3591	95.4
3590	95.39
3589	95.39
3588	95.39
3587	95.38
3586	95.38
3585	95.37
3584	95.38
3583	95.38
3582	95.39
3581	95.39
3580	95.39
3579	95.39
3578	95.39
3577	95.4
3576	95.4
3575	95.41
3574	95.41
3573	95.41
3572	95.4
3571	95.4
3570	95.4
3569	95.4
3568	95.39
3567	95.37
3566	95.35
3565	95.34
3564	95.34
3563	95.35
3562	95.36
3561	95.38
3560	95.4
3559	95.41
3558	95.41
3557	95.42
3556	95.41
3555	95.41
3554	95.4
3553	95.39
3552	95.38
3551	95.37
3550	95.36
3549	95.35
3548	95.35
3547	95.36
3546	95.37
3545	95.39
3544	95.4
3543	95.4
3542	95.4
3541	95.4
3540	95.4
3539	95.41
3538	95.41
3537	95.41
3536	95.41
3535	95.4
3534	95.38
3533	95.38
3532	95.37
3531	95.37
3530	95.37
3529	95.37
3528	95.37
3527	95.37
3526	95.37
3525	95.37
3524	95.37
3523	95.37
3522	95.36
3521	95.36
3520	95.36
3519	95.36
3518	95.37
3517	95.37
3516	95.38
3515	95.38
3514	95.38
3513	95.37
3512	95.37
3511	95.37
3510	95.37
3509	95.37
3508	95.36
3507	95.35
3506	95.34
3505	95.33
3504	95.33
3503	95.32
3502	95.32
3501	95.32
3500	95.32
3499	95.33
3498	95.34
3497	95.35
3496	95.34
3495	95.34
3494	95.33
3493	95.33
3492	95.33
3491	95.33
3490	95.34
3489	95.34
3488	95.34
3487	95.33
3486	95.32
3485	95.32
3484	95.31
3483	95.31
3482	95.31
3481	95.31
3480	95.32
3479	95.32
3478	95.31
3477	95.31
3476	95.31
3475	95.31
3474	95.32
3473	95.32
3472	95.33
3471	95.33
3470	95.34
3469	95.34
3468	95.34
3467	95.34
3466	95.33
3465	95.32
3464	95.31
3463	95.3
3462	95.3
3461	95.3
3460	95.3
3459	95.3
3458	95.3
3457	95.29
3456	95.29
3455	95.3
3454	95.3
3453	95.31
3452	95.31
3451	95.31
3450	95.31
3449	95.31
3448	95.3
3447	95.3
3446	95.29
3445	95.28
3444	95.28
3443	95.28
3442	95.28
3441	95.27
3440	95.28
3439	95.28
3438	95.29
3437	95.29
3436	95.3
3435	95.3
3434	95.31
3433	95.32
3432	95.32
3431	95.32
3430	95.32
3429	95.3
3428	95.29
3427	95.27
3426	95.26
3425	95.26
3424	95.26
3423	95.27
3422	95.28
3421	95.28
3420	95.27
3419	95.27
3418	95.27
3417	95.27
3416	95.27
3415	95.28
3414	95.28
3413	95.28
3412	95.28
3411	95.28
3410	95.27
3409	95.27
3408	95.26
3407	95.25
3406	95.24
3405	95.24
3404	95.26
3403	95.27
3402	95.29
3401	95.29
3400	95.3
3399	95.29
3398	95.29
3397	95.28
3396	95.27
3395	95.26
3394	95.25
3393	95.25
3392	95.26
3391	95.26
3390	95.26
3389	95.26
3388	95.26
3387	95.26
3386	95.25
3385	95.24
3384	95.23
3383	95.23
3382	95.23
3381	95.23
3380	95.24
3379	95.24
3378	95.24
3377	95.25
3376	95.25
3375	95.26
3374	95.26
3373	95.26
3372	95.26
3371	95.26
3370	95.26
3369	95.26
3368	95.25
3367	95.25
3366	95.24
3365	95.24
3364	95.24
3363	95.24
3362	95.24
3361	95.24
3360	95.24
3359	95.23
3358	95.23
3357	95.23
3356	95.22
3355	95.22
3354	95.23
3353	95.23
3352	95.24
3351	95.24
3350	95.24
3349	95.24
3348	95.24
3347	95.23
3346	95.24
3345	95.24
3344	95.25
3343	95.25
3342	95.25
3341	95.25
3340	95.24
3339	95.24
3338	95.24
3337	95.23
3336	95.22
3335	95.22
3334	95.21
3333	95.2
3332	95.2
3331	95.2
3330	95.2
3329	95.2
3328	95.2
3327	95.2
3326	95.21
3325	95.21
3324	95.21
3323	95.22
3322	95.22
3321	95.22
3320	95.22
3319	95.22
3318	95.22
3317	95.22
3316	95.22
3315	95.22
3314	95.21
3313	95.21
3312	95.2
3311	95.2
3310	95.2
3309	95.21
3308	95.22
3307	95.23
3306	95.23
3305	95.22
3304	95.21
3303	95.2
3302	95.19
3301	95.18
3300	95.18
3299	95.19
3298	95.2
3297	95.21
3296	95.21
3295	95.21
3294	95.2
3293	95.19
3292	95.17
3291	95.16
3290	95.15
3289	95.15
3288	95.15
3287	95.15
3286	95.15
3285	95.15
3284	95.14
3283	95.14
3282	95.13
3281	95.13
3280	95.13
3279	95.13
3278	95.13
3277	95.14
3276	95.14
3275	95.14
3274	95.14
3273	95.14
3272	95.14
3271	95.14
3270	95.13
3269	95.13
3268	95.12
3267	95.12
3266	95.12
3265	95.13
3264	95.13
3263	95.13
3262	95.13
3261	95.13
3260	95.13
3259	95.14
3258	95.14
3257	95.14
3256	95.14
3255	95.14
3254	95.14
3253	95.14
3252	95.13
3251	95.13
3250	95.13
3249	95.14
3248	95.14
3247	95.14
3246	95.13
3245	95.12
3244	95.11
3243	95.11
3242	95.11
3241	95.12
3240	95.12
3239	95.12
3238	95.12
3237	95.12
3236	95.12
3235	95.12
3234	95.12
3233	95.12
3232	95.12
3231	95.11
3230	95.1
3229	95.1
3228	95.09
3227	95.09
3226	95.09
3225	95.09
3224	95.09
3223	95.09
3222	95.09
3221	95.09
3220	95.08
3219	95.08
3218	95.08
3217	95.08
3216	95.07
3215	95.07
3214	95.07
3213	95.06
3212	95.05
3211	95.04
3210	95.04
3209	95.03
3208	95.03
3207	95.03
3206	95.03
3205	95.04
3204	95.04
3203	95.03
3202	95.02
3201	95.01
3200	95
3199	95
3198	94.99
3197	94.99
3196	94.98
3195	94.97
3194	94.96
3193	94.96
3192	94.96
3191	94.95
3190	94.94
3189	94.94
3188	94.93
3187	94.92
3186	94.91
3185	94.9
3184	94.89
3183	94.88
3182	94.87
3181	94.86
3180	94.85
3179	94.84
3178	94.83
3177	94.82
3176	94.81
3175	94.79
3174	94.78
3173	94.77
3172	94.76
3171	94.75
3170	94.74
3169	94.74
3168	94.73
3167	94.72
3166	94.7
3165	94.69
3164	94.68
3163	94.68
3162	94.68
3161	94.68
3160	94.68
3159	94.69
3158	94.69
3157	94.69
3156	94.69
3155	94.69
3154	94.68
3153	94.68
3152	94.67
3151	94.66
3150	94.66
3149	94.65
3148	94.65
3147	94.65
3146	94.65
3145	94.65
3144	94.64
3143	94.64
3142	94.64
3141	94.64
3140	94.64
3139	94.64
3138	94.64
3137	94.64
3136	94.64
3135	94.64
3134	94.64
3133	94.63
3132	94.63
3131	94.63
3130	94.63
3129	94.62
3128	94.62
3127	94.61
3126	94.6
3125	94.59
3124	94.59
3123	94.58
3122	94.59
3121	94.59
3120	94.58
3119	94.57
3118	94.54
3117	94.51
3116	94.46
3115	94.38
3114	94.27
3113	94.13
3112	93.94
3111	93.68
3110	93.35
3109	92.98
3108	92.63
3107	92.36
3106	92.21
3105	92.19
3104	92.26
3103	92.35
3102	92.43
3101	92.44
3100	92.38
3099	92.25
3098	92.08
3097	91.93
3096	91.82
3095	91.78
3094	91.83
3093	91.93
3092	92.06
3091	92.19
3090	92.28
3089	92.33
3088	92.34
3087	92.33
3086	92.3
3085	92.27
3084	92.28
3083	92.31
3082	92.38
3081	92.48
3080	92.6
3079	92.73
3078	92.87
3077	93
3076	93.13
3075	93.24
3074	93.33
3073	93.4
3072	93.47
3071	93.53
3070	93.59
3069	93.65
3068	93.71
3067	93.76
3066	93.81
3065	93.85
3064	93.87
3063	93.89
3062	93.9
3061	93.92
3060	93.94
3059	93.96
3058	93.98
3057	94
3056	94.01
3055	94.03
3054	94.04
3053	94.05
3052	94.07
3051	94.08
3050	94.09
3049	94.1
3048	94.11
3047	94.13
3046	94.14
3045	94.15
3044	94.16
3043	94.17
3042	94.18
3041	94.18
3040	94.19
3039	94.21
3038	94.23
3037	94.25
3036	94.27
3035	94.28
3034	94.29
3033	94.31
3032	94.33
3031	94.35
3030	94.37
3029	94.39
3028	94.4
3027	94.41
3026	94.42
3025	94.43
3024	94.44
3023	94.45
3022	94.46
3021	94.47
3020	94.47
3019	94.48
3018	94.48
3017	94.49
3016	94.51
3015	94.52
3014	94.53
3013	94.54
3012	94.54
3011	94.55
3010	94.56
3009	94.57
3008	94.57
3007	94.57
3006	94.57
3005	94.58
3004	94.6
3003	94.61
3002	94.62
3001	94.62
3000	94.62
2999	94.62
2998	94.61
2997	94.61
2996	94.62
2995	94.63
2994	94.64
2993	94.64
2992	94.65
2991	94.64
2990	94.64
2989	94.63
2988	94.63
2987	94.62
2986	94.62
2985	94.62
2984	94.63
2983	94.63
2982	94.64
2981	94.65
2980	94.66
2979	94.65
2978	94.65
2977	94.63
2976	94.62
2975	94.6
2974	94.58
2973	94.56
2972	94.54
2971	94.52
2970	94.5
2969	94.48
2968	94.46
2967	94.44
2966	94.43
2965	94.43
2964	94.42
2963	94.42
2962	94.43
2961	94.44
2960	94.45
2959	94.47
2958	94.5
2957	94.52
2956	94.54
2955	94.57
2954	94.59
2953	94.6
2952	94.62
2951	94.63
2950	94.65
2949	94.67
2948	94.69
2947	94.71
2946	94.72
2945	94.72
2944	94.73
2943	94.73
2942	94.74
2941	94.74
2940	94.74
2939	94.75
2938	94.74
2937	94.74
2936	94.73
2935	94.72
2934	94.72
2933	94.72
2932	94.73
2931	94.74
2930	94.75
2929	94.76
2928	94.76
2927	94.76
2926	94.76
2925	94.76
2924	94.76
2923	94.76
2922	94.76
2921	94.75
2920	94.75
2919	94.76
2918	94.77
2917	94.77
2916	94.77
2915	94.78
2914	94.79
2913	94.8
2912	94.8
2911	94.81
2910	94.81
2909	94.82
2908	94.82
2907	94.82
2906	94.82
2905	94.83
2904	94.83
2903	94.83
2902	94.83
2901	94.83
2900	94.84
2899	94.84
2898	94.84
2897	94.84
2896	94.84
2895	94.84
2894	94.85
2893	94.86
2892	94.86
2891	94.86
2890	94.85
2889	94.85
2888	94.85
2887	94.85
2886	94.86
2885	94.87
2884	94.87
2883	94.88
2882	94.88
2881	94.88
2880	94.88
2879	94.88
2878	94.87
2877	94.87
2876	94.88
2875	94.88
2874	94.88
2873	94.88
2872	94.88
2871	94.87
2870	94.86
2869	94.86
2868	94.86
2867	94.86
2866	94.86
2865	94.86
2864	94.86
2863	94.85
2862	94.84
2861	94.84
2860	94.83
2859	94.82
2858	94.81
2857	94.81
2856	94.81
2855	94.81
2854	94.81
2853	94.8
2852	94.79
2851	94.79
2850	94.79
2849	94.79
2848	94.8
2847	94.8
2846	94.79
2845	94.78
2844	94.77
2843	94.77
2842	94.77
2841	94.77
2840	94.78
2839	94.77
2838	94.77
2837	94.76
2836	94.75
2835	94.74
2834	94.73
2833	94.72
2832	94.72
2831	94.71
2830	94.7
2829	94.69
2828	94.69
2827	94.69
2826	94.69
2825	94.68
2824	94.67
2823	94.66
2822	94.65
2821	94.65
2820	94.64
2819	94.63
2818	94.63
2817	94.63
2816	94.63
2815	94.62
2814	94.62
2813	94.62
2812	94.62
2811	94.63
2810	94.63
2809	94.64
2808	94.64
2807	94.64
2806	94.65
2805	94.65
2804	94.65
2803	94.65
2802	94.65
2801	94.66
2800	94.66
2799	94.67
2798	94.67
2797	94.67
2796	94.67
2795	94.67
2794	94.67
2793	94.67
2792	94.67
2791	94.67
2790	94.67
2789	94.66
2788	94.65
2787	94.64
2786	94.64
2785	94.63
2784	94.63
2783	94.63
2782	94.63
2781	94.64
2780	94.64
2779	94.64
2778	94.64
2777	94.64
2776	94.64
2775	94.64
2774	94.64
2773	94.64
2772	94.63
2771	94.62
2770	94.62
2769	94.61
2768	94.61
2767	94.61
2766	94.61
2765	94.61
2764	94.6
2763	94.6
2762	94.6
2761	94.6
2760	94.6
2759	94.6
2758	94.6
2757	94.6
2756	94.59
2755	94.59
2754	94.58
2753	94.58
2752	94.58
2751	94.59
2750	94.6
2749	94.61
2748	94.61
2747	94.61
2746	94.61
2745	94.61
2744	94.61
2743	94.61
2742	94.61
2741	94.61
2740	94.61
2739	94.61
2738	94.61
2737	94.61
2736	94.61
2735	94.61
2734	94.61
2733	94.61
2732	94.6
2731	94.59
2730	94.59
2729	94.59
2728	94.59
2727	94.59
2726	94.59
2725	94.59
2724	94.58
2723	94.58
2722	94.58
2721	94.57
2720	94.56
2719	94.56
2718	94.55
2717	94.54
2716	94.53
2715	94.53
2714	94.52
2713	94.51
2712	94.5
2711	94.49
2710	94.48
2709	94.48
2708	94.47
2707	94.47
2706	94.48
2705	94.48
2704	94.48
2703	94.48
2702	94.47
2701	94.47
2700	94.46
2699	94.44
2698	94.43
2697	94.41
2696	94.38
2695	94.35
2694	94.32
2693	94.29
2692	94.26
2691	94.25
2690	94.24
2689	94.25
2688	94.28
2687	94.3
2686	94.33
2685	94.35
2684	94.37
2683	94.38
2682	94.39
2681	94.41
2680	94.42
2679	94.43
2678	94.44
2677	94.45
2676	94.46
2675	94.46
2674	94.47
2673	94.48
2672	94.49
2671	94.49
2670	94.49
2669	94.48
2668	94.48
2667	94.47
2666	94.47
2665	94.47
2664	94.48
2663	94.48
2662	94.47
2661	94.47
2660	94.46
2659	94.46
2658	94.47
2657	94.47
2656	94.48
2655	94.48
2654	94.49
2653	94.49
2652	94.49
2651	94.5
2650	94.5
2649	94.51
2648	94.51
2647	94.51
2646	94.51
2645	94.52
2644	94.52
2643	94.53
2642	94.54
2641	94.55
2640	94.56
2639	94.56
2638	94.56
2637	94.56
2636	94.55
2635	94.55
2634	94.54
2633	94.54
2632	94.55
2631	94.55
2630	94.57
2629	94.58
2628	94.59
2627	94.6
2626	94.6
2625	94.6
2624	94.61
2623	94.61
2622	94.61
2621	94.61
2620	94.61
2619	94.61
2618	94.6
2617	94.6
2616	94.61
2615	94.61
2614	94.61
2613	94.6
2612	94.6
2611	94.59
2610	94.59
2609	94.59
2608	94.59
2607	94.59
2606	94.59
2605	94.59
2604	94.59
2603	94.58
2602	94.58
2601	94.58
2600	94.59
2599	94.6
2598	94.61
2597	94.61
2596	94.61
2595	94.61
2594	94.6
2593	94.6
2592	94.6
2591	94.61
2590	94.61
2589	94.61
2588	94.61
2587	94.61
2586	94.62
2585	94.63
2584	94.64
2583	94.64
2582	94.63
2581	94.63
2580	94.63
2579	94.63
2578	94.63
2577	94.63
2576	94.63
2575	94.63
2574	94.64
2573	94.64
2572	94.64
2571	94.64
2570	94.64
2569	94.64
2568	94.65
2567	94.66
2566	94.66
2565	94.66
2564	94.67
2563	94.66
2562	94.66
2561	94.65
2560	94.64
2559	94.63
2558	94.63
2557	94.62
2556	94.62
2555	94.63
2554	94.64
2553	94.65
2552	94.66
2551	94.66
2550	94.66
2549	94.66
2548	94.65
2547	94.64
2546	94.65
2545	94.65
2544	94.65
2543	94.66
2542	94.67
2541	94.67
2540	94.66
2539	94.65
2538	94.63
2537	94.62
2536	94.62
2535	94.63
2534	94.63
2533	94.64
2532	94.64
2531	94.63
2530	94.63
2529	94.62
2528	94.62
2527	94.62
2526	94.62
2525	94.62
2524	94.63
2523	94.63
2522	94.63
2521	94.62
2520	94.61
2519	94.61
2518	94.6
2517	94.6
2516	94.6
2515	94.59
2514	94.59
2513	94.59
2512	94.59
2511	94.6
2510	94.6
2509	94.61
2508	94.6
2507	94.59
2506	94.59
2505	94.58
2504	94.58
2503	94.58
2502	94.58
2501	94.58
2500	94.58
2499	94.58
2498	94.59
2497	94.6
2496	94.61
2495	94.62
2494	94.62
2493	94.61
2492	94.6
2491	94.59
2490	94.58
2489	94.58
2488	94.58
2487	94.59
2486	94.6
2485	94.6
2484	94.61
2483	94.61
2482	94.61
2481	94.6
2480	94.58
2479	94.57
2478	94.55
2477	94.54
2476	94.53
2475	94.51
2474	94.5
2473	94.48
2472	94.47
2471	94.46
2470	94.45
2469	94.44
2468	94.42
2467	94.39
2466	94.36
2465	94.33
2464	94.31
2463	94.29
2462	94.28
2461	94.27
2460	94.26
2459	94.25
2458	94.24
2457	94.24
2456	94.23
2455	94.24
2454	94.25
2453	94.28
2452	94.31
2451	94.35
2450	94.38
2449	94.4
2448	94.42
2447	94.43
2446	94.45
2445	94.46
2444	94.48
2443	94.49
2442	94.51
2441	94.52
2440	94.53
2439	94.54
2438	94.54
2437	94.55
2436	94.56
2435	94.57
2434	94.57
2433	94.57
2432	94.57
2431	94.57
2430	94.57
2429	94.56
2428	94.56
2427	94.56
2426	94.55
2425	94.54
2424	94.52
2423	94.5
2422	94.5
2421	94.5
2420	94.49
2419	94.49
2418	94.48
2417	94.47
2416	94.46
2415	94.45
2414	94.45
2413	94.44
2412	94.43
2411	94.42
2410	94.42
2409	94.42
2408	94.43
2407	94.43
2406	94.43
2405	94.41
2404	94.4
2403	94.39
2402	94.39
2401	94.39
2400	94.38
2399	94.37
2398	94.36
2397	94.36
2396	94.37
2395	94.38
2394	94.38
2393	94.39
2392	94.39
2391	94.39
2390	94.4
2389	94.4
2388	94.41
2387	94.42
2386	94.43
2385	94.45
2384	94.47
2383	94.49
2382	94.5
2381	94.5
2380	94.5
2379	94.5
2378	94.5
2377	94.5
2376	94.49
2375	94.48
2374	94.48
2373	94.47
2372	94.47
2371	94.48
2370	94.49
2369	94.52
2368	94.54
2367	94.55
2366	94.53
2365	94.51
2364	94.5
2363	94.5
2362	94.49
2361	94.48
2360	94.47
2359	94.45
2358	94.44
2357	94.42
2356	94.41
2355	94.4
2354	94.41
2353	94.42
2352	94.43
2351	94.44
2350	94.46
2349	94.47
2348	94.48
2347	94.48
2346	94.49
2345	94.48
2344	94.47
2343	94.46
2342	94.45
2341	94.44
2340	94.43
2339	94.42
2338	94.42
2337	94.41
2336	94.4
2335	94.39
2334	94.38
2333	94.37
2332	94.37
2331	94.38
2330	94.39
2329	94.39
2328	94.38
2327	94.35
2326	94.32
2325	94.28
2324	94.27
2323	94.27
2322	94.29
2321	94.3
2320	94.3
2319	94.32
2318	94.34
2317	94.37
2316	94.39
2315	94.39
2314	94.39
2313	94.38
2312	94.37
2311	94.37
2310	94.38
2309	94.38
2308	94.39
2307	94.39
2306	94.4
2305	94.4
2304	94.4
2303	94.4
2302	94.4
2301	94.41
2300	94.41
2299	94.42
2298	94.42
2297	94.42
2296	94.41
2295	94.4
2294	94.39
2293	94.39
2292	94.4
2291	94.4
2290	94.41
2289	94.4
2288	94.39
2287	94.4
2286	94.41
2285	94.43
2284	94.44
2283	94.44
2282	94.44
2281	94.45
2280	94.46
2279	94.47
2278	94.48
2277	94.48
2276	94.47
2275	94.46
2274	94.45
2273	94.44
2272	94.43
2271	94.43
2270	94.43
2269	94.43
2268	94.42
2267	94.41
2266	94.39
2265	94.37
2264	94.34
2263	94.29
2262	94.22
2261	94.15
2260	94.08
2259	94.02
2258	93.96
2257	93.91
2256	93.86
2255	93.84
2254	93.84
2253	93.85
2252	93.88
2251	93.91
2250	93.94
2249	93.95
2248	93.95
2247	93.95
2246	93.95
2245	93.95
2244	93.96
2243	93.97
2242	93.98
2241	93.97
2240	93.96
2239	93.96
2238	93.99
2237	94.02
2236	94.04
2235	94.04
2234	94.03
2233	94.04
2232	94.05
2231	94.06
2230	94.08
2229	94.11
2228	94.15
2227	94.18
2226	94.2
2225	94.22
2224	94.23
2223	94.24
2222	94.24
2221	94.26
2220	94.3
2219	94.33
2218	94.36
2217	94.37
2216	94.36
2215	94.37
2214	94.37
2213	94.36
2212	94.37
2211	94.39
2210	94.42
2209	94.44
2208	94.43
2207	94.4
2206	94.38
2205	94.38
2204	94.38
2203	94.38
2202	94.4
2201	94.42
2200	94.43
2199	94.44
2198	94.43
2197	94.4
2196	94.39
2195	94.39
2194	94.39
2193	94.37
2192	94.33
2191	94.29
2190	94.27
2189	94.26
2188	94.3
2187	94.36
2186	94.43
2185	94.47
2184	94.48
2183	94.45
2182	94.43
2181	94.43
2180	94.46
2179	94.51
2178	94.54
2177	94.54
2176	94.5
2175	94.45
2174	94.41
2173	94.38
2172	94.36
2171	94.34
2170	94.32
2169	94.29
2168	94.26
2167	94.24
2166	94.24
2165	94.24
2164	94.24
2163	94.25
2162	94.3
2161	94.38
2160	94.49
2159	94.62
2158	94.72
2157	94.77
2156	94.78
2155	94.79
2154	94.81
2153	94.81
2152	94.79
2151	94.75
2150	94.72
2149	94.68
2148	94.66
2147	94.64
2146	94.63
2145	94.6
2144	94.56
2143	94.53
2142	94.54
2141	94.56
2140	94.56
2139	94.55
2138	94.54
2137	94.55
2136	94.58
2135	94.62
2134	94.64
2133	94.62
2132	94.58
2131	94.54
2130	94.52
2129	94.51
2128	94.52
2127	94.54
2126	94.54
2125	94.52
2124	94.49
2123	94.46
2122	94.45
2121	94.45
2120	94.43
2119	94.41
2118	94.4
2117	94.4
2116	94.4
2115	94.4
2114	94.39
2113	94.35
2112	94.31
2111	94.3
2110	94.31
2109	94.31
2108	94.3
2107	94.28
2106	94.27
2105	94.27
2104	94.28
2103	94.31
2102	94.34
2101	94.35
2100	94.34
2099	94.33
2098	94.33
2097	94.35
2096	94.38
2095	94.4
2094	94.41
2093	94.4
2092	94.38
2091	94.37
2090	94.38
2089	94.39
2088	94.4
2087	94.41
2086	94.42
2085	94.42
2084	94.41
2083	94.4
2082	94.4
2081	94.4
2080	94.41
2079	94.41
2078	94.42
2077	94.41
2076	94.41
2075	94.4
2074	94.41
2073	94.41
2072	94.39
2071	94.35
2070	94.31
2069	94.28
2068	94.25
2067	94.24
2066	94.23
2065	94.23
2064	94.22
2063	94.21
2062	94.22
2061	94.22
2060	94.21
2059	94.18
2058	94.14
2057	94.08
2056	94.04
2055	94.03
2054	94.04
2053	94.06
2052	94.07
2051	94.07
2050	94.09
2049	94.12
2048	94.15
2047	94.17
2046	94.17
2045	94.15
2044	94.11
2043	94.1
2042	94.12
2041	94.18
2040	94.25
2039	94.31
2038	94.37
2037	94.41
2036	94.46
2035	94.52
2034	94.57
2033	94.6
2032	94.6
2031	94.61
2030	94.6
2029	94.59
2028	94.56
2027	94.55
2026	94.57
2025	94.59
2024	94.6
2023	94.59
2022	94.62
2021	94.67
2020	94.71
2019	94.73
2018	94.71
2017	94.66
2016	94.61
2015	94.58
2014	94.58
2013	94.59
2012	94.6
2011	94.64
2010	94.7
2009	94.78
2008	94.85
2007	94.91
2006	94.95
2005	94.96
2004	94.95
2003	94.94
2002	94.96
2001	94.98
2000	94.99
1999	94.96
1998	94.9
1997	94.85
1996	94.81
1995	94.8
1994	94.84
1993	94.9
1992	94.93
1991	94.91
1990	94.84
1989	94.76
1988	94.69
1987	94.68
1986	94.7
1985	94.74
1984	94.77
1983	94.8
1982	94.83
1981	94.86
1980	94.87
1979	94.88
1978	94.86
1977	94.83
1976	94.81
1975	94.79
1974	94.78
1973	94.77
1972	94.76
1971	94.75
1970	94.73
1969	94.71
1968	94.7
1967	94.72
1966	94.74
1965	94.76
1964	94.75
1963	94.74
1962	94.73
1961	94.72
1960	94.71
1959	94.71
1958	94.7
1957	94.68
1956	94.65
1955	94.61
1954	94.58
1953	94.57
1952	94.56
1951	94.55
1950	94.55
1949	94.54
1948	94.53
1947	94.52
1946	94.5
1945	94.48
1944	94.45
1943	94.41
1942	94.37
1941	94.34
1940	94.33
1939	94.34
1938	94.34
1937	94.35
1936	94.35
1935	94.36
1934	94.39
1933	94.41
1932	94.42
1931	94.41
1930	94.41
1929	94.41
1928	94.42
1927	94.44
1926	94.45
1925	94.44
1924	94.42
1923	94.38
1922	94.35
1921	94.32
1920	94.32
1919	94.36
1918	94.39
1917	94.39
1916	94.36
1915	94.33
1914	94.32
1913	94.34
1912	94.36
1911	94.37
1910	94.37
1909	94.37
1908	94.35
1907	94.34
1906	94.33
1905	94.32
1904	94.32
1903	94.32
1902	94.32
1901	94.31
1900	94.29
1899	94.27
1898	94.27
1897	94.28
1896	94.28
1895	94.29
1894	94.28
1893	94.26
1892	94.24
1891	94.23
1890	94.23
1889	94.22
1888	94.2
1887	94.19
1886	94.18
1885	94.2
1884	94.21
1883	94.23
1882	94.24
1881	94.23
1880	94.23
1879	94.22
1878	94.22
1877	94.22
1876	94.22
1875	94.24
1874	94.25
1873	94.26
1872	94.27
1871	94.28
1870	94.29
1869	94.3
1868	94.29
1867	94.28
1866	94.28
1865	94.29
1864	94.29
1863	94.31
1862	94.32
1861	94.33
1860	94.32
1859	94.31
1858	94.31
1857	94.31
1856	94.31
1855	94.31
1854	94.3
1853	94.29
1852	94.28
1851	94.28
1850	94.28
1849	94.28
1848	94.27
1847	94.26
1846	94.26
1845	94.28
1844	94.29
1843	94.29
1842	94.28
1841	94.27
1840	94.27
1839	94.27
1838	94.29
1837	94.29
1836	94.29
1835	94.29
1834	94.28
1833	94.27
1832	94.27
1831	94.27
1830	94.27
1829	94.26
1828	94.24
1827	94.24
1826	94.24
1825	94.26
1824	94.26
1823	94.26
1822	94.26
1821	94.26
1820	94.25
1819	94.25
1818	94.25
1817	94.25
1816	94.24
1815	94.24
1814	94.23
1813	94.22
1812	94.21
1811	94.2
1810	94.2
1809	94.2
1808	94.18
1807	94.17
1806	94.15
1805	94.14
1804	94.11
1803	94.09
1802	94.07
1801	94.04
1800	94.01
1799	93.96
1798	93.91
1797	93.85
1796	93.79
1795	93.72
1794	93.65
1793	93.57
1792	93.46
1791	93.35
1790	93.24
1789	93.13
1788	93.02
1787	92.9
1786	92.79
1785	92.68
1784	92.58
1783	92.5
1782	92.45
1781	92.4
1780	92.36
1779	92.32
1778	92.29
1777	92.28
1776	92.27
1775	92.27
1774	92.29
1773	92.32
1772	92.36
1771	92.38
1770	92.39
1769	92.41
1768	92.44
1767	92.48
1766	92.53
1765	92.58
1764	92.62
1763	92.68
1762	92.74
1761	92.79
1760	92.82
1759	92.84
1758	92.86
1757	92.88
1756	92.9
1755	92.91
1754	92.91
1753	92.9
1752	92.89
1751	92.86
1750	92.82
1749	92.76
1748	92.7
1747	92.64
1746	92.58
1745	92.51
1744	92.44
1743	92.36
1742	92.29
1741	92.23
1740	92.17
1739	92.12
1738	92.07
1737	92.02
1736	91.96
1735	91.92
1734	91.89
1733	91.87
1732	91.86
1731	91.85
1730	91.85
1729	91.86
1728	91.87
1727	91.87
1726	91.88
1725	91.89
1724	91.9
1723	91.91
1722	91.92
1721	91.92
1720	91.91
1719	91.91
1718	91.92
1717	91.9
1716	91.87
1715	91.85
1714	91.82
1713	91.79
1712	91.76
1711	91.72
1710	91.7
1709	91.67
1708	91.63
1707	91.58
1706	91.52
1705	91.46
1704	91.39
1703	91.33
1702	91.29
1701	91.26
1700	91.23
1699	91.19
1698	91.16
1697	91.14
1696	91.13
1695	91.13
1694	91.13
1693	91.14
1692	91.15
1691	91.17
1690	91.2
1689	91.23
1688	91.25
1687	91.27
1686	91.3
1685	91.37
1684	91.42
1683	91.44
1682	91.45
1681	91.47
1680	91.48
1679	91.49
1678	91.49
1677	91.49
1676	91.49
1675	91.5
1674	91.5
1673	91.49
1672	91.49
1671	91.48
1670	91.48
1669	91.47
1668	91.46
1667	91.45
1666	91.44
1665	91.44
1664	91.43
1663	91.41
1662	91.38
1661	91.35
1660	91.31
1659	91.28
1658	91.24
1657	91.21
1656	91.17
1655	91.14
1654	91.15
1653	91.12
1652	91.09
1651	91.09
1650	91.09
1649	91.09
1648	91.09
1647	91.09
1646	91.08
1645	91.06
1644	91.06
1643	91.04
1642	91.03
1641	91.01
1640	91
1639	90.98
1638	90.97
1637	90.96
1636	90.93
1635	90.88
1634	90.85
1633	90.84
1632	90.86
1631	90.89
1630	90.94
1629	91.01
1628	91.1
1627	91.18
1626	91.27
1625	91.37
1624	91.5
1623	91.63
1622	91.75
1621	91.84
1620	91.92
1619	91.99
1618	92.09
1617	92.2
1616	92.3
1615	92.36
1614	92.39
1613	92.43
1612	92.47
1611	92.53
1610	92.58
1609	92.63
1608	92.67
1607	92.7
1606	92.74
1605	92.77
1604	92.8
1603	92.83
1602	92.85
1601	92.87
1600	92.89
1599	92.89
1598	92.89
1597	92.9
1596	92.9
1595	92.91
1594	92.91
1593	92.91
1592	92.92
1591	92.93
1590	92.95
1589	92.97
1588	93
1587	93.01
1586	93.02
1585	93.02
1584	93.02
1583	93.02
1582	93.02
1581	93.02
1580	93.02
1579	93.02
1578	93.04
1577	93.08
1576	93.14
1575	93.17
1574	93.18
1573	93.18
1572	93.18
1571	93.2
1570	93.22
1569	93.24
1568	93.25
1567	93.26
1566	93.26
1565	93.28
1564	93.3
1563	93.3
1562	93.29
1561	93.31
1560	93.38
1559	93.42
1558	93.39
1557	93.35
1556	93.33
1555	93.32
1554	93.33
1553	93.34
1552	93.35
1551	93.35
1550	93.36
1549	93.36
1548	93.36
1547	93.36
1546	93.37
1545	93.37
1544	93.38
1543	93.37
1542	93.37
1541	93.37
1540	93.36
1539	93.34
1538	93.34
1537	93.33
1536	93.31
1535	93.31
1534	93.32
1533	93.33
1532	93.34
1531	93.34
1530	93.35
1529	93.35
1528	93.35
1527	93.35
1526	93.35
1525	93.35
1524	93.36
1523	93.36
1522	93.38
1521	93.4
1520	93.4
1519	93.39
1518	93.39
1517	93.39
1516	93.4
1515	93.4
1514	93.4
1513	93.4
1512	93.39
1511	93.39
1510	93.38
1509	93.38
1508	93.39
1507	93.4
1506	93.4
1505	93.41
1504	93.41
1503	93.4
1502	93.38
1501	93.38
1500	93.38
1499	93.38
1498	93.38
1497	93.4
1496	93.4
1495	93.39
1494	93.37
1493	93.33
1492	93.27
1491	93.21
1490	93.14
1489	93.08
1488	93.04
1487	93.01
1486	92.99
1485	92.98
1484	92.97
1483	92.97
1482	92.97
1481	92.97
1480	92.97
1479	92.97
1478	92.99
1477	93.02
1476	93.05
1475	93.08
1474	93.11
1473	93.15
1472	93.2
1471	93.24
1470	93.27
1469	93.29
1468	93.31
1467	93.33
1466	93.35
1465	93.37
1464	93.4
1463	93.42
1462	93.44
1461	93.44
1460	93.45
1459	93.46
1458	93.5
1457	93.56
1456	93.6
1455	93.63
1454	93.64
1453	93.64
1452	93.63
1451	93.61
1450	93.59
1449	93.55
1448	93.52
1447	93.49
1446	93.47
1445	93.45
1444	93.43
1443	93.41
1442	93.38
1441	93.35
1440	93.31
1439	93.25
1438	93.21
1437	93.19
1436	93.18
1435	93.18
1434	93.17
1433	93.17
1432	93.17
1431	93.17
1430	93.16
1429	93.15
1428	93.14
1427	93.12
1426	93.08
1425	93.03
1424	92.98
1423	92.91
1422	92.83
1421	92.74
1420	92.59
1419	92.35
1418	92.02
1417	91.58
1416	91.03
1415	90.3
1414	89.38
1413	88.25
1412	86.98
1411	85.75
1410	84.77
1409	84.15
1408	83.93
1407	84.08
1406	84.51
1405	85.1
1404	85.73
1403	86.34
1402	86.9
1401	87.43
1400	87.96
1399	88.51
1398	89.02
1397	89.45
1396	89.85
1395	90.23
1394	90.57
1393	90.85
1392	91.06
1391	91.23
1390	91.38
1389	91.52
1388	91.65
1387	91.77
1386	91.86
1385	91.95
1384	92.02
1383	92.09
1382	92.15
1381	92.2
1380	92.24
1379	92.28
1378	92.32
1377	92.35
1376	92.39
1375	92.42
1374	92.45
1373	92.48
1372	92.51
1371	92.54
1370	92.56
1369	92.59
1368	92.61
1367	92.63
1366	92.64
1365	92.64
1364	92.64
1363	92.63
1362	92.63
1361	92.62
1360	92.59
1359	92.56
1358	92.52
1357	92.49
1356	92.46
1355	92.44
1354	92.43
1353	92.43
1352	92.44
1351	92.46
1350	92.48
1349	92.5
1348	92.52
1347	92.54
1346	92.56
1345	92.59
1344	92.61
1343	92.62
1342	92.61
1341	92.61
1340	92.61
1339	92.62
1338	92.64
1337	92.66
1336	92.69
1335	92.72
1334	92.75
1333	92.77
1332	92.79
1331	92.8
1330	92.82
1329	92.83
1328	92.84
1327	92.85
1326	92.85
1325	92.86
1324	92.86
1323	92.86
1322	92.86
1321	92.86
1320	92.86
1319	92.86
1318	92.86
1317	92.85
1316	92.85
1315	92.84
1314	92.84
1313	92.85
1312	92.85
1311	92.85
1310	92.85
1309	92.85
1308	92.85
1307	92.85
1306	92.86
1305	92.86
1304	92.87
1303	92.88
1302	92.88
1301	92.89
1300	92.9
1299	92.9
1298	92.89
1297	92.89
1296	92.89
1295	92.89
1294	92.88
1293	92.88
1292	92.87
1291	92.88
1290	92.89
1289	92.89
1288	92.89
1287	92.88
1286	92.87
1285	92.87
1284	92.86
1283	92.86
1282	92.85
1281	92.84
1280	92.83
1279	92.82
1278	92.82
1277	92.8
1276	92.79
1275	92.77
1274	92.75
1273	92.71
1272	92.67
1271	92.61
1270	92.53
1269	92.42
1268	92.29
1267	92.16
1266	92.02
1265	91.89
1264	91.78
1263	91.7
1262	91.64
1261	91.61
1260	91.56
1259	91.47
1258	91.33
1257	91.19
1256	91.13
1255	91.21
1254	91.42
1253	91.68
1252	91.91
1251	92.09
1250	92.22
1249	92.31
1248	92.37
1247	92.42
1246	92.46
1245	92.49
1244	92.51
1243	92.53
1242	92.55
1241	92.56
1240	92.58
1239	92.6
1238	92.63
1237	92.66
1236	92.69
1235	92.71
1234	92.73
1233	92.76
1232	92.79
1231	92.82
1230	92.85
1229	92.87
1228	92.89
1227	92.92
1226	92.94
1225	92.96
1224	92.98
1223	93
1222	93.02
1221	93.04
1220	93.06
1219	93.07
1218	93.09
1217	93.11
1216	93.12
1215	93.14
1214	93.17
1213	93.19
1212	93.2
1211	93.21
1210	93.22
1209	93.24
1208	93.27
1207	93.3
1206	93.33
1205	93.35
1204	93.37
1203	93.39
1202	93.4
1201	93.41
1200	93.42
1199	93.42
1198	93.42
1197	93.4
1196	93.36
1195	93.25
1194	93.07
1193	92.84
1192	92.6
1191	92.44
1190	92.39
1189	92.44
1188	92.58
1187	92.75
1186	92.93
1185	93.09
1184	93.2
1183	93.28
1182	93.34
1181	93.4
1180	93.44
1179	93.48
1178	93.51
1177	93.52
1176	93.53
1175	93.54
1174	93.56
1173	93.59
1172	93.61
1171	93.64
1170	93.67
1169	93.68
1168	93.7
1167	93.72
1166	93.75
1165	93.78
1164	93.8
1163	93.83
1162	93.87
1161	93.91
1160	93.94
1159	93.97
1158	93.99
1157	94.01
1156	94.04
1155	94.07
1154	94.1
1153	94.15
1152	94.19
1151	94.24
1150	94.29
1149	94.34
1148	94.39
1147	94.43
1146	94.47
1145	94.5
1144	94.53
1143	94.56
1142	94.59
1141	94.63
1140	94.66
1139	94.71
1138	94.76
1137	94.8
1136	94.82
1135	94.84
1134	94.87
1133	94.9
1132	94.93
1131	94.98
1130	95.03
1129	95.07
1128	95.1
1127	95.13
1126	95.17
1125	95.22
1124	95.28
1123	95.34
1122	95.41
1121	95.49
1120	95.55
1119	95.6
1118	95.65
1117	95.69
1116	95.72
1115	95.74
1114	95.72
1113	95.63
1112	95.33
1111	94.46
1110	92.32
1109	88.23
1108	82.22
1107	75.56
1106	70.24
1105	67.77
1104	68.36
1103	71.06
1102	74.57
1101	77.82
1100	80.23
1099	81.7
1098	82.51
1097	83.15
1096	84
1095	85.07
1094	86.14
1093	87.03
1092	87.69
1091	88.19
1090	88.58
1089	88.92
1088	89.22
1087	89.49
1086	89.71
1085	89.9
1084	90.06
1083	90.2
1082	90.31
1081	90.41
1080	90.5
1079	90.57
1078	90.62
1077	90.69
1076	90.76
1075	90.83
1074	90.88
1073	90.93
1072	90.97
1071	91
1070	91.01
1069	91.01
1068	91
1067	90.97
1066	90.91
1065	90.84
1064	90.76
1063	90.67
1062	90.56
1061	90.44
1060	90.34
1059	90.27
1058	90.24
1057	90.24
1056	90.26
1055	90.31
1054	90.34
1053	90.36
1052	90.34
1051	90.3
1050	90.24
1049	90.16
1048	90.1
1047	90.06
1046	90.06
1045	90.11
1044	90.21
1043	90.38
1042	90.58
1041	90.81
1040	91.04
1039	91.25
1038	91.42
1037	91.56
1036	91.68
1035	91.8
1034	91.9
1033	91.99
1032	92.07
1031	92.12
1030	92.17
1029	92.2
1028	92.22
1027	92.23
1026	92.23
1025	92.21
1024	92.19
1023	92.16
1022	92.11
1021	92.05
1020	91.99
1019	91.92
1018	91.82
1017	91.68
1016	91.47
1015	91.2
1014	90.86
1013	90.43
1012	89.86
1011	89.11
1010	88.12
1009	86.83
1008	85.17
1007	83.1
1006	80.6
1005	77.74
1004	74.69
1003	71.76
1002	69.25
1001	67.43
1000	66.45
999	66.33
998	66.95
997	68.1
996	69.58
995	71.23
994	72.91
993	74.53
992	76.06
991	77.47
990	78.75
989	79.88
988	80.88
987	81.74
986	82.5
985	83.16
984	83.77
983	84.33
982	84.88
981	85.4
980	85.87
979	86.31
978	86.7
977	87.05
976	87.38
975	87.68
974	87.95
973	88.2
972	88.41
971	88.6
970	88.79
969	88.97
968	89.15
967	89.32
966	89.48
965	89.63
964	89.77
963	89.91
962	90.03
961	90.15
960	90.25
959	90.35
958	90.45
957	90.54
956	90.63
955	90.72
954	90.82
953	90.92
952	91
951	91.07
950	91.14
949	91.22
948	91.29
947	91.36
946	91.44
945	91.5
944	91.54
943	91.57
942	91.6
941	91.64
940	91.69
939	91.74
938	91.79
937	91.84
936	91.88
935	91.93
934	91.99
933	92.04
932	92.08
931	92.12
930	92.15
929	92.18
928	92.21
927	92.23
926	92.25
925	92.28
924	92.31
923	92.34
922	92.37
921	92.4
920	92.43
919	92.45
918	92.47
917	92.5
916	92.53
915	92.56
914	92.6
913	92.63
912	92.67
911	92.68
910	92.69
909	92.7
908	92.7
907	92.71
906	92.71
905	92.71
904	92.71
903	92.71
902	92.71
901	92.7
900	92.69
899	92.66
898	92.62
897	92.58
896	92.57
895	92.57
894	92.58
893	92.59
892	92.6
891	92.6
890	92.6
889	92.6
888	92.61
887	92.6
886	92.57
885	92.51
884	92.45
883	92.38
882	92.34
881	92.32
880	92.32
879	92.33
878	92.33
877	92.34
876	92.32
875	92.29
874	92.25
873	92.22
872	92.17
871	92.11
870	92.02
869	91.92
868	91.83
867	91.75
866	91.68
865	91.62
864	91.57
863	91.51
862	91.4
861	91.25
860	91.04
859	90.78
858	90.48
857	90.22
856	90.03
855	89.92
854	89.9
853	90
852	90.2
851	90.44
850	90.68
849	90.9
848	91.06
847	91.16
846	91.18
845	91.17
844	91.18
843	91.28
842	91.47
841	91.74
840	92.03
839	92.28
838	92.45
837	92.56
836	92.62
835	92.64
834	92.58
833	92.44
832	92.21
831	91.91
830	91.51
829	90.96
828	90.27
827	89.44
826	88.4
825	87.08
824	85.36
823	83.21
822	80.66
821	77.8
820	74.78
819	71.72
818	68.73
817	65.91
816	63.43
815	61.5
814	60.28
813	59.81
812	60.02
811	60.78
810	61.89
809	63.19
808	64.58
807	66.02
806	67.44
805	68.79
804	70.07
803	71.27
802	72.36
801	73.33
800	74.16
799	74.85
798	75.39
797	75.76
796	75.97
795	76.05
794	76
793	75.81
792	75.53
791	75.2
790	74.87
789	74.55
788	74.27
787	74.09
786	74.04
785	74.13
784	74.37
783	74.76
782	75.29
781	75.92
780	76.62
779	77.38
778	78.14
777	78.89
776	79.6
775	80.27
774	80.89
773	81.46
772	81.98
771	82.46
770	82.91
769	83.31
768	83.68
767	84.01
766	84.31
765	84.56
764	84.79
763	85
762	85.2
761	85.39
760	85.56
759	85.72
758	85.87
757	86
756	86.12
755	86.24
754	86.38
753	86.54
752	86.71
751	86.87
750	87.01
749	87.13
748	87.23
747	87.34
746	87.47
745	87.6
744	87.74
743	87.85
742	87.95
741	88.03
740	88.11
739	88.18
738	88.25
737	88.33
736	88.41
735	88.47
734	88.52
733	88.54
732	88.57
731	88.6
730	88.67
729	88.74
728	88.81
727	88.87
726	88.93
725	88.99
724	89.06
723	89.12
722	89.18
721	89.24
720	89.29
719	89.34
718	89.39
717	89.44
716	89.49
715	89.57
714	89.65
713	89.72
712	89.78
711	89.84
710	89.9
709	89.98
708	90.06
707	90.15
706	90.24
705	90.32
704	90.42
703	90.53
702	90.65
701	90.78
700	90.89
699	90.98
698	91.04
697	91.07
696	91.06
695	91.03
694	90.97
693	90.89
692	90.82
691	90.76
690	90.71
689	90.69
688	90.71
687	90.77
686	90.84
685	90.87
684	90.86
683	90.83
682	90.8
681	90.8
680	90.81
679	90.83
678	90.85
677	90.87
676	90.89
675	90.92
674	90.95
673	90.97
672	90.99
671	91.02
670	91.05
669	91.05
668	90.98
667	90.92
666	90.95
665	91.02
664	91.08
663	91.12
662	91.13
661	91.14
660	91.15
659	91.16
658	91.19
657	91.24
656	91.29
655	91.33
654	91.34
653	91.33
652	91.32
651	91.32
650	91.33
649	91.34
648	91.35
647	91.34
646	91.33
645	91.33
644	91.35
643	91.4
642	91.48
641	91.56
640	91.62
639	91.66
638	91.67
637	91.66
636	91.66
635	91.7
634	91.76
633	91.82
632	91.86
631	91.88
630	91.89
629	91.91
628	91.94
627	91.99
626	92.04
625	92.08
624	92.1
623	92.09
622	92.09
621	92.1
620	92.14
619	92.21
618	92.3
617	92.36
616	92.38
615	92.37
614	92.39
613	92.43
612	92.48
611	92.53
610	92.55
609	92.57
608	92.57
607	92.58
606	92.59
605	92.63
604	92.69
603	92.74
602	92.78
601	92.79
600	92.76
599	92.74
598	92.76
597	92.8
596	92.85
595	92.86
594	92.83
593	92.81
592	92.81
591	92.84
590	92.91
589	93
588	93.06
587	93.1
586	93.12
585	93.15
584	93.18
583	93.21
582	93.25
581	93.31
580	93.36
579	93.34
578	93.29
577	93.23
576	93.23
575	93.26
574	93.3
573	93.33
572	93.35
571	93.37
570	93.41
569	93.44
568	93.47
567	93.48
566	93.51
565	93.57
564	93.67
563	93.78
562	93.89
561	93.99
560	94.08
559	94.13
558	94.15
557	94.16
556	94.19
555	94.24
554	94.31
553	94.39
552	94.47
551	94.55
550	94.63
549	94.71
548	94.83
547	94.97
546	95.12
545	95.22
544	95.26
543	95.25
542	95.22
541	95.21
540	95.22
539	95.27
538	95.33
537	95.4
536	95.42
535	95.39
534	95.35
533	95.35
532	95.41
531	95.53
530	95.66
529	95.74
528	95.73
527	95.65
526	95.57
525	95.55
524	95.6
523	95.64
522	95.67
521	95.67
520	95.66
519	95.64
518	95.6
517	95.57
516	95.56
515	95.57
514	95.56
513	95.51
512	95.42
511	95.29
510	95.11
509	94.87
508	94.53
507	94.06
506	93.49
505	92.82
504	91.97
503	90.81
502	89.28
501	87.45
500	85.41
499	83.2
498	80.82
497	78.34
496	75.94
495	73.8
494	72.02
493	70.56
492	69.39
491	68.54
490	68.01
489	67.68
488	67.45
487	67.3
486	67.26
485	67.34
484	67.52
483	67.73
482	67.72
481	67.17
480	65.89
479	64.02
478	61.8
477	59.51
476	57.42
475	55.8
474	54.75
473	54.12
472	53.88
471	54.18
470	55.04
469	56.22
468	57.55
467	59.02
466	60.59
465	62.13
464	63.62
463	65.13
462	66.66
461	68.09
460	69.4
459	70.73
458	72.09
457	73.28
456	74.18
455	74.98
454	75.85
453	76.8
452	77.7
451	78.49
450	79.19
449	79.82
448	80.42
447	81.03
446	81.66
445	82.26
444	82.82
443	83.41
442	84.07
441	84.75
440	85.37
439	85.93
438	86.42
437	86.84
436	87.22
435	87.61
434	88.04
433	88.42
432	88.72
431	88.95
430	89.18
429	89.46
428	89.74
427	90.05
426	90.44
425	90.94
424	91.5
423	92.01
422	92.32
421	92.45
420	92.54
419	92.73
418	92.92
417	92.93
416	92.83
415	92.82
414	93
413	93.33
412	93.73
411	94.16
410	94.6
409	94.99
408	95.3
407	95.5
406	95.51
405	95.32
404	95.08
403	95.01
402	95.2
401	95.52
400	95.9