3912.442559667811	99.23057709348853
3910.5375093139282	98.07077400278054
3909.6618357903913	98.84426628456396
3909.4939425541143	99.84615965097896
3909.017386958251	97.74756873056481
3908.2068422165025	99.6448779666728
3883.579824547078	98.9884074775984
3882.4962622780986	99.3840292963095
3881.9290208940542	98.60194383936623
3881.647817513025	98.21529495348844
3876.789722793432	99.72754636915546
3862.924100933963	97.35657022996855
3853.7222037519937	99.80097311902814
3848.8471467447143	98.78218516733524
3848.463223343286	98.39555017503088
3847.001950266777	99.4714405282296
3845.7522854552753	99.1692906886594
3819.168009310259	99.98141358821617
3817.550524783657	98.22396454330212
3817.5235681034865	98.61065510990015
3817.36166058967	99.3744635710103
3816.8460512941188	98.99743366912983
3814.5986008722375	97.83767689033323
3813.1423088018173	99.73967044548613
3800.6606401374356	97.47507729255051
3794.443626894021	96.68034222450274
3793.8345900982526	97.06711152135014
3789.808166217943	99.45808435823014
3789.740355935527	97.84103913510071
3788.2068389561628	98.22793347410891
3784.972843106085	99.10281063452656
3784.721641589205	98.61509179101205
3782.479265311227	99.78131474179338
3764.3649791112766	98.95839330672041
3748.38778972607	99.720306244453
3748.319742526248	99.35823587725652
3738.815118477313	98.38928880460992
3736.9649316648884	97.93606075710889
3732.0988950994983	97.60276203536357
3730.9788115518722	97.21622661366872
3728.8909245846626	91.80289212705829
3728.317927698252	96.82989959557516
3728.2618377115627	95.66984642054561
3727.149472815837	96.05668379590277
3726.797236071068	96.44341835881664
3724.845497081996	93.3501869804315
3724.701253728167	92.96351956978917
3724.5103803406273	93.73691922774981
3724.488530360738	92.57686142152912
3724.224446983109	92.19021022005577
3724.101241560108	95.28372224862397
3723.66166349726	94.1237209429352
3723.4977467898907	94.51043003429778
3722.5805499329235	94.89724101186545
3713.6551470845934	99.2135227321163
3708.7203793564095	99.48662870482015
3699.9085587311247	96.4470552332187
3699.387675302497	96.0604387656789
3697.702631642673	95.67397975863787
3697.5095816287844	94.51394510837288
3697.2087048942153	94.90067272450003
3696.830817445086	96.8341584389473
3696.805108139247	95.28741423420061
3685.7655366069953	97.21575075877911
3682.5785745129574	98.01958248315024
3681.5859889712647	97.62820484600499
3680.5449337033924	98.41412656375005
3668.6758960981724	99.61508173786859
3665.381775430007	98.22445875755659
3665.342895142858	99.1585389153093
3661.4836110512424	98.77237398890563
3659.8492576704343	100.00296252058956
3643.089288951518	97.81124641007551
3642.2796321717997	99.34553747177216
3641.6807901013967	99.71780155734888
3636.5679785236734	98.9515107777878
3634.403574768651	98.56511660742271
3632.615811088428	98.17867149395508
3632.12188433997	97.40536445981725
3628.3482002653536	97.01918795543573
3627.9300368571253	96.63255759432252
3612.1565070742226	95.8613172292308
3611.726022406125	96.25475825311412
3610.3807273963794	95.47487049484627
3608.940499785175	95.08837837478859
3608.3646774703307	98.84986539465194
3608.3107641099905	99.62324652784802
3608.200760762961	99.23657448601455
3604.8649134501134	98.4636518407413
3604.1237721782327	94.31565602853215
3603.297379707677	94.71710195603411
3599.28479693851	98.09278539266916
3599.2701884270514	97.16373437769491
3598.9462478248215	93.92966940298734
3590.4043733411663	97.67685429153804
3588.986898626086	96.26285578055555
3583.7269833842665	96.51549960707348
3579.414396205398	97.33984323206069
3574.055562783869	98.57327908180656
3571.869773674967	98.96026164500597
3571.2872707915585	95.12862458359103
3571.0131144708807	98.17528588740119
3570.643993988991	95.51539851162958
3570.1376772136227	95.90215391490358
3569.858608600744	99.34722058913056
3569.7447961576036	96.29592464651611
3569.4998419769277	96.809196781823
3569.436301230812	99.98003812444765
3569.1306840552043	99.68127593172834
3555.6657630111367	96.6306140377742
3555.057214561024	98.83364001649375
3553.8158102558086	97.00510102978632
3548.2830092059244	97.38155087497651
3547.9325305055145	97.77148095977682
3544.648026459587	98.54210329241093
3541.31043784566	96.22243320055719
3530.323773432543	98.15735382341924
3527.402662185623	95.86864506762322
3525.2777848817127	97.76549051403751
3523.1232178034606	95.46749810167086
3521.319380574813	94.6783894433641
3520.28470569242	98.86177880305966
3520.0568535759157	98.54542941388752
3515.3481803982568	95.10103736527387
3512.604922120453	97.38637657614416
3509.5947315959957	93.90660143992012
3508.9075246135544	94.3263375814466
3508.7139513721777	96.22684209452227
3505.9721974780477	97.0005867762228
3505.1089139814208	96.61401662059441
3492.166379772963	95.26236296352775
3492.05404332965	94.90331173158452
3485.746963281649	94.53845173734653
3482.7296371653815	94.12115526304375
3479.3154557212483	95.724024217128
3475.140094555179	95.33301963166116
3471.4523925366807	96.56332790277017
3468.2122288809774	96.11681633945943
3464.4273070758722	98.44749361485464
3464.4200237492423	98.06080767944775
3462.7422717876884	97.68137835743775
3461.522013198163	96.90113889328279
3461.3590173711723	98.65882876013612
3454.8146274814353	97.26139153339422
3454.0564359698196	96.33969496021638
3450.1007524458564	96.86753033918143
3438.0152523049114	94.63692685220879
3431.4285633097898	95.60453504749688
3426.863043033366	97.65185909365513
3421.266341373128	96.53161460850953
3420.7982550862	98.06670781695982
3416.9209803406443	96.90717148286146
3416.6810324005714	98.51254054688928
3416.226439801734	97.24122231004787
3414.259823013457	98.85854270311752
3400.74611833134	98.30377571269037
3392.44677600832	98.69158517506776
3388.178802414188	99.60614971389035
3386.358835826183	97.89559919791844
3371.718148708642	99.40297024149828
3366.3293090100706	99.0154038742788
3363.878610986837	99.71099061891265
3360.012213791934	98.56707652751307
3353.2714196512934	98.20892183904125
3340.4461679306746	97.40966220519496
3335.735700850133	97.82335126537382
3333.972911067057	99.16318366922312
3325.221081014636	99.49631553576765
3317.2020239828125	98.05435488645965
3314.97018015278	98.41903481807017
3311.5266730920684	97.62449389978698
3310.0813094798436	97.23800247440795
3308.6738735817526	98.79079941441479
3301.431978197342	99.59444723418576
3297.209243549439	99.17317811050214
3295.1137718765663	98.41414903864823
3275.4123012180535	99.52225164894458
3274.382084003866	99.75629601810272
3264.026012761039	99.14251300916945
3261.98181578737	98.38406289134127
3261.414204655901	97.59611859167356
3261.183658067328	98.72764843414288
3258.9414195891995	98.00071665121165
3239.247857707739	98.34612556288155
3231.465029515006	98.85690191068996
3224.1611683607744	99.38984280330497
3220.0437612880205	99.6757622505769
3203.4688985018283	98.370299253708
3203.3297166414245	98.77458167772195
3203.281216941491	97.97895060418698
3201.6825127935163	97.6041977046169
3200.83634930029	97.21762523339294
3199.030494506449	99.17591143951282
3178.739447894852	99.4704287982132
3168.0026942711497	98.34697361116575
3163.1305254796025	97.95824157988875
3161.82262815848	98.7344964271863
3161.605819651132	99.12121267252047
3158.8387624756933	97.18815233297939
3157.247616244134	99.50848906936038
3155.1481250679362	97.57533843702937
3154.2242308991263	99.75497149743673
3135.1462683817417	96.94528340722715
3131.792229495599	97.32187797714047
3124.026296506271	97.74179413395717
3119.19467800602	99.61909605434855
3117.7681138769344	98.93785471322484
3116.6705616318836	99.33821060676811
3116.2708367603245	98.46382493151017
3113.7646901110284	98.10823617102932
3086.9641661382257	97.33848728104417
3085.7859564350733	98.99085439316595
3083.716936818527	97.7256134111689
3079.8724412286256	98.11633566121367
3075.9651990968587	98.65360038908622
3058.9342919750698	99.76786010237873
3058.551959185204	99.13515140005342
3058.0876345550946	98.77664996768497
3058.0078095742865	99.51019413500231
3055.1118034728315	98.31537172131064
3052.5328003957006	97.13222421629897
3050.6324491076375	96.76472306143769
3050.6067707124685	95.58573704266053
3048.2514935699064	95.97274253025608
3047.975681176093	97.92086167020389
3047.2279838637905	96.34785010188094
3044.422756395988	97.52000807480536
3028.643006285386	98.68220315368376
3022.1285450079504	97.90971043732134
3022.048428415022	93.65616514784548
3021.7329850271935	93.26952089315886
3021.571244946173	95.58966429274707
3021.4954816059435	95.20298761972245
3021.3148216189657	92.88289053204564
3021.1017801292237	98.29653623470065
3020.563718095717	94.81642672647632
3020.4194747418874	94.42975931583399
3020.343711401658	94.04308264280937
3019.9648947005103	92.1096992776863
3019.116177857143	92.49650099287169
3019.0156434787045	97.11782890675647
3018.896705087667	97.54299028732555
3018.3565436329345	95.97678602324021
3014.878739261088	96.37800468275566
3012.9606546228147	99.63346492029856
3012.8276531852944	96.75090768389954
3009.4898710934694	99.05195102207372
3001.7351374262826	99.33422675323432
2993.1104992255664	98.84168393238443
2991.5128602690943	97.9490047709449
2990.861663297297	91.74159599672777
2990.612401907942	97.56243964346686
2989.74335872313	90.9537261820509
2989.0949752202814	92.88724848290816
2989.0512752605023	90.56713287046679
2988.9164918596525	92.50058570345698
2988.843658593354	88.63372634938801
2988.806488512623	92.11391366162349
2988.6600685324447	89.79381194275553
2988.550065185415	89.40713990092206
2988.381041777765	91.34059736510338
2988.268861804386	89.02049101504429
2987.780259418844	98.39595725673207
2987.7428716754775	90.1806229203232
2987.5010150015296	88.24722103043557
2987.3031512947528	94.03700559379575
2986.562579294379	97.14114713226797
2985.369721081933	95.98124771278428
2984.998187707415	94.43455028306809
2984.5483376425277	93.27455036673666
2980.963611245209	93.68515771655133
2980.73847901468	94.83353114330613
2980.4709862867408	95.22025424402192
2977.1260417919725	99.63831179262573
2974.4972422479027	96.36940520917584
2973.0113684699895	96.75294516541484
2972.308190591374	95.59632745207935
2969.0876111910443	98.62246266251037
2966.870397443738	98.18186856865267
2965.983374960635	97.38707465653529
2964.3391572965775	98.98970421111756
2962.712989984225	97.76834502588304
2962.511092542336	95.98433949598919
2961.108125704627	93.9954351730734
2960.181743065885	93.52684905373488
2958.95866253611	94.43807230392989
2958.5237977064717	95.19744362080903
2958.0285942829432	94.81082367987587
2954.84534103463	83.78716166565474
2954.632617667201	83.40050351739468
2954.618051013941	82.62713164658089
2954.419894299772	83.01384536913463
2954.2705442456618	84.17392633131101
2954.140867545092	84.56063079148247
2953.3948707221243	84.94741861309444
2952.860843819004	91.13448157223642
2951.039593579563	85.33442410068997
2950.584657743494	90.76274975301988
2949.2124831922592	86.49473199123221
2949.01432647809	86.88144571378595
2946.62375643403	91.88436208223916
2946.357323477493	86.11094220428453
2945.0164326537833	97.03303508073216
2944.660461603656	85.72856509603413
2943.09243556841	93.16174625042296
2942.5631716877247	87.65939247020515
2942.2023650274723	91.52261012368336
2942.0719627847857	88.06978697616245
2941.97831286159	92.37666020459366
2941.957955003383	90.36258242020509
2941.216456835279	87.26548699530512
2941.060544517094	88.44508820876345
2940.18258135007	88.81607486932563
2940.166047361457	98.18444658930639
2940.104693706241	92.74974598659281
2939.9501846291014	89.2027932230705
2939.1686711242637	89.97627276907829
2939.1271477908344	89.58959146486254
2937.610299712279	94.2868258661997
2935.1770104782418	97.39417087083241
2934.3239403821763	93.91410396956655
2934.2139370351465	93.52743192773309
2933.8908335968968	95.46091023227453
2933.8437682379167	96.23429043923237
2933.645611523747	96.62100416178612
2933.4897901920685	95.07427755556574
2933.4769648398883	95.84765313133244
2933.3969068484394	94.6876031981367
2931.174535927494	92.00543228411986
2929.988519276686	91.13757520791779
2929.286766570085	90.73340652595823
2927.281089105754	88.11475275466893
2927.1732540134335	92.91671582589234
2925.1966763690625	97.6767476294171
2924.2743488928445	86.31731635145721
2923.387146425348	92.33368220597052
2921.7616083812536	87.73584305230483
2919.8620163365235	87.29551125121122
2919.1672120909598	85.69026861870152
2915.693743391368	80.40367362441782
2915.45145976379	82.01724545419239
2915.119827717489	96.90473674989951
2913.343840841561	84.34819805390086
2911.927710995533	83.82811992009493
2911.7665569292985	83.53519708050399
2911.6744688914505	80.62919873935158
2910.0933172815994	84.60174187523027
2906.952738467189	99.40172970884575
2906.52729173233	98.62841341232563
2905.3664382988572	99.63044108328367
2904.4838205001024	99.01889206171643
2902.8365312614687	98.27034837709829
2902.825310752639	95.85179897364077
2902.059305710539	97.82049054001352
2901.744197188302	96.62531904257105
2900.8980336950754	96.23874657134706
2900.7601025576587	95.46832083277684
2898.9406625243323	95.07624645304199
2898.2742355618166	97.08278201156072
2898.026284978063	97.44841045522327
2897.8344310622115	94.70339868597736
2896.820054466303	94.30879298919558
2894.6397725011193	93.91947152009757
2894.42704913369	93.5328133718375
2894.239105820082	90.82603034875379
2893.815835711573	91.9861483604593
2893.7896324789854	86.95922193778738
2893.7284357920153	87.34591713557656
2893.720399017803	92.37284818943962
2893.6694157313946	89.66604664159135
2893.603112344144	91.59949021219924
2893.5812623642546	90.43943240597855
2893.5222423036334	92.75956191199334
2893.4566923639654	89.27938849333128
2893.4370190104255	90.05276499533622
2893.3903889767153	91.21283206393917
2893.324085589464	93.1462756345471
2893.2439689965368	88.89273034507124
2893.0975490163582	86.57262862620328
2893.0312456291076	88.50607219681117
2892.8185222616785	88.11941404855112
2892.5715588874496	87.7327605314822
2881.3730447473145	98.1346467955415
2875.9214033069816	98.57103469080045
2875.8170368640876	98.95187683485415
2875.594283574536	99.32863376661017
2869.958850854951	99.67791641605564
2844.383646725909	95.68393681958838
2844.3421233924787	95.29725551537263
2844.181396279875	93.37438865908976
2844.1463107374548	92.89982309309089
2843.444599889053	94.91068999093537
2843.302170390514	93.73893070843485
2843.2318765216237	94.52403184267531
2843.0191531541946	94.13737369441526
2841.641170777845	99.2494439872931
2841.4026481094493	96.84440078127203
2841.2728381066145	98.41009475142627
2840.8372526719813	96.4577903342807
2840.577899270842	97.23119925462362
2839.7685291345556	96.07124796579916
2839.394065686106	98.0047332171273
2838.2961843712137	97.62360300110987
2837.937232927349	98.84221929808018
2836.4273284800393	99.62489298754731
2825.8335998145876	90.65951587132308
2823.9919227740243	91.04645189105153
2823.5535837138677	99.83485028221563
2821.3200237743386	90.2977763813588
2819.154245138472	91.4337931400047
2818.367922126567	89.86137268534084
2817.2153315015803	87.56718618585286
2816.8288276652947	88.33647661515747
2816.3169987396395	88.73518030995675
2816.2654601344575	98.91130277631225
2815.7395044222903	85.25117020672377
2815.6134182250144	98.53525005576228
2815.475039425174	87.96150919919614
2815.3565851280687	85.65620511100738
2814.331887603761	87.18088927050171
2814.119164236332	86.79423112224165
2814.0601441757117	89.11436062825643
2813.9578008791027	86.40756602719489
2813.827747454742	89.50107898200132
2813.7793175184734	86.02090324774369
2812.8265551450713	92.60349810330214
2812.5853458779347	92.22211681141326
2811.805494143598	98.14907818257191
2811.7869284224016	91.82418064399143
2811.7654481583695	84.8921325429598
2810.0211544640542	97.76263260598516
2807.3622463174283	82.54158891503806
2807.335289637258	82.92827948163608
2807.261702923378	84.47503711683709
2807.0416962293193	83.70169303317013
2807.034412902689	83.31500709776324
2806.980499542349	84.08838823095931
2804.35278863344	97.36589595269308
2802.5820602205954	96.96975882787503
2799.496363032531	93.4996836116509
2799.1160495557833	85.34492896539246
2798.3413114316527	90.37028975141526
2797.8356311666757	95.4391373487296
2797.1642495733363	90.76885366294209
2797.0526723580238	94.66151708780367
2796.7871825449074	90.0025614940237
2796.437167424052	94.23595178176933
2796.3827779266976	95.03569799667471
2795.5104739881817	99.35528465070269
2794.8619439816366	91.15878143214684
2794.7489570751995	93.88220535414936
2794.3220778597524	87.78120279080427
2793.6949583220066	88.69527487963566
2793.5940007520926	96.5474382511486
2793.5093088377052	88.35782776842689
2792.467731737618	93.08291454430048
2791.787815058173	96.183197749221
2791.5750916907436	95.79653960096094
2787.361011524476	92.73374566778402
2786.838334173033	91.5436241534801
2785.7473923035664	92.324176223037
2785.5105418702215	91.96212868761285
2784.2197187287848	98.01219591852995
2778.6304436432356	96.85289114398859
2778.2153275118962	93.42197970548034
2777.557918093394	97.68319624245831
2777.45173350206	95.32036423292189
2777.2951019816846	94.41186645157705
2776.798005637379	99.19474312340031
2776.409665265771	93.83703353909485
2775.45596612734	97.28056899903281
2775.3706227792977	94.80439356869772
2773.681079961053	98.40030826080789
2770.80463475411	99.80683157581996
2770.7022328560233	98.79911587590404
2769.2031470359	87.88127202522222
2762.5102651851334	87.4691253446592
2762.1678869764164	99.57754997310852
2762.105077818602	88.10194056438073
2751.791008288622	98.01658211965844
2751.2096816206067	99.79190524677645
2748.553098278354	97.6127564700266
2746.439730551071	98.4039928364787
2745.8293612693014	92.12334238085148
2745.641486324085	98.77672638233878
2745.332664903341	97.13862174373946
2744.6952482486367	90.56503030968932
2744.4431781741273	91.72512516543914
2743.9834914324692	90.95181350011016
2743.7510947114997	91.33853185385505
2743.2251045825906	92.49866375913396
2742.892164467571	94.81883031467787
2742.757381066721	96.75228314766805
2742.5446576992917	96.365624999408
2742.5308444936145	90.17863613932424
2742.508241066143	94.43219532237352
2742.4448677528235	92.88545621193707
2742.3319343318626	95.97896685114793
2742.3181211261854	89.79197799106419
2742.295517698714	94.04553717411346
2742.1192109644335	95.59230870288788
2742.009207617404	95.2056366610544
2741.980074310885	93.65889291942682
2741.899957717957	89.40534762995097
2741.6303909162566	93.27225329593132
2741.5160343165285	89.01871263764662
2730.712956376476	99.16484659764167
2725.4459810517546	99.6899298912719
2720.9533674595814	99.42186546632276
2720.8870092580228	97.50810897898361
2718.9236509695465	97.98587429431518
2717.902401069534	92.46693546863534
2717.777077621663	96.72050854525804
2717.564354254234	96.33385039699797
2717.5279376210847	94.4004207199635
2717.520654294455	94.0137347845566
2717.4543509072046	95.94717835516451
2717.384866296828	98.3727693458143
2717.3579096166577	98.75945991241235
2717.307930927026	93.62707663629655
2717.2416275397754	95.56052020690444
2717.095207559597	93.24041848803648
2717.0289041723463	95.17386205864439
2716.9852042125676	92.85374644620302
2716.816180804917	94.78720391038433
2715.855380262029	97.11448605955496
2696.198666751143	97.64913222258319
2694.1741112390523	96.87896166264477
2694.1487102886126	99.7996231268109
2693.632180112683	96.09101388958373
2693.522176765654	95.70434184775024
2693.417301048004	98.81249862894066
2693.3779334118244	95.31767443710791
2693.331303378114	96.47774150571087
2693.0624900239955	94.93103018242127
2692.7098765554356	98.02457323997012
2691.984423736548	98.4113582828674
2690.5228500537723	97.23797468726112
2689.3783197079874	99.17336683154107
2688.45900901197	99.57189588049016
2666.30957556676	97.465690355604
2662.416972348723	98.4505108358822
2660.7636153455587	98.83742138405938
2656.6744878831137	98.06460062499121
2655.8437616936862	99.22477374787128
2650.436431319839	99.63382488090221
2622.666208073022	99.2995679478978
2617.0606836346133	98.91363921224226
2616.2724811895714	99.66251231348619
2605.2784915916254	98.5218500349987
2601.3624404735615	97.78304324303407
2599.908993578015	98.14258525259393
2591.558837494292	99.63773231483435
2583.1699165324553	99.29787941560824
2580.0243733356406	98.88642471218803
2560.096321025961	98.97247618007758
2542.706248525934	99.34905176210722
2541.583644184545	99.69722183036568
2512.2464299208295	99.29827833928812
2509.0997237100546	98.8930883015595
2503.10788065105	99.71023779306402
2480.7429704990973	99.07269052515122
2480.335920120723	99.47565712801364
2458.7341596735014	99.80509951033369
2447.5012785260305	99.55851725990102
2442.4328398591324	99.14817894072961
2420.8809112758595	99.6373820810044
2397.7071449132864	99.29484181733966
2390.0353898933854	98.94214882489874
2387.787141026358	99.66529380688473
2385.759935890269	98.52308391663809
2385.512972516041	98.13643039956918
2384.615449012614	97.7498648751319
2384.197285604386	97.3632345140187
2383.539442148558	96.97663657124345
2383.326718781129	96.58997842298339
2383.1139954136997	96.20332027472332
2382.9012720462706	95.81666212646329
2382.688548678842	95.43000397820322
2382.475825311413	95.04334582994316
2382.2631019439837	94.65668768168311
2382.050378576555	94.27002953342304
2381.632215168326	93.88339917230984
2381.282531773698	93.49675954881434
2380.1110882158728	93.11023107390619
2377.9124444540503	92.72384153473223
2376.467080841826	92.33735010935322
2376.254357474397	91.95069196109316
2376.0416341069676	91.5640338128331
2375.3837906511408	91.17743587005786
2375.1980239638815	90.40408715519978
2374.965627242912	90.79080550894464
2371.184659841666	90.01794306915622
2370.4583363722386	89.63135438876327
2369.6074429025225	88.08472179572304
2369.4238528416126	89.24480738909057
2368.7565494328064	86.53808920268281
2368.690246045556	88.4715327732907
2368.4702393514967	87.69818868962376
2368.3529526778375	86.9248307123834
2368.1839292701875	88.85828817656471
2367.7220659021805	86.15154220301011
2367.6929325956607	84.60479846138253
2367.4947758814915	84.99151218393627
2367.230315780071	87.3116694770979
2366.988459106123	85.37826758721025
2366.8420391259447	83.0581658683423
2366.6293157585155	82.67150772008225
2366.5848623511547	85.76500909691083
2366.4530090242356	84.21827924885666
2365.8221222485786	83.44499073948339
2365.4185254936096	83.83173224918397
2364.4649120034933	82.28511354971715
2364.457628676864	81.89842761431026
2364.244905309435	81.5117694660502
2363.724021880807	81.1251529985104
2363.511298513378	80.73849485025033
2363.0931351051495	80.35186448913713
2362.8804117377204	79.96520634087707
2362.667688370291	79.578548192617
2362.4549650028625	79.19189004435697
2360.099537170784	72.03498526644016
2355.1569112633706	78.82083746650757
2350.799535532494	78.43181046397953
2350.2161117687074	78.02176688449958
2348.7537969811524	77.64699553735149
2348.381687358761	75.63451621312518
2347.6322477525887	76.0436133611963
2347.4818254846114	77.16583700764603
2344.538651224732	75.25713742817885
2343.225140939427	76.417375850854
2342.815778915179	73.71062277613966
2342.658004200879	74.48401795728218
2342.462717763214	74.1023793586189
2341.9703756465765	73.35418165044285
2341.843527364312	74.87081504127643
2341.815996628841	72.53563151766242
2341.4211279063425	76.80430677627218
2340.5541274016427	72.93169594592675
2339.0754237338974	77.26161768188203
2330.739844767984	79.05556630196645
2329.0624611585813	78.7452718644102
2324.7725399154288	80.53281438935053
2324.289998597105	81.0250266460684
2318.640690482518	82.11554480172975
2316.6303667580955	81.72912979100454
2316.268293336557	82.50255260492087
2314.8491329569197	87.14298760221376
2314.6364095894905	86.75632945395371
2314.064166150663	86.36971993320061
2313.235499384627	83.2763366517461
2313.1254960375977	82.88966460991261
2313.003102663658	83.66305500549097
2312.8391859562885	84.04976409685356
2312.545157223079	84.4364907867425
2312.533487157192	87.45265034529857
2311.5158389942126	85.59669077053118
2311.403282297042	85.98339291510706
2311.371595640383	85.21002335988882
2311.1075122627544	84.82337215841548
2301.995945074274	88.42782359131348
2300.1591654429963	89.57055611148027
2300.1518821163663	89.18387017607336
2298.317488402433	89.95749213120871
2294.7295710150756	90.34466434168527
2294.2232542397073	90.73141974495927
2293.9908575187374	91.11813809870415
2292.6627805801722	91.5050046505655
2291.4716636688063	91.89185267766229
2291.1707869342376	92.27858029378943
2290.2535900772705	92.6653912713571
2289.370633227104	93.05219761773364
2289.145519832764	93.8256019068854
2289.0697564925345	93.43892523386079
2288.4337630165965	94.21238509730622
2287.824726220829	94.59915439415366
2287.31840944546	94.98590979742764
2286.846332676892	95.37266056951049
2284.3553763680206	96.62094164070572
2280.652750772064	95.76018521363281
2270.0899514518565	96.25376089302222
2266.497713654388	97.03573292140715
2265.102648694029	95.8978799870803
2264.7808360829067	97.44188124758136
2263.3190744215535	97.77129293341655
2263.0558066808308	98.18814691102708
2261.109232993518	96.64166251610331
2258.0018058727337	98.49349292085049
2236.3881992332017	99.63304149710865
2235.0562294821275	99.234816948977
2232.001669266707	99.84455494324902
2231.9390494009704	98.8749166653248
2206.5784642177982	99.8479936026703
2203.025339365468	99.61997737002245
2175.197623560309	98.94996859113826
2171.406052081977	99.81759755148957
2169.3564562975957	99.27006830235544
2135.6773305284228	99.59553116447202
2134.659180067055	99.34448216580961
2120.3149947636107	99.83622574598414
2105.6332314566953	99.22888670872251
2090.2302932388334	99.58250362379583
2061.9164446818736	99.80897118612654
2044.223635747292	99.5837044254985
2018.369392904085	99.73283671938415
1997.5490077738787	99.1788279237436
1995.6618388892286	99.57845249283699
1994.7615757530493	99.77700051112208
1974.791497510254	99.65048253262712
1965.1353520705488	99.40804209499385
1960.2437805846805	99.69863121994948
1946.7318598390325	99.68128495491112
1946.4224618661087	99.44805727096033
1930.629090570445	99.68748141299977
1921.5161537707054	98.66695350966299
1918.1434463223065	99.05432470222806
1916.7521956688947	99.44129388676173
1913.1622607102797	99.77597911693165
1899.1460585484167	99.67336272607238
1898.424593259531	99.29853996556395
1887.1533112472596	99.49124075447482
1878.5883620812638	99.7888525380489
1871.8721043348387	99.13753451587084
1867.5442880253856	99.76765764501785
1865.174459871374	99.48691159651418
1857.586325210454	99.75796018168523
1845.3305889285427	99.49533179151999
1840.8702233548984	99.12859121403483
1837.9746157022423	99.77365689051754
1836.65094230324	98.76912534001482
1823.2926519210705	99.68523691532596
1822.5429563456082	99.35494746710944
1813.2036464490047	99.02423744005804
1809.9292690662944	98.61928611149236
1807.784054424196	98.23303442302281
1806.5023643659	97.84660753829417
1806.0323874163782	97.46001596908201
1805.9250907920534	97.07335081744102
1804.6434007337575	96.68692393271238
1802.4981860916594	96.30067224424282
1802.183643567222	95.91404913970402
1800.7085240021543	95.52766149893742
1800.0550895506772	95.10946912974595
1799.8580539314626	94.3994113058234
1799.7454621490542	93.99366397786767
1795.762567659578	93.31400350579277
1794.316491234302	92.64638312131478
1793.6120747498526	93.0332129574393
1791.5322684001899	92.26026107807695
1789.6426570348976	91.8739575315147
1789.245216150415	91.48735124581677
1788.96521460933	91.10072113342761
1779.023416899538	97.50064904278803
1778.6362782551057	96.76250710280488
1778.4316081495947	95.21580094521357
1778.4180113321872	95.60249062433084
1778.373547205696	96.37587348649052
1778.329083079205	97.14925634865023
1778.2662505813712	95.98920833484954
1778.2257859742033	94.45125720151452
1777.210130944307	94.84288236589182
1776.1098671249738	90.95685697332107
1775.6404180022148	88.642689587127
1775.5786833840477	89.41607595321187
1775.550391869566	88.25602093156084
1775.4614636165836	89.80278665588023
1775.4430952452415	87.86935577991984
1775.4390415357036	92.89628656919237
1775.3552648719258	91.34955588412478
1775.3012576375647	87.48269763612922
1775.2468703679342	89.02945635259825
1775.1369979490075	90.18953940565075
1775.0543191648958	90.57624310046873
1775.0208760612102	92.50968448820464
1775.0172023869416	92.12299831301257
1774.8975352627212	93.29187169236755
1774.8062828125605	91.73635418492267
1773.0279369266946	94.06520635469928
1772.5610370815264	93.70100350128394
1766.978686990187	94.41350330313021
1766.5604675600687	94.88425253667931
1760.8541716383409	93.63746610640973
1758.2426069706194	93.3467252865218
1757.5262311381875	92.93155883203303
1748.074897563181	93.74551889975837
1746.4206040365489	94.13254145176788
1745.5423880038372	94.50588602753191
1742.6360201695343	94.80561722875831
1742.4694634195082	95.15008631086238
1741.8196014851708	95.53960918302167
1737.9419794797877	96.28363828739299
1736.0383380769886	95.93583888243339
1731.8469904219198	97.4750670796996
1731.6099455340916	96.70174133152037
1730.1969564572635	97.09164437282354
1729.4920385373894	98.23134202716008
1727.5744659959644	97.84098799699444
1721.543588215169	99.16451859408694
1721.4251173474697	99.480922837762
1719.3282509665798	96.33121693336346
1718.2360694832728	98.77850271978211
1718.066425961736	96.7044891096478
1717.6520418381701	97.08774476689081
1717.2646359961009	95.931277939822
1717.157339371776	95.54461278818101
1717.1018542224792	95.15793712476447
1716.7612159428934	97.47812775834574
1715.4527967373335	97.92899533108935
1708.6386376829603	98.39376297502842
1704.6088211034319	99.16209551302634
1703.2884589376542	98.7815353670268
1703.1525420381788	98.03832054983965
1702.1351740700698	99.53170762143648
1700.6816830159391	97.62200348140536
1700.420459439764	96.84868263872139
1700.346605919125	94.52857609934449
1700.3131628154392	96.4620174870804
1700.2393092948003	94.1419109477035
1700.21688721392	97.23541086101565
1700.2058661911144	96.07535233543942
1700.143033693281	94.91530432163873
1700.1320126704754	93.75524579606251
1700.0985695667898	95.68868718379844
1700.0765275211788	93.36857013264598
1699.991272942465	95.30202203215745
1690.5927920184777	99.65591436749972
1685.465919584405	98.74999793803721
1684.9802545678415	99.14557173185429
1684.3454742681972	96.4301037365263
1684.2047345401868	97.97687997262123
1684.1863661688444	96.04344909666085
1684.1643241232334	93.72333204550841
1684.1565967394272	98.36357665958886
1684.1308810195476	95.65677343324433
1684.0669506420477	92.5632910395581
1684.0570274989086	93.33666689386743
1684.023584395223	95.27010828160334
1684.0048887712878	97.59902193692423
1683.9728707998613	97.20355317326445
1683.949730874584	92.95000174222645
1683.943481405713	94.11006377172785
1683.9173856505647	96.81687750984791
1683.9162877708982	94.88344312996236
1683.8089911465734	94.49677797832138
1671.6479120681227	99.66408456803259
1670.1126467246481	98.54219274964659
1669.909074498804	98.92892097194084
1669.1097871357936	99.35561052655132
1668.8654976497041	98.15575885706758
1668.7063895503513	97.76910421720214
1653.9888903602064	97.94785696034197
1653.8815937358816	97.56119180870098
1653.426311483434	98.7213449402571
1653.3166607517473	99.11977189275146
1653.2844738757572	98.33468679646649
1645.635396940044	99.75409072202305
1643.9188898301595	99.54435582192278
1632.3861781881983	99.1755766315676
1631.8612840309768	98.7389026713515
1628.7940275842648	98.40215039860064
1626.6778010499809	99.50634918862134
1625.9422693996455	99.76980394935981
1616.5779017685247	96.63719622653497
1615.6282569701177	97.32287934532417
1614.1835317813538	98.0294353464202
1611.371744660745	99.13804671186739
1610.4799315983275	98.78588992157455
1608.4254907399627	98.37894137151021
1606.6379234692063	99.66240155126631
1603.289764489503	99.4150543836623
1593.3873101487843	99.65755704099558
1580.439763896286	99.68529344531888
1567.80135306778	99.75816430320421
1560.1152806465486	99.05665656443642
1559.3862463218866	98.67011755410198
1559.106244780801	98.28348744171281
1558.7398907813356	97.89687484894954
1558.6844056320388	97.51019918553301
1558.6105521113998	95.1900926461561
1558.577109007714	97.12353403389203
1558.503255487075	94.80342749451512
1558.4698123833891	96.73686888225104
1558.4069798855558	95.57682086845037
1558.3959588627501	94.41676234287414
1558.3625157590645	96.35020373061005
1558.2886622384256	94.03009719123315
1558.2552191347397	95.96353857896906
1558.1813656141007	93.64343203959217
1558.074068989776	93.25676688795119
1557.966772365451	92.87010173631019
1557.7239132628208	99.46816559679257
1549.3879001851085	99.63886337072802
1543.019098480621	98.56797813505806
1542.7459798005216	97.58373956724463
1542.0642281972632	98.20784996077998
1534.7680964504743	99.18678884175623
1534.586466335041	99.536406291667
1526.5544082536064	98.11432494179505
1522.4920001309029	98.5369894207519
1519.4822756283788	99.51251980010896
1517.0351581533873	99.10055023518645
1515.4473120844139	99.74066347216016
1505.7059906870481	95.32135198603865
1505.652840040119	94.13217494119388
1505.3976970282506	94.44509157796745
1505.0235523057677	97.20470596464921
1504.9211328007302	96.83561650171916
1501.810161071274	99.80670628825104
1489.7679231744992	99.73884276589436
1471.9118393748254	99.25031850922399
1471.0363943514144	99.6401124908559
1470.445744239862	98.85807014479987
1455.2090359386143	99.1834005461056
1452.3423771207017	99.57386482862475
1446.407943915593	98.70308298277129
1439.5199584859567	99.77540234581872
1428.6907132402723	99.40848919584703
1422.8642923590658	99.6664860879741
1409.7827604330566	99.64961049324755
1407.5627896865553	99.01730047679658
1406.3918360589946	99.41774548804602
1397.2620533568397	99.6873041143856
1379.2570781731713	99.71439262625746
1377.7218376317537	99.48034839425651
1377.0998803554826	99.09378765958593
1376.992583731158	98.70712250794494
1376.453524814932	98.3205449544335
1371.5934648884129	99.72766524456503
1371.3296359593376	97.40759724836512
1360.0892483512562	98.85116536823574
1359.6710828767627	98.46456328724803
1358.475745276847	98.07811888289348
1358.36671738074	99.619480476452
1354.169991070422	99.22499187521692
1344.6026573093882	99.6327031156949
1335.145380103418	98.96168617631406
1334.8308375789804	98.57506307177528
1332.6125415513932	99.36144174215318
1327.3465259144596	99.67072974529373
1309.4471465381	99.72855602021119
1299.6192802350406	99.46689977462134
1294.7057954430222	99.7608412841658
1291.778858808807	98.68925774540652
1290.5894719278144	99.08204486752669
1289.4177630207582	98.30304985600173
1280.9374167433668	99.66696295272506
1276.627931018273	99.3791741448805
1271.2484034808779	98.55280964294687
1270.9608241069025	98.9454138017738
1267.6574079964905	99.67844560753895
1267.3933210187759	98.19424636058741
1257.8840832057713	98.37975428215235
1257.24908385802	99.18401614196095
1257.063701070246	98.78125487781601
1255.6673973011561	99.54612366897442
1253.2387854324656	99.7516776438346
1243.4238538174636	99.52712509464597
1238.8599926759553	98.77030090691326
1235.9421980012708	99.1440592827646
1230.9741106133704	98.40955085329864
1227.8834938173163	98.7529982323727
1227.704067906444	97.57735015967597
1222.70729293098	97.21584494280154
1222.0406345340014	96.80512534478879
1221.9390595517846	97.98473635686594
1221.7951739762684	96.41848822454926
1213.0805852192736	98.8106845206126
1209.9992079823644	97.73159945346005
1209.422745753656	98.5688684824467
1208.6147309510663	98.17883016043213
1208.3113959482237	96.56183730765409
1207.7267530682468	97.37282667753195
1207.3375597936279	96.94872180501144
1202.3890107659931	97.80043701696114
1194.7433908442301	98.91205307611658
1193.3606817812406	98.51428398557508
1191.602005234014	99.2720358374996
1190.676750723838	99.62375712195444
1180.7174865497673	98.20612292996451
1179.206785451788	97.8376571994084
1179.1971219994161	99.34485931611906
1178.6199220197013	98.93820186862544
1175.9281355595567	98.58386648913154
1165.4163539153965	99.62888207972256
1163.2034832148038	98.44763744189191
1162.6445528390232	98.82970557846097
1161.5836527155711	99.20781940069624
1151.827749224174	99.75467575238821
1149.7455842429204	99.48893706549345
1146.0282179830806	99.10551529716878
1144.5882495691026	98.733767756596
1136.556818545862	99.64176792030794
1132.003470305929	98.12406672978122
1131.5969698028912	98.51083612319636
1131.4846454527092	97.74920285655065
1130.9825794510903	99.28433461488706
1130.8234713517377	98.89767997502162
1128.77085863689	97.35134873742474
1127.696414478707	96.96487980559392
1127.589117854382	96.57821465395294
1127.326386804973	96.1915810376386
1116.971481374023	93.1704932421296
1116.3361468562775	93.55730906255339
1112.5993137421979	95.11234775445085
1111.8951074836077	93.9536853428352
1111.6659492324598	95.89093286929965
1111.4041335854654	94.33168353553947
1110.9964789012397	96.6489583193821
1110.7617191514096	96.25938958174063
1110.4078272771521	97.04680642792867
1109.9998655640256	95.46189775380189
1109.3302507716476	94.745156233266
1107.1781589866864	97.43775407243442
1104.88087041656	92.04803884160239
1103.7550792708994	93.03256122735553
1103.6819224815872	92.76892589669121
1103.6068148445597	92.49826029054253
1102.2892621246974	98.79800907126814
1102.2393972747705	99.18470610862826
1102.0472166061195	95.09377324683885
1101.9425643938757	99.5714532521185
1101.631036815907	98.41145569484044
1100.3576680219294	97.29433949929941
1099.8553037227857	98.05793884339255
1098.9732263801584	96.40825360948631
1098.921725032677	96.00204749536499
1098.9123911787951	96.83010622897856
1098.843866597152	95.59975265719393
1096.689808896279	97.67172675762022
1085.7811760925597	97.95767776184098
1084.6479615913086	96.37600663564743
1084.519720801039	95.60265881273955
1084.4715830002792	95.98935549970717
1084.412424176714	95.21599366109857
1084.3569390274174	94.82931799768204
1083.5230627164897	98.31507767215956
1083.3390778981975	96.76295910915331
1080.6808736333069	98.72974282109936
1080.0613581540165	97.1503110301299
1079.0577729793054	97.54306045585497
1076.1938588605585	99.71729070608981
1076.1852306524106	99.08453204121872
1075.1094985969266	99.47143721173464
1058.074098849686	99.71217859604735
1053.8460185740087	98.28053713670988
1053.5042824147563	98.6672933904056
1052.5649872435129	99.05417087991259
1049.5629716257235	99.44899972672206
1039.0170549388822	99.66624439778246
1030.4289705847432	99.26544639702573
1026.3174882345052	98.84857596752653
1016.8557530791013	99.70296450545054
1013.4405843051609	98.25358144028777
1013.1153858516295	99.05135819830949
1013.0088044190347	98.6374265161451
1011.8599912294067	99.4469191522623
1007.5518111311799	99.62575708458309
994.3459655633105	99.27690278957687
993.1182602690369	99.64274677934948
986.4762226566395	98.88478185123185
983.7411922211595	98.54522802483515
977.2914425016502	99.63189646206202
976.1733461653439	99.31574309942997
966.2188057791418	99.75717968235102
964.8747529888315	99.10711527700484
962.2243838547834	99.4943399178992
961.1721717598448	98.72117955498854
960.1978964533832	98.33469030039166
946.4442933842388	99.69967326227044
946.2870010089491	97.8102122674328
946.2660568430047	97.4235295961659
944.7363304323735	98.19721379589122
940.263108707943	98.5998739905657
938.8050059760894	98.97413457130678
937.4160277386973	99.35875973770703
929.4781114311222	98.7510453780715
929.0872354799726	99.15392355652
925.9566068032386	99.53685146536134
917.7254461329867	99.69085265621452
901.7198450796222	98.94416168384328
900.1910294633935	99.30186431458
899.0679186555476	99.6555787053718
898.9502385896335	98.52288331875577
897.2465079963636	97.77419207828547
896.8847114967803	98.16095240192504
887.5117231128233	98.73378060432165
885.0371811667792	99.72092018859044
884.674205258596	97.5414857334796
884.5520239195621	98.31488436330261
884.1770346742587	97.92827352250194
884.0594155178774	99.47797451414534
883.9808097969512	99.08837409518034
883.7033840504682	97.1549957780977
873.0679664006543	99.69823902345863
865.3128439839397	99.40854175472475
864.8946785094463	99.02193967373702
864.7873818851212	98.63527452209604
864.6800852607967	98.24860937045506
864.6336829544325	97.87599320682975
