4000	100.08
3999	100.08
3998	100.08
3997	100.08
3996	100.08
3995	100.08
3994	100.08
3993	100.07
3992	100.07
3991	100.07
3990	100.07
3989	100.07
3988	100.07
3987	100.07
3986	100.07
3985	100.07
3984	100.07
3983	100.07
3982	100.07
3981	100.07
3980	100.07
3979	100.07
3978	100.07
3977	100.08
3976	100.08
3975	100.07
3974	100.07
3973	100.07
3972	100.07
3971	100.07
3970	100.07
3969	100.07
3968	100.07
3967	100.07
3966	100.07
3965	100.07
3964	100.07
3963	100.07
3962	100.07
3961	100.07
3960	100.07
3959	100.07
3958	100.07
3957	100.07
3956	100.07
3955	100.07
3954	100.07
3953	100.07
3952	100.07
3951	100.07
3950	100.07
3949	100.06
3948	100.06
3947	100.05
3946	100.05
3945	100.06
3944	100.06
3943	100.07
3942	100.07
3941	100.07
3940	100.06
3939	100.06
3938	100.06
3937	100.06
3936	100.05
3935	100.05
3934	100.05
3933	100.05
3932	100.05
3931	100.05
3930	100.05
3929	100.04
3928	100.04
3927	100.04
3926	100.04
3925	100.05
3924	100.05
3923	100.06
3922	100.06
3921	100.06
3920	100.05
3919	100.05
3918	100.06
3917	100.06
3916	100.06
3915	100.06
3914	100.06
3913	100.06
3912	100.06
3911	100.06
3910	100.05
3909	100.04
3908	100.03
3907	100.02
3906	100.02
3905	100.01
3904	100.01
3903	100.01
3902	100.01
3901	100.02
3900	100.04
3899	100.04
3898	100.04
3897	100.04
3896	100.04
3895	100.04
3894	100.03
3893	100.04
3892	100.05
3891	100.05
3890	100.04
3889	100.03
3888	100.03
3887	100.04
3886	100.04
3885	100.04
3884	100.02
3883	100.01
3882	100.02
3881	100.02
3880	100.02
3879	100.01
3878	100
3877	100
3876	100.01
3875	100.01
3874	100.01
3873	100
3872	100
3871	100.01
3870	100.02
3869	100.01
3868	100
3867	100
3866	100.02
3865	100.02
3864	100.02
3863	100.01
3862	100.01
3861	100.01
3860	100.01
3859	100
3858	99.99
3857	99.98
3856	99.98
3855	99.98
3854	100.01
3853	100.01
3852	99.99
3851	99.98
3850	99.99
3849	100.01
3848	100.02
3847	100.02
3846	100.02
3845	100.02
3844	100.01
3843	99.99
3842	99.98
3841	99.97
3840	99.97
3839	99.97
3838	99.97
3837	99.97
3836	99.97
3835	99.97
3834	99.98
3833	99.99
3832	99.99
3831	100
3830	100
3829	100
3828	100
3827	100
3826	99.99
3825	99.98
3824	99.97
3823	99.97
3822	99.97
3821	99.97
3820	99.96
3819	99.94
3818	99.95
3817	99.97
3816	99.98
3815	99.98
3814	99.98
3813	99.99
3812	100
3811	100
3810	99.99
3809	99.99
3808	99.99
3807	99.99
3806	99.98
3805	99.97
3804	99.97
3803	99.98
3802	99.98
3801	99.97
3800	99.95
3799	99.95
3798	99.97
3797	99.99
3796	100
3795	99.99
3794	100
3793	100
3792	100.01
3791	100.01
3790	100
3789	99.99
3788	99.99
3787	99.98
3786	99.98
3785	99.98
3784	99.98
3783	99.98
3782	99.98
3781	99.99
3780	99.99
3779	99.99
3778	99.99
3777	99.98
3776	99.99
3775	99.98
3774	99.97
3773	99.97
3772	99.96
3771	99.96
3770	99.96
3769	99.96
3768	99.96
3767	99.97
3766	99.98
3765	99.98
3764	99.98
3763	99.97
3762	99.97
3761	99.97
3760	99.96
3759	99.96
3758	99.95
3757	99.95
3756	99.94
3755	99.93
3754	99.92
3753	99.91
3752	99.91
3751	99.92
3750	99.92
3749	99.92
3748	99.92
3747	99.93
3746	99.95
3745	99.96
3744	99.97
3743	99.95
3742	99.94
3741	99.95
3740	99.95
3739	99.94
3738	99.93
3737	99.93
3736	99.94
3735	99.94
3734	99.95
3733	99.97
3732	99.98
3731	99.99
3730	99.99
3729	100
3728	100.01
3727	100.02
3726	100.01
3725	100.01
3724	100.01
3723	100.01
3722	100.02
3721	100.02
3720	100.02
3719	100.02
3718	100.02
3717	100.01
3716	99.99
3715	99.98
3714	99.97
3713	99.96
3712	99.96
3711	99.96
3710	99.95
3709	99.96
3708	99.96
3707	99.96
3706	99.96
3705	99.96
3704	99.96
3703	99.97
3702	99.97
3701	99.97
3700	99.96
3699	99.95
3698	99.95
3697	99.95
3696	99.94
3695	99.93
3694	99.93
3693	99.91
3692	99.9
3691	99.88
3690	99.87
3689	99.86
3688	99.84
3687	99.84
3686	99.84
3685	99.86
3684	99.87
3683	99.88
3682	99.88
3681	99.88
3680	99.88
3679	99.87
3678	99.86
3677	99.88
3676	99.91
3675	99.92
3674	99.91
3673	99.91
3672	99.92
3671	99.94
3670	99.94
3669	99.94
3668	99.93
3667	99.95
3666	99.97
3665	99.98
3664	99.99
3663	99.99
3662	99.99
3661	99.98
3660	99.98
3659	99.98
3658	99.99
3657	100
3656	100
3655	99.99
3654	99.98
3653	99.97
3652	99.95
3651	99.94
3650	99.93
3649	99.93
3648	99.93
3647	99.94
3646	99.96
3645	99.97
3644	99.98
3643	99.98
3642	99.98
3641	99.97
3640	99.97
3639	99.97
3638	99.96
3637	99.96
3636	99.95
3635	99.95
3634	99.94
3633	99.93
3632	99.91
3631	99.9
3630	99.9
3629	99.91
3628	99.9
3627	99.89
3626	99.88
3625	99.89
3624	99.89
3623	99.88
3622	99.87
3621	99.87
3620	99.87
3619	99.87
3618	99.86
3617	99.86
3616	99.86
3615	99.87
3614	99.87
3613	99.88
3612	99.88
3611	99.89
3610	99.9
3609	99.91
3608	99.92
3607	99.93
3606	99.93
3605	99.94
3604	99.94
3603	99.95
3602	99.95
3601	99.96
3600	99.96
3599	99.96
3598	99.97
3597	99.98
3596	99.99
3595	99.99
3594	100
3593	99.99
3592	99.99
3591	99.98
3590	99.98
3589	99.98
3588	99.99
3587	100
3586	100.01
3585	100.01
3584	100.01
3583	100.01
3582	100.01
3581	100.01
3580	100.01
3579	100.01
3578	100.01
3577	100.01
3576	100.01
3575	100.01
3574	100.01
3573	100.01
3572	100.01
3571	100.01
3570	100
3569	100
3568	99.99
3567	100
3566	100
3565	100
3564	100
3563	100
3562	100
3561	100
3560	100
3559	100
3558	100
3557	100
3556	100
3555	99.99
3554	99.99
3553	99.99
3552	99.98
3551	99.98
3550	99.97
3549	99.97
3548	99.98
3547	99.99
3546	99.99
3545	100
3544	100
3543	99.99
3542	99.99
3541	99.98
3540	99.98
3539	99.97
3538	99.97
3537	99.97
3536	99.97
3535	99.98
3534	99.98
3533	99.98
3532	99.98
3531	99.98
3530	99.98
3529	99.97
3528	99.97
3527	99.96
3526	99.97
3525	99.97
3524	99.98
3523	99.98
3522	99.97
3521	99.97
3520	99.96
3519	99.96
3518	99.96
3517	99.97
3516	99.97
3515	99.97
3514	99.97
3513	99.97
3512	99.96
3511	99.96
3510	99.96
3509	99.97
3508	99.97
3507	99.97
3506	99.96
3505	99.96
3504	99.95
3503	99.95
3502	99.95
3501	99.96
3500	99.96
3499	99.96
3498	99.97
3497	99.97
3496	99.97
3495	99.96
3494	99.96
3493	99.96
3492	99.95
3491	99.95
3490	99.95
3489	99.95
3488	99.95
3487	99.96
3486	99.96
3485	99.96
3484	99.96
3483	99.96
3482	99.95
3481	99.95
3480	99.95
3479	99.95
3478	99.96
3477	99.96
3476	99.96
3475	99.96
3474	99.95
3473	99.95
3472	99.95
3471	99.94
3470	99.94
3469	99.94
3468	99.94
3467	99.94
3466	99.95
3465	99.95
3464	99.94
3463	99.94
3462	99.94
3461	99.94
3460	99.94
3459	99.94
3458	99.94
3457	99.95
3456	99.94
3455	99.94
3454	99.94
3453	99.94
3452	99.94
3451	99.94
3450	99.94
3449	99.94
3448	99.94
3447	99.94
3446	99.94
3445	99.94
3444	99.94
3443	99.93
3442	99.93
3441	99.93
3440	99.93
3439	99.93
3438	99.93
3437	99.94
3436	99.94
3435	99.95
3434	99.95
3433	99.95
3432	99.94
3431	99.94
3430	99.94
3429	99.93
3428	99.93
3427	99.92
3426	99.92
3425	99.92
3424	99.92
3423	99.92
3422	99.91
3421	99.91
3420	99.92
3419	99.92
3418	99.92
3417	99.92
3416	99.93
3415	99.93
3414	99.92
3413	99.92
3412	99.92
3411	99.92
3410	99.92
3409	99.93
3408	99.93
3407	99.93
3406	99.93
3405	99.93
3404	99.93
3403	99.92
3402	99.92
3401	99.92
3400	99.92
3399	99.91
3398	99.91
3397	99.91
3396	99.91
3395	99.91
3394	99.91
3393	99.91
3392	99.92
3391	99.92
3390	99.93
3389	99.93
3388	99.92
3387	99.92
3386	99.92
3385	99.92
3384	99.92
3383	99.92
3382	99.92
3381	99.92
3380	99.92
3379	99.92
3378	99.92
3377	99.92
3376	99.92
3375	99.92
3374	99.92
3373	99.92
3372	99.92
3371	99.92
3370	99.92
3369	99.93
3368	99.93
3367	99.93
3366	99.93
3365	99.92
3364	99.92
3363	99.92
3362	99.92
3361	99.92
3360	99.91
3359	99.91
3358	99.91
3357	99.91
3356	99.91
3355	99.91
3354	99.91
3353	99.91
3352	99.91
3351	99.92
3350	99.92
3349	99.92
3348	99.92
3347	99.92
3346	99.91
3345	99.9
3344	99.9
3343	99.9
3342	99.9
3341	99.9
3340	99.9
3339	99.9
3338	99.9
3337	99.9
3336	99.9
3335	99.89
3334	99.89
3333	99.89
3332	99.9
3331	99.9
3330	99.91
3329	99.91
3328	99.91
3327	99.91
3326	99.91
3325	99.9
3324	99.89
3323	99.89
3322	99.89
3321	99.89
3320	99.9
3319	99.91
3318	99.91
3317	99.91
3316	99.9
3315	99.9
3314	99.89
3313	99.89
3312	99.89
3311	99.88
3310	99.88
3309	99.88
3308	99.88
3307	99.88
3306	99.89
3305	99.89
3304	99.89
3303	99.89
3302	99.89
3301	99.89
3300	99.88
3299	99.89
3298	99.89
3297	99.89
3296	99.89
3295	99.89
3294	99.9
3293	99.9
3292	99.9
3291	99.9
3290	99.89
3289	99.89
3288	99.89
3287	99.9
3286	99.9
3285	99.9
3284	99.9
3283	99.9
3282	99.89
3281	99.89
3280	99.88
3279	99.89
3278	99.89
3277	99.88
3276	99.88
3275	99.88
3274	99.88
3273	99.88
3272	99.88
3271	99.89
3270	99.89
3269	99.89
3268	99.88
3267	99.88
3266	99.88
3265	99.88
3264	99.89
3263	99.89
3262	99.89
3261	99.89
3260	99.88
3259	99.88
3258	99.88
3257	99.88
3256	99.88
3255	99.88
3254	99.88
3253	99.89
3252	99.89
3251	99.89
3250	99.89
3249	99.89
3248	99.89
3247	99.88
3246	99.88
3245	99.88
3244	99.87
3243	99.88
3242	99.88
3241	99.88
3240	99.88
3239	99.87
3238	99.87
3237	99.87
3236	99.86
3235	99.86
3234	99.86
3233	99.86
3232	99.86
3231	99.86
3230	99.86
3229	99.87
3228	99.87
3227	99.87
3226	99.88
3225	99.88
3224	99.88
3223	99.88
3222	99.88
3221	99.88
3220	99.88
3219	99.88
3218	99.88
3217	99.87
3216	99.87
3215	99.86
3214	99.86
3213	99.86
3212	99.87
3211	99.87
3210	99.87
3209	99.87
3208	99.87
3207	99.87
3206	99.87
3205	99.87
3204	99.86
3203	99.86
3202	99.86
3201	99.86
3200	99.86
3199	99.86
3198	99.85
3197	99.85
3196	99.85
3195	99.85
3194	99.85
3193	99.85
3192	99.85
3191	99.85
3190	99.85
3189	99.86
3188	99.86
3187	99.86
3186	99.86
3185	99.86
3184	99.86
3183	99.85
3182	99.85
3181	99.85
3180	99.84
3179	99.84
3178	99.84
3177	99.84
3176	99.85
3175	99.85
3174	99.85
3173	99.85
3172	99.85
3171	99.85
3170	99.84
3169	99.84
3168	99.83
3167	99.83
3166	99.83
3165	99.83
3164	99.83
3163	99.83
3162	99.83
3161	99.83
3160	99.83
3159	99.82
3158	99.82
3157	99.82
3156	99.82
3155	99.82
3154	99.82
3153	99.83
3152	99.83
3151	99.83
3150	99.82
3149	99.81
3148	99.81
3147	99.8
3146	99.8
3145	99.8
3144	99.8
3143	99.8
3142	99.8
3141	99.8
3140	99.81
3139	99.81
3138	99.8
3137	99.79
3136	99.79
3135	99.78
3134	99.77
3133	99.78
3132	99.78
3131	99.78
3130	99.78
3129	99.77
3128	99.77
3127	99.77
3126	99.77
3125	99.77
3124	99.77
3123	99.77
3122	99.77
3121	99.77
3120	99.76
3119	99.76
3118	99.75
3117	99.75
3116	99.74
3115	99.74
3114	99.74
3113	99.74
3112	99.74
3111	99.73
3110	99.73
3109	99.73
3108	99.72
3107	99.71
3106	99.7
3105	99.7
3104	99.69
3103	99.69
3102	99.69
3101	99.69
3100	99.68
3099	99.68
3098	99.68
3097	99.68
3096	99.68
3095	99.67
3094	99.66
3093	99.66
3092	99.65
3091	99.65
3090	99.64
3089	99.64
3088	99.64
3087	99.63
3086	99.62
3085	99.62
3084	99.61
3083	99.6
3082	99.59
3081	99.58
3080	99.57
3079	99.57
3078	99.56
3077	99.54
3076	99.53
3075	99.51
3074	99.49
3073	99.48
3072	99.48
3071	99.48
3070	99.48
3069	99.48
3068	99.48
3067	99.48
3066	99.48
3065	99.48
3064	99.47
3063	99.47
3062	99.46
3061	99.46
3060	99.45
3059	99.45
3058	99.44
3057	99.43
3056	99.42
3055	99.41
3054	99.4
3053	99.39
3052	99.38
3051	99.37
3050	99.36
3049	99.34
3048	99.32
3047	99.3
3046	99.28
3045	99.26
3044	99.23
3043	99.2
3042	99.17
3041	99.13
3040	99.09
3039	99.05
3038	99
3037	98.95
3036	98.9
3035	98.83
3034	98.76
3033	98.67
3032	98.57
3031	98.45
3030	98.31
3029	98.15
3028	97.97
3027	97.77
3026	97.54
3025	97.29
3024	97.02
3023	96.76
3022	96.52
3021	96.35
3020	96.27
3019	96.31
3018	96.48
3017	96.75
3016	97.09
3015	97.45
3014	97.8
3013	98.11
3012	98.38
3011	98.6
3010	98.79
3009	98.93
3008	99.04
3007	99.13
3006	99.2
3005	99.26
3004	99.31
3003	99.36
3002	99.4
3001	99.43
3000	99.46
2999	99.48
2998	99.5
2997	99.51
2996	99.52
2995	99.53
2994	99.53
2993	99.54
2992	99.55
2991	99.55
2990	99.55
2989	99.55
2988	99.54
2987	99.53
2986	99.53
2985	99.52
2984	99.51
2983	99.5
2982	99.49
2981	99.48
2980	99.47
2979	99.47
2978	99.46
2977	99.46
2976	99.46
2975	99.46
2974	99.48
2973	99.49
2972	99.5
2971	99.51
2970	99.53
2969	99.55
2968	99.56
2967	99.57
2966	99.58
2965	99.59
2964	99.6
2963	99.61
2962	99.63
2961	99.64
2960	99.64
2959	99.65
2958	99.65
2957	99.65
2956	99.65
2955	99.66
2954	99.67
2953	99.68
2952	99.68
2951	99.68
2950	99.68
2949	99.68
2948	99.68
2947	99.68
2946	99.68
2945	99.68
2944	99.68
2943	99.69
2942	99.69
2941	99.69
2940	99.69
2939	99.69
2938	99.69
2937	99.69
2936	99.7
2935	99.7
2934	99.7
2933	99.71
2932	99.71
2931	99.72
2930	99.72
2929	99.72
2928	99.72
2927	99.72
2926	99.72
2925	99.72
2924	99.71
2923	99.7
2922	99.7
2921	99.7
2920	99.69
2919	99.7
2918	99.7
2917	99.7
2916	99.7
2915	99.7
2914	99.7
2913	99.7
2912	99.7
2911	99.7
2910	99.69
2909	99.68
2908	99.68
2907	99.67
2906	99.66
2905	99.66
2904	99.66
2903	99.65
2902	99.65
2901	99.64
2900	99.64
2899	99.63
2898	99.63
2897	99.63
2896	99.63
2895	99.63
2894	99.63
2893	99.63
2892	99.63
2891	99.63
2890	99.63
2889	99.64
2888	99.64
2887	99.64
2886	99.65
2885	99.65
2884	99.65
2883	99.66
2882	99.66
2881	99.66
2880	99.66
2879	99.66
2878	99.66
2877	99.67
2876	99.67
2875	99.67
2874	99.67
2873	99.67
2872	99.67
2871	99.67
2870	99.67
2869	99.68
2868	99.68
2867	99.69
2866	99.7
2865	99.7
2864	99.7
2863	99.7
2862	99.7
2861	99.7
2860	99.71
2859	99.71
2858	99.71
2857	99.72
2856	99.72
2855	99.72
2854	99.71
2853	99.71
2852	99.72
2851	99.72
2850	99.72
2849	99.72
2848	99.73
2847	99.73
2846	99.73
2845	99.73
2844	99.72
2843	99.71
2842	99.71
2841	99.7
2840	99.7
2839	99.7
2838	99.71
2837	99.71
2836	99.71
2835	99.71
2834	99.71
2833	99.71
2832	99.71
2831	99.71
2830	99.7
2829	99.7
2828	99.7
2827	99.7
2826	99.7
2825	99.7
2824	99.7
2823	99.7
2822	99.7
2821	99.7
2820	99.7
2819	99.71
2818	99.71
2817	99.72
2816	99.72
2815	99.71
2814	99.71
2813	99.71
2812	99.71
2811	99.71
2810	99.71
2809	99.71
2808	99.71
2807	99.71
2806	99.71
2805	99.71
2804	99.71
2803	99.7
2802	99.7
2801	99.7
2800	99.7
2799	99.7
2798	99.7
2797	99.7
2796	99.7
2795	99.7
2794	99.7
2793	99.7
2792	99.69
2791	99.69
2790	99.69
2789	99.7
2788	99.7
2787	99.7
2786	99.7
2785	99.7
2784	99.7
2783	99.69
2782	99.69
2781	99.69
2780	99.69
2779	99.69
2778	99.69
2777	99.69
2776	99.69
2775	99.69
2774	99.68
2773	99.68
2772	99.68
2771	99.68
2770	99.68
2769	99.68
2768	99.68
2767	99.68
2766	99.68
2765	99.68
2764	99.68
2763	99.68
2762	99.67
2761	99.67
2760	99.67
2759	99.67
2758	99.67
2757	99.68
2756	99.68
2755	99.68
2754	99.69
2753	99.69
2752	99.69
2751	99.68
2750	99.68
2749	99.67
2748	99.67
2747	99.67
2746	99.68
2745	99.68
2744	99.68
2743	99.69
2742	99.69
2741	99.68
2740	99.68
2739	99.68
2738	99.68
2737	99.68
2736	99.68
2735	99.68
2734	99.68
2733	99.68
2732	99.68
2731	99.67
2730	99.67
2729	99.67
2728	99.67
2727	99.67
2726	99.67
2725	99.67
2724	99.66
2723	99.66
2722	99.66
2721	99.66
2720	99.66
2719	99.66
2718	99.66
2717	99.67
2716	99.67
2715	99.67
2714	99.67
2713	99.67
2712	99.67
2711	99.67
2710	99.66
2709	99.66
2708	99.66
2707	99.66
2706	99.66
2705	99.65
2704	99.65
2703	99.65
2702	99.65
2701	99.66
2700	99.66
2699	99.66
2698	99.66
2697	99.65
2696	99.65
2695	99.64
2694	99.64
2693	99.64
2692	99.64
2691	99.64
2690	99.64
2689	99.64
2688	99.65
2687	99.65
2686	99.65
2685	99.65
2684	99.65
2683	99.64
2682	99.65
2681	99.65
2680	99.65
2679	99.65
2678	99.65
2677	99.65
2676	99.64
2675	99.64
2674	99.64
2673	99.64
2672	99.64
2671	99.64
2670	99.64
2669	99.63
2668	99.63
2667	99.63
2666	99.63
2665	99.63
2664	99.62
2663	99.61
2662	99.6
2661	99.58
2660	99.57
2659	99.56
2658	99.56
2657	99.56
2656	99.57
2655	99.57
2654	99.57
2653	99.57
2652	99.56
2651	99.56
2650	99.56
2649	99.56
2648	99.56
2647	99.57
2646	99.57
2645	99.57
2644	99.57
2643	99.57
2642	99.57
2641	99.57
2640	99.57
2639	99.57
2638	99.58
2637	99.58
2636	99.58
2635	99.58
2634	99.58
2633	99.58
2632	99.58
2631	99.58
2630	99.59
2629	99.59
2628	99.6
2627	99.6
2626	99.6
2625	99.6
2624	99.6
2623	99.6
2622	99.6
2621	99.6
2620	99.6
2619	99.6
2618	99.6
2617	99.61
2616	99.61
2615	99.61
2614	99.62
2613	99.62
2612	99.62
2611	99.62
2610	99.62
2609	99.62
2608	99.61
2607	99.61
2606	99.62
2605	99.62
2604	99.62
2603	99.62
2602	99.63
2601	99.63
2600	99.64
2599	99.64
2598	99.64
2597	99.64
2596	99.64
2595	99.64
2594	99.64
2593	99.64
2592	99.64
2591	99.64
2590	99.65
2589	99.65
2588	99.66
2587	99.65
2586	99.65
2585	99.65
2584	99.64
2583	99.63
2582	99.63
2581	99.64
2580	99.64
2579	99.65
2578	99.65
2577	99.65
2576	99.65
2575	99.65
2574	99.65
2573	99.65
2572	99.65
2571	99.66
2570	99.66
2569	99.66
2568	99.66
2567	99.65
2566	99.66
2565	99.66
2564	99.66
2563	99.65
2562	99.65
2561	99.65
2560	99.65
2559	99.66
2558	99.66
2557	99.66
2556	99.66
2555	99.65
2554	99.65
2553	99.64
2552	99.64
2551	99.65
2550	99.66
2549	99.66
2548	99.67
2547	99.67
2546	99.67
2545	99.67
2544	99.67
2543	99.67
2542	99.67
2541	99.67
2540	99.67
2539	99.67
2538	99.68
2537	99.68
2536	99.68
2535	99.68
2534	99.67
2533	99.67
2532	99.67
2531	99.67
2530	99.67
2529	99.67
2528	99.66
2527	99.66
2526	99.67
2525	99.67
2524	99.68
2523	99.68
2522	99.68
2521	99.67
2520	99.67
2519	99.67
2518	99.68
2517	99.68
2516	99.68
2515	99.68
2514	99.67
2513	99.66
2512	99.66
2511	99.66
2510	99.66
2509	99.66
2508	99.66
2507	99.66
2506	99.66
2505	99.66
2504	99.66
2503	99.66
2502	99.67
2501	99.68
2500	99.68
2499	99.67
2498	99.66
2497	99.65
2496	99.64
2495	99.64
2494	99.63
2493	99.63
2492	99.62
2491	99.62
2490	99.63
2489	99.63
2488	99.63
2487	99.63
2486	99.63
2485	99.63
2484	99.63
2483	99.63
2482	99.63
2481	99.63
2480	99.63
2479	99.63
2478	99.62
2477	99.62
2476	99.61
2475	99.61
2474	99.62
2473	99.62
2472	99.62
2471	99.61
2470	99.6
2469	99.6
2468	99.59
2467	99.59
2466	99.58
2465	99.58
2464	99.58
2463	99.58
2462	99.58
2461	99.58
2460	99.58
2459	99.57
2458	99.55
2457	99.53
2456	99.52
2455	99.51
2454	99.51
2453	99.51
2452	99.51
2451	99.51
2450	99.5
2449	99.49
2448	99.48
2447	99.48
2446	99.47
2445	99.46
2444	99.45
2443	99.44
2442	99.43
2441	99.42
2440	99.41
2439	99.4
2438	99.39
2437	99.39
2436	99.38
2435	99.38
2434	99.38
2433	99.38
2432	99.38
2431	99.38
2430	99.39
2429	99.39
2428	99.39
2427	99.4
2426	99.41
2425	99.42
2424	99.43
2423	99.43
2422	99.43
2421	99.43
2420	99.43
2419	99.42
2418	99.42
2417	99.41
2416	99.41
2415	99.41
2414	99.4
2413	99.38
2412	99.36
2411	99.33
2410	99.31
2409	99.28
2408	99.25
2407	99.22
2406	99.17
2405	99.12
2404	99.06
2403	99.01
2402	98.96
2401	98.94
2400	98.95
2399	98.98
2398	99.04
2397	99.1
2396	99.17
2395	99.23
2394	99.29
2393	99.35
2392	99.4
2391	99.43
2390	99.46
2389	99.48
2388	99.5
2387	99.51
2386	99.53
2385	99.55
2384	99.57
2383	99.59
2382	99.61
2381	99.62
2380	99.63
2379	99.65
2378	99.66
2377	99.67
2376	99.67
2375	99.67
2374	99.67
2373	99.66
2372	99.66
2371	99.67
2370	99.69
2369	99.7
2368	99.72
2367	99.73
2366	99.73
2365	99.74
2364	99.74
2363	99.74
2362	99.73
2361	99.73
2360	99.72
2359	99.72
2358	99.71
2357	99.71
2356	99.72
2355	99.73
2354	99.75
2353	99.77
2352	99.79
2351	99.8
2350	99.79
2349	99.77
2348	99.74
2347	99.7
2346	99.67
2345	99.66
2344	99.66
2343	99.67
2342	99.68
2341	99.68
2340	99.68
2339	99.67
2338	99.66
2337	99.66
2336	99.65
2335	99.65
2334	99.65
2333	99.64
2332	99.64
2331	99.64
2330	99.65
2329	99.64
2328	99.62
2327	99.56
2326	99.49
2325	99.43
2324	99.41
2323	99.42
2322	99.47
2321	99.51
2320	99.54
2319	99.56
2318	99.56
2317	99.56
2316	99.55
2315	99.55
2314	99.55
2313	99.56
2312	99.57
2311	99.58
2310	99.6
2309	99.61
2308	99.6
2307	99.6
2306	99.59
2305	99.58
2304	99.58
2303	99.56
2302	99.55
2301	99.55
2300	99.55
2299	99.54
2298	99.54
2297	99.54
2296	99.52
2295	99.51
2294	99.49
2293	99.48
2292	99.47
2291	99.45
2290	99.44
2289	99.42
2288	99.41
2287	99.4
2286	99.39
2285	99.4
2284	99.41
2283	99.42
2282	99.43
2281	99.44
2280	99.45
2279	99.46
2278	99.47
2277	99.48
2276	99.49
2275	99.5
2274	99.5
2273	99.51
2272	99.51
2271	99.51
2270	99.52
2269	99.53
2268	99.54
2267	99.55
2266	99.57
2265	99.57
2264	99.57
2263	99.56
2262	99.55
2261	99.54
2260	99.53
2259	99.53
2258	99.52
2257	99.52
2256	99.53
2255	99.55
2254	99.56
2253	99.57
2252	99.57
2251	99.57
2250	99.57
2249	99.57
2248	99.56
2247	99.56
2246	99.55
2245	99.55
2244	99.56
2243	99.57
2242	99.58
2241	99.58
2240	99.58
2239	99.57
2238	99.56
2237	99.56
2236	99.55
2235	99.55
2234	99.55
2233	99.55
2232	99.56
2231	99.58
2230	99.59
2229	99.59
2228	99.58
2227	99.58
2226	99.57
2225	99.56
2224	99.55
2223	99.54
2222	99.54
2221	99.55
2220	99.56
2219	99.56
2218	99.57
2217	99.58
2216	99.59
2215	99.59
2214	99.59
2213	99.59
2212	99.59
2211	99.59
2210	99.59
2209	99.6
2208	99.61
2207	99.61
2206	99.6
2205	99.58
2204	99.56
2203	99.55
2202	99.54
2201	99.54
2200	99.55
2199	99.56
2198	99.57
2197	99.56
2196	99.55
2195	99.53
2194	99.52
2193	99.52
2192	99.53
2191	99.53
2190	99.53
2189	99.54
2188	99.56
2187	99.58
2186	99.6
2185	99.62
2184	99.64
2183	99.67
2182	99.68
2181	99.68
2180	99.66
2179	99.63
2178	99.6
2177	99.58
2176	99.6
2175	99.64
2174	99.67
2173	99.69
2172	99.68
2171	99.65
2170	99.63
2169	99.61
2168	99.58
2167	99.55
2166	99.51
2165	99.48
2164	99.46
2163	99.46
2162	99.47
2161	99.54
2160	99.71
2159	99.95
2158	100.16
2157	100.25
2156	100.23
2155	100.15
2154	100.05
2153	99.98
2152	99.94
2151	99.92
2150	99.92
2149	99.91
2148	99.91
2147	99.91
2146	99.92
2145	99.92
2144	99.9
2143	99.88
2142	99.85
2141	99.84
2140	99.84
2139	99.85
2138	99.87
2137	99.89
2136	99.92
2135	99.95
2134	99.98
2133	99.99
2132	99.98
2131	99.95
2130	99.92
2129	99.89
2128	99.87
2127	99.85
2126	99.83
2125	99.81
2124	99.8
2123	99.78
2122	99.77
2121	99.76
2120	99.74
2119	99.73
2118	99.72
2117	99.71
2116	99.69
2115	99.67
2114	99.66
2113	99.66
2112	99.67
2111	99.67
2110	99.67
2109	99.67
2108	99.67
2107	99.66
2106	99.65
2105	99.64
2104	99.64
2103	99.65
2102	99.66
2101	99.67
2100	99.67
2099	99.67
2098	99.67
2097	99.67
2096	99.67
2095	99.69
2094	99.7
2093	99.71
2092	99.71
2091	99.71
2090	99.7
2089	99.69
2088	99.69
2087	99.68
2086	99.67
2085	99.67
2084	99.66
2083	99.64
2082	99.63
2081	99.62
2080	99.63
2079	99.65
2078	99.65
2077	99.64
2076	99.63
2075	99.63
2074	99.63
2073	99.63
2072	99.63
2071	99.63
2070	99.63
2069	99.63
2068	99.63
2067	99.63
2066	99.63
2065	99.62
2064	99.62
2063	99.63
2062	99.63
2061	99.64
2060	99.66
2059	99.69
2058	99.71
2057	99.7
2056	99.68
2055	99.67
2054	99.65
2053	99.6
2052	99.53
2051	99.47
2050	99.45
2049	99.49
2048	99.57
2047	99.64
2046	99.69
2045	99.73
2044	99.75
2043	99.75
2042	99.75
2041	99.74
2040	99.74
2039	99.72
2038	99.7
2037	99.69
2036	99.7
2035	99.74
2034	99.79
2033	99.83
2032	99.86
2031	99.87
2030	99.88
2029	99.89
2028	99.91
2027	99.92
2026	99.92
2025	99.9
2024	99.88
2023	99.88
2022	99.88
2021	99.9
2020	99.91
2019	99.93
2018	99.94
2017	99.96
2016	99.97
2015	99.98
2014	99.98
2013	99.98
2012	99.96
2011	99.95
2010	99.94
2009	99.96
2008	99.98
2007	100
2006	100.01
2005	100.01
2004	100
2003	100
2002	100
2001	99.99
2000	99.96
1999	99.91
1998	99.86
1997	99.82
1996	99.8
1995	99.8
1994	99.8
1993	99.81
1992	99.81
1991	99.82
1990	99.82
1989	99.83
1988	99.83
1987	99.82
1986	99.8
1985	99.77
1984	99.74
1983	99.71
1982	99.69
1981	99.66
1980	99.66
1979	99.69
1978	99.77
1977	99.86
1976	99.92
1975	99.95
1974	99.96
1973	99.97
1972	99.98
1971	99.97
1970	99.97
1969	99.97
1968	99.99
1967	100.01
1966	100.01
1965	100.01
1964	100
1963	99.99
1962	99.97
1961	99.98
1960	100.01
1959	100.05
1958	100.08
1957	100.09
1956	100.08
1955	100.07
1954	100.05
1953	100.04
1952	100.03
1951	100.03
1950	100.02
1949	100.02
1948	100.01
1947	99.99
1946	99.97
1945	99.96
1944	99.96
1943	99.96
1942	99.97
1941	99.97
1940	99.98
1939	99.99
1938	99.99
1937	99.99
1936	99.99
1935	99.99
1934	99.99
1933	99.99
1932	99.98
1931	99.98
1930	99.97
1929	99.97
1928	99.98
1927	99.98
1926	99.99
1925	99.99
1924	99.98
1923	99.96
1922	99.93
1921	99.91
1920	99.91
1919	99.91
1918	99.93
1917	99.94
1916	99.94
1915	99.95
1914	99.95
1913	99.96
1912	99.96
1911	99.96
1910	99.96
1909	99.95
1908	99.94
1907	99.92
1906	99.92
1905	99.93
1904	99.94
1903	99.95
1902	99.94
1901	99.92
1900	99.9
1899	99.9
1898	99.9
1897	99.92
1896	99.93
1895	99.94
1894	99.94
1893	99.94
1892	99.93
1891	99.92
1890	99.91
1889	99.9
1888	99.91
1887	99.92
1886	99.93
1885	99.93
1884	99.93
1883	99.93
1882	99.93
1881	99.93
1880	99.93
1879	99.92
1878	99.92
1877	99.92
1876	99.92
1875	99.91
1874	99.91
1873	99.93
1872	99.94
1871	99.95
1870	99.95
1869	99.95
1868	99.95
1867	99.94
1866	99.94
1865	99.95
1864	99.95
1863	99.95
1862	99.95
1861	99.95
1860	99.94
1859	99.93
1858	99.93
1857	99.93
1856	99.94
1855	99.94
1854	99.94
1853	99.94
1852	99.94
1851	99.95
1850	99.95
1849	99.94
1848	99.94
1847	99.94
1846	99.94
1845	99.95
1844	99.96
1843	99.95
1842	99.94
1841	99.93
1840	99.93
1839	99.93
1838	99.94
1837	99.95
1836	99.95
1835	99.95
1834	99.95
1833	99.95
1832	99.94
1831	99.94
1830	99.93
1829	99.93
1828	99.93
1827	99.93
1826	99.92
1825	99.92
1824	99.92
1823	99.92
1822	99.92
1821	99.93
1820	99.93
1819	99.95
1818	99.96
1817	99.96
1816	99.96
1815	99.95
1814	99.93
1813	99.92
1812	99.91
1811	99.9
1810	99.89
1809	99.89
1808	99.89
1807	99.89
1806	99.89
1805	99.89
1804	99.89
1803	99.89
1802	99.89
1801	99.89
1800	99.89
1799	99.89
1798	99.89
1797	99.89
1796	99.89
1795	99.89
1794	99.89
1793	99.89
1792	99.89
1791	99.88
1790	99.88
1789	99.88
1788	99.88
1787	99.89
1786	99.89
1785	99.89
1784	99.89
1783	99.89
1782	99.88
1781	99.88
1780	99.88
1779	99.89
1778	99.89
1777	99.89
1776	99.89
1775	99.89
1774	99.88
1773	99.88
1772	99.88
1771	99.88
1770	99.89
1769	99.89
1768	99.9
1767	99.89
1766	99.88
1765	99.87
1764	99.86
1763	99.86
1762	99.86
1761	99.87
1760	99.88
1759	99.89
1758	99.89
1757	99.88
1756	99.88
1755	99.88
1754	99.88
1753	99.88
1752	99.88
1751	99.88
1750	99.88
1749	99.88
1748	99.88
1747	99.89
1746	99.89
1745	99.89
1744	99.89
1743	99.89
1742	99.89
1741	99.9
1740	99.9
1739	99.9
1738	99.89
1737	99.89
1736	99.89
1735	99.89
1734	99.9
1733	99.9
1732	99.9
1731	99.9
1730	99.9
1729	99.9
1728	99.9
1727	99.89
1726	99.89
1725	99.89
1724	99.89
1723	99.89
1722	99.89
1721	99.89
1720	99.89
1719	99.89
1718	99.88
1717	99.88
1716	99.88
1715	99.88
1714	99.89
1713	99.89
1712	99.89
1711	99.89
1710	99.89
1709	99.88
1708	99.88
1707	99.88
1706	99.87
1705	99.87
1704	99.87
1703	99.87
1702	99.86
1701	99.86
1700	99.87
1699	99.86
1698	99.87
1697	99.87
1696	99.88
1695	99.88
1694	99.87
1693	99.87
1692	99.87
1691	99.86
1690	99.86
1689	99.86
1688	99.86
1687	99.86
1686	99.86
1685	99.86
1684	99.86
1683	99.85
1682	99.85
1681	99.86
1680	99.86
1679	99.86
1678	99.86
1677	99.85
1676	99.85
1675	99.85
1674	99.84
1673	99.84
1672	99.84
1671	99.83
1670	99.84
1669	99.84
1668	99.84
1667	99.84
1666	99.84
1665	99.84
1664	99.83
1663	99.83
1662	99.83
1661	99.83
1660	99.83
1659	99.83
1658	99.82
1657	99.82
1656	99.81
1655	99.79
1654	99.79
1653	99.81
1652	99.81
1651	99.8
1650	99.81
1649	99.8
1648	99.8
1647	99.8
1646	99.79
1645	99.79
1644	99.79
1643	99.8
1642	99.8
1641	99.81
1640	99.81
1639	99.81
1638	99.8
1637	99.8
1636	99.81
1635	99.81
1634	99.8
1633	99.8
1632	99.81
1631	99.81
1630	99.81
1629	99.8
1628	99.8
1627	99.8
1626	99.79
1625	99.79
1624	99.79
1623	99.79
1622	99.79
1621	99.79
1620	99.79
1619	99.79
1618	99.78
1617	99.78
1616	99.77
1615	99.77
1614	99.77
1613	99.77
1612	99.76
1611	99.76
1610	99.76
1609	99.75
1608	99.74
1607	99.73
1606	99.72
1605	99.72
1604	99.71
1603	99.71
1602	99.71
1601	99.71
1600	99.71
1599	99.71
1598	99.72
1597	99.72
1596	99.73
1595	99.74
1594	99.75
1593	99.75
1592	99.76
1591	99.76
1590	99.76
1589	99.76
1588	99.76
1587	99.76
1586	99.75
1585	99.75
1584	99.74
1583	99.74
1582	99.74
1581	99.73
1580	99.73
1579	99.72
1578	99.72
1577	99.72
1576	99.73
1575	99.74
1574	99.75
1573	99.75
1572	99.76
1571	99.76
1570	99.77
1569	99.76
1568	99.76
1567	99.75
1566	99.74
1565	99.73
1564	99.73
1563	99.73
1562	99.73
1561	99.73
1560	99.75
1559	99.77
1558	99.76
1557	99.74
1556	99.73
1555	99.72
1554	99.7
1553	99.69
1552	99.67
1551	99.66
1550	99.65
1549	99.64
1548	99.63
1547	99.62
1546	99.61
1545	99.61
1544	99.6
1543	99.6
1542	99.61
1541	99.6
1540	99.58
1539	99.52
1538	99.46
1537	99.43
1536	99.42
1535	99.41
1534	99.4
1533	99.37
1532	99.33
1531	99.3
1530	99.28
1529	99.26
1528	99.26
1527	99.26
1526	99.26
1525	99.26
1524	99.27
1523	99.28
1522	99.29
1521	99.29
1520	99.28
1519	99.27
1518	99.28
1517	99.3
1516	99.32
1515	99.33
1514	99.34
1513	99.36
1512	99.38
1511	99.4
1510	99.43
1509	99.48
1508	99.56
1507	99.63
1506	99.64
1505	99.6
1504	99.58
1503	99.57
1502	99.58
1501	99.61
1500	99.64
1499	99.67
1498	99.71
1497	99.74
1496	99.75
1495	99.75
1494	99.75
1493	99.76
1492	99.77
1491	99.79
1490	99.8
1489	99.79
1488	99.77
1487	99.75
1486	99.73
1485	99.7
1484	99.68
1483	99.65
1482	99.62
1481	99.59
1480	99.56
1479	99.54
1478	99.52
1477	99.52
1476	99.53
1475	99.56
1474	99.59
1473	99.64
1472	99.68
1471	99.7
1470	99.71
1469	99.72
1468	99.74
1467	99.77
1466	99.79
1465	99.81
1464	99.82
1463	99.82
1462	99.82
1461	99.83
1460	99.84
1459	99.86
1458	99.88
1457	99.88
1456	99.86
1455	99.82
1454	99.79
1453	99.77
1452	99.75
1451	99.73
1450	99.71
1449	99.69
1448	99.66
1447	99.63
1446	99.6
1445	99.58
1444	99.56
1443	99.54
1442	99.51
1441	99.5
1440	99.48
1439	99.47
1438	99.46
1437	99.45
1436	99.43
1435	99.4
1434	99.37
1433	99.34
1432	99.31
1431	99.29
1430	99.26
1429	99.23
1428	99.2
1427	99.19
1426	99.17
1425	99.16
1424	99.15
1423	99.15
1422	99.16
1421	99.18
1420	99.2
1419	99.23
1418	99.26
1417	99.28
1416	99.3
1415	99.32
1414	99.35
1413	99.38
1412	99.41
1411	99.44
1410	99.47
1409	99.49
1408	99.51
1407	99.53
1406	99.56
1405	99.58
1404	99.59
1403	99.61
1402	99.62
1401	99.62
1400	99.63
1399	99.63
1398	99.63
1397	99.63
1396	99.63
1395	99.63
1394	99.63
1393	99.62
1392	99.63
1391	99.63
1390	99.63
1389	99.64
1388	99.64
1387	99.66
1386	99.67
1385	99.68
1384	99.7
1383	99.71
1382	99.72
1381	99.73
1380	99.74
1379	99.75
1378	99.76
1377	99.76
1376	99.77
1375	99.77
1374	99.77
1373	99.78
1372	99.78
1371	99.79
1370	99.8
1369	99.8
1368	99.81
1367	99.82
1366	99.83
1365	99.83
1364	99.83
1363	99.84
1362	99.85
1361	99.85
1360	99.86
1359	99.86
1358	99.86
1357	99.87
1356	99.87
1355	99.87
1354	99.87
1353	99.88
1352	99.88
1351	99.89
1350	99.89
1349	99.89
1348	99.89
1347	99.89
1346	99.89
1345	99.89
1344	99.89
1343	99.89
1342	99.89
1341	99.88
1340	99.87
1339	99.85
1338	99.82
1337	99.79
1336	99.78
1335	99.79
1334	99.8
1333	99.82
1332	99.84
1331	99.85
1330	99.85
1329	99.86
1328	99.86
1327	99.87
1326	99.87
1325	99.87
1324	99.87
1323	99.88
1322	99.88
1321	99.88
1320	99.88
1319	99.88
1318	99.88
1317	99.88
1316	99.88
1315	99.87
1314	99.87
1313	99.87
1312	99.87
1311	99.87
1310	99.87
1309	99.87
1308	99.87
1307	99.87
1306	99.87
1305	99.86
1304	99.87
1303	99.87
1302	99.87
1301	99.86
1300	99.85
1299	99.85
1298	99.84
1297	99.84
1296	99.84
1295	99.84
1294	99.83
1293	99.83
1292	99.83
1291	99.82
1290	99.81
1289	99.8
1288	99.8
1287	99.79
1286	99.78
1285	99.77
1284	99.75
1283	99.75
1282	99.74
1281	99.73
1280	99.72
1279	99.72
1278	99.7
1277	99.69
1276	99.68
1275	99.66
1274	99.65
1273	99.63
1272	99.62
1271	99.6
1270	99.57
1269	99.54
1268	99.52
1267	99.49
1266	99.46
1265	99.44
1264	99.42
1263	99.4
1262	99.38
1261	99.36
1260	99.34
1259	99.31
1258	99.27
1257	99.23
1256	99.2
1255	99.16
1254	99.12
1253	99.08
1252	99.04
1251	99
1250	98.95
1249	98.91
1248	98.87
1247	98.83
1246	98.78
1245	98.73
1244	98.67
1243	98.62
1242	98.55
1241	98.48
1240	98.4
1239	98.3
1238	98.19
1237	98.06
1236	97.91
1235	97.75
1234	97.56
1233	97.33
1232	97.07
1231	96.75
1230	96.37
1229	95.89
1228	95.3
1227	94.56
1226	93.62
1225	92.4
1224	90.84
1223	88.84
1222	86.27
1221	83.04
1220	79.1
1219	74.52
1218	69.61
1217	64.86
1216	60.99
1215	58.71
1214	58.49
1213	60.34
1212	63.89
1211	68.46
1210	73.31
1209	77.86
1208	81.81
1207	85.06
1206	87.64
1205	89.67
1204	91.26
1203	92.51
1202	93.51
1201	94.3
1200	94.95
1199	95.49
1198	95.93
1197	96.29
1196	96.6
1195	96.87
1194	97.09
1193	97.28
1192	97.44
1191	97.59
1190	97.71
1189	97.82
1188	97.91
1187	98
1186	98.07
1185	98.15
1184	98.22
1183	98.3
1182	98.37
1181	98.44
1180	98.51
1179	98.57
1178	98.63
1177	98.68
1176	98.72
1175	98.76
1174	98.78
1173	98.81
1172	98.84
1171	98.86
1170	98.89
1169	98.91
1168	98.93
1167	98.96
1166	98.98
1165	99
1164	99.02
1163	99.04
1162	99.05
1161	99.06
1160	99.07
1159	99.08
1158	99.09
1157	99.1
1156	99.12
1155	99.14
1154	99.15
1153	99.15
1152	99.16
1151	99.18
1150	99.19
1149	99.21
1148	99.22
1147	99.23
1146	99.24
1145	99.24
1144	99.25
1143	99.26
1142	99.27
1141	99.27
1140	99.28
1139	99.29
1138	99.29
1137	99.29
1136	99.3
1135	99.31
1134	99.3
1133	99.3
1132	99.3
1131	99.31
1130	99.31
1129	99.31
1128	99.31
1127	99.31
1126	99.3
1125	99.29
1124	99.29
1123	99.3
1122	99.3
1121	99.3
1120	99.3
1119	99.31
1118	99.31
1117	99.3
1116	99.3
1115	99.3
1114	99.29
1113	99.28
1112	99.28
1111	99.27
1110	99.27
1109	99.27
1108	99.27
1107	99.28
1106	99.28
1105	99.28
1104	99.28
1103	99.27
1102	99.27
1101	99.27
1100	99.26
1099	99.26
1098	99.25
1097	99.24
1096	99.24
1095	99.24
1094	99.23
1093	99.22
1092	99.21
1091	99.2
1090	99.2
1089	99.19
1088	99.2
1087	99.2
1086	99.2
1085	99.19
1084	99.18
1083	99.16
1082	99.14
1081	99.13
1080	99.13
1079	99.13
1078	99.12
1077	99.11
1076	99.11
1075	99.11
1074	99.11
1073	99.1
1072	99.11
1071	99.11
1070	99.1
1069	99.08
1068	99.07
1067	99.06
1066	99.05
1065	99.04
1064	99.03
1063	99.01
1062	98.98
1061	98.96
1060	98.94
1059	98.92
1058	98.89
1057	98.85
1056	98.82
1055	98.79
1054	98.75
1053	98.72
1052	98.69
1051	98.66
1050	98.62
1049	98.58
1048	98.56
1047	98.55
1046	98.55
1045	98.57
1044	98.6
1043	98.63
1042	98.64
1041	98.65
1040	98.67
1039	98.69
1038	98.7
1037	98.71
1036	98.72
1035	98.73
1034	98.74
1033	98.74
1032	98.75
1031	98.76
1030	98.77
1029	98.79
1028	98.83
1027	98.88
1026	98.93
1025	98.98
1024	99.02
1023	99.05
1022	99.07
1021	99.1
1020	99.13
1019	99.17
1018	99.19
1017	99.21
1016	99.24
1015	99.27
1014	99.3
1013	99.32
1012	99.34
1011	99.37
1010	99.39
1009	99.41
1008	99.44
1007	99.47
1006	99.49
1005	99.52
1004	99.55
1003	99.57
1002	99.59
1001	99.6
1000	99.61
999	99.62
998	99.63
997	99.65
996	99.67
995	99.69
994	99.7
993	99.7
992	99.71
991	99.72
990	99.72
989	99.73
988	99.74
987	99.75
986	99.75
985	99.75
984	99.76
983	99.76
982	99.77
981	99.77
980	99.78
979	99.79
978	99.79
977	99.79
976	99.79
975	99.8
974	99.81
973	99.8
972	99.8
971	99.8
970	99.79
969	99.79
968	99.79
967	99.8
966	99.8
965	99.79
964	99.79
963	99.79
962	99.79
961	99.78
960	99.78
959	99.79
958	99.79
957	99.79
956	99.79
955	99.78
954	99.78
953	99.78
952	99.78
951	99.79
950	99.8
949	99.8
948	99.8
947	99.81
946	99.8
945	99.78
944	99.76
943	99.74
942	99.7
941	99.66
940	99.62
939	99.56
938	99.48
937	99.38
936	99.26
935	99.13
934	98.99
933	98.85
932	98.73
931	98.63
930	98.55
929	98.52
928	98.52
927	98.58
926	98.66
925	98.76
924	98.89
923	99.02
922	99.14
921	99.25
920	99.35
919	99.45
918	99.53
917	99.6
916	99.66
915	99.71
914	99.74
913	99.76
912	99.79
911	99.81
910	99.82
909	99.83
908	99.84
907	99.86
906	99.89
905	99.91
904	99.94
903	99.96
902	99.97
901	99.98
900	99.98
899	99.99
898	99.99
897	99.99
896	100
895	100
894	100
893	100
892	100
891	100
890	100
889	99.99
888	99.99
887	99.98
886	99.96
885	99.94
884	99.93
883	99.91
882	99.88
881	99.85
880	99.82
879	99.79
878	99.77
877	99.77
876	99.79
875	99.82
874	99.85
873	99.89
872	99.94
871	99.99
870	100.03
869	100.05
868	100.05
867	100.05
866	100.05
865	100.04
864	100.05
863	100.06
862	100.06
861	100.05
860	100.04
859	100.02
858	99.99
857	99.94
856	99.89
855	99.84
854	99.78
853	99.73
852	99.69
851	99.67
850	99.66
849	99.67
848	99.7
847	99.75
846	99.8
845	99.86
844	99.92
843	99.96
842	99.99
841	100
840	100.01
839	100.03
838	100.04
837	100.05
836	100.06
835	100.07
834	100.07
833	100.06
832	100.06
831	100.07
830	100.07
829	100.06
828	100.05
827	100.04
826	100.01
825	99.99
824	99.98
823	99.98
822	99.96
821	99.94
820	99.91
819	99.88
818	99.84
817	99.79
816	99.75
815	99.71
814	99.67
813	99.63
812	99.58
811	99.53
810	99.46
809	99.38
808	99.31
807	99.23
806	99.13
805	99.03
804	98.92
803	98.81
802	98.68
801	98.53
800	98.38
799	98.22
798	98.03
797	97.82
796	97.59
795	97.34
794	97.06
793	96.75
792	96.42
791	96.04
790	95.6
789	95.11
788	94.57
787	93.95
786	93.23
785	92.4
784	91.45
783	90.36
782	89.13
781	87.75
780	86.22
779	84.55
778	82.72
777	80.77
776	78.71
775	76.58
774	74.39
773	72.13
772	69.81
771	67.44
770	65.01
769	62.51
768	59.95
767	57.33
766	54.65
765	51.92
764	49.14
763	46.35
762	43.54
761	40.76
760	38.02
759	35.37
758	32.83
757	30.42
756	28.16
755	26.09
754	24.21
753	22.52
752	21.05
751	19.8
750	18.79
749	18.03
748	17.55
747	17.38
746	17.53
745	18.01
744	18.84
743	20.01
742	21.47
741	23.18
740	25.11
739	27.18
738	29.35
737	31.58
736	33.85
735	36.16
734	38.48
733	40.8
732	43.11
731	45.4
730	47.67
729	49.88
728	52.03
727	54.1
726	56.08
725	57.96
724	59.76
723	61.46
722	63.09
721	64.65
720	66.13
719	67.52
718	68.8
717	70.01
716	71.15
715	72.24
714	73.27
713	74.25
712	75.19
711	76.07
710	76.9
709	77.68
708	78.41
707	79.13
706	79.81
705	80.47
704	81.08
703	81.66
702	82.21
701	82.73
700	83.23
699	83.71
698	84.18
697	84.61
696	85
695	85.37
694	85.74
693	86.08
692	86.39
691	86.68
690	86.95
689	87.18
688	87.39
687	87.59
686	87.79
685	87.94
684	88.03
683	88.08
682	88.1
681	88.03
680	87.85
679	87.56
678	87.13
677	86.43
676	85.3
675	83.57
674	81.05
673	77.7
672	73.93
671	70.3
670	67.2
669	65.12
668	65.03
667	67.06
666	70.03
665	73.35
664	76.95
663	80.53
662	83.6
661	85.96
660	87.76
659	89.09
658	90.01
657	90.68
656	91.23
655	91.64
654	91.9
653	92.11
652	92.36
651	92.61
650	92.8
649	93.01
648	93.28
647	93.52
646	93.66
645	93.79
644	93.95
643	94.1
642	94.18
641	94.26
640	94.37
639	94.44
638	94.44
637	94.42
636	94.43
635	94.41
634	94.32
633	94.2
632	94.1
631	93.98
630	93.85
629	93.76
628	93.75
627	93.79
626	93.81
625	93.87
624	94.01
623	94.18
622	94.35
621	94.54
620	94.77
619	94.99
618	95.16
617	95.32
616	95.51
615	95.7
614	95.83
613	95.95
612	96.1
611	96.23
610	96.31
609	96.38
608	96.49
607	96.59
606	96.65
605	96.69
604	96.76
603	96.81
602	96.83
601	96.86
600	96.93
599	97.01
598	97.05
597	97.07
596	97.11
595	97.14
594	97.15
593	97.16
592	97.23
591	97.3
590	97.34
589	97.39
588	97.47
587	97.54
586	97.57
585	97.61
584	97.67
583	97.72
582	97.72
581	97.72
580	97.77
579	97.84
578	97.87
577	97.87
576	97.9
575	97.93
574	97.92
573	97.93
572	98
571	98.06
570	98.07
569	98.08
568	98.12
567	98.15
566	98.14
565	98.14
564	98.2
563	98.27
562	98.3
561	98.32
560	98.37
559	98.41
558	98.4
557	98.38
556	98.4
555	98.43
554	98.43
553	98.44
552	98.49
551	98.54
550	98.53
549	98.52
548	98.56
547	98.61
546	98.61
545	98.61
544	98.64
543	98.67
542	98.64
541	98.62
540	98.67
539	98.73
538	98.74
537	98.74
536	98.79
535	98.83
534	98.83
533	98.81
532	98.82
531	98.82
530	98.76
529	98.71
528	98.73
527	98.77
526	98.77
525	98.78
524	98.84
523	98.86
522	98.79
521	98.73
520	98.75
519	98.79
518	98.77
517	98.72
516	98.71
515	98.68
514	98.6
513	98.54
512	98.56
511	98.6
510	98.58
509	98.57
508	98.62
507	98.65
506	98.59
505	98.51
504	98.48
503	98.46
502	98.39
501	98.34
500	98.39
499	98.44
498	98.4
497	98.35
496	98.37
495	98.4
494	98.34
493	98.28
492	98.3
491	98.33
490	98.3
489	98.29
488	98.41
487	98.57
486	98.63
485	98.62
484	98.64
483	98.65
482	98.6
481	98.58
480	98.67
479	98.77
478	98.75
477	98.7
476	98.72
475	98.78
474	98.79
473	98.82
472	98.93
471	98.99
470	98.94
469	98.91
468	99.02
467	99.12
466	99.09
465	99.04
464	99.11
463	99.19
462	99.19
461	99.19
460	99.29
459	99.38
458	99.34
457	99.29
456	99.33
455	99.35
454	99.24
453	99.18
452	99.32
451	99.51
450	99.6
449	99.64
448	99.68
447	99.65
446	99.49
445	99.42
444	99.54
443	99.69
442	99.69
441	99.66
440	99.74
439	99.79
438	99.68
437	99.53
436	99.52
435	99.54
434	99.47
433	99.41
432	99.49
431	99.56
430	99.47
429	99.38
428	99.48
427	99.63
426	99.67
425	99.75
424	100.04
423	100.33
422	100.31
421	100.14
420	100.09
419	100.04
418	99.8
417	99.7
416	99.9
415	100.09
414	100.02
413	99.88
412	99.89
411	99.9
410	99.76
409	99.73
408	100.01
407	100.26
406	100.12
405	99.92
404	100.05
403	100.28
402	100.19
401	100
400	100.05