4000	96.8
3999	96.8
3998	96.79
3997	96.79
3996	96.78
3995	96.78
3994	96.78
3993	96.78
3992	96.78
3991	96.78
3990	96.78
3989	96.78
3988	96.77
3987	96.77
3986	96.77
3985	96.77
3984	96.77
3983	96.77
3982	96.77
3981	96.77
3980	96.77
3979	96.77
3978	96.77
3977	96.77
3976	96.77
3975	96.77
3974	96.77
3973	96.77
3972	96.77
3971	96.77
3970	96.77
3969	96.77
3968	96.76
3967	96.76
3966	96.76
3965	96.76
3964	96.75
3963	96.75
3962	96.75
3961	96.75
3960	96.75
3959	96.75
3958	96.76
3957	96.76
3956	96.75
3955	96.75
3954	96.75
3953	96.75
3952	96.74
3951	96.74
3950	96.74
3949	96.74
3948	96.74
3947	96.75
3946	96.75
3945	96.76
3944	96.76
3943	96.76
3942	96.76
3941	96.75
3940	96.75
3939	96.75
3938	96.75
3937	96.75
3936	96.75
3935	96.75
3934	96.75
3933	96.75
3932	96.75
3931	96.75
3930	96.75
3929	96.75
3928	96.74
3927	96.74
3926	96.74
3925	96.74
3924	96.74
3923	96.74
3922	96.74
3921	96.74
3920	96.74
3919	96.74
3918	96.74
3917	96.74
3916	96.74
3915	96.74
3914	96.74
3913	96.74
3912	96.73
3911	96.73
3910	96.73
3909	96.73
3908	96.73
3907	96.73
3906	96.73
3905	96.73
3904	96.73
3903	96.73
3902	96.73
3901	96.74
3900	96.75
3899	96.75
3898	96.74
3897	96.73
3896	96.73
3895	96.73
3894	96.72
3893	96.72
3892	96.72
3891	96.71
3890	96.7
3889	96.7
3888	96.71
3887	96.71
3886	96.71
3885	96.7
3884	96.69
3883	96.69
3882	96.7
3881	96.7
3880	96.7
3879	96.7
3878	96.7
3877	96.7
3876	96.7
3875	96.69
3874	96.68
3873	96.67
3872	96.67
3871	96.68
3870	96.68
3869	96.68
3868	96.67
3867	96.68
3866	96.68
3865	96.68
3864	96.67
3863	96.67
3862	96.67
3861	96.67
3860	96.67
3859	96.66
3858	96.66
3857	96.65
3856	96.64
3855	96.64
3854	96.65
3853	96.66
3852	96.65
3851	96.65
3850	96.67
3849	96.68
3848	96.68
3847	96.67
3846	96.67
3845	96.67
3844	96.67
3843	96.66
3842	96.66
3841	96.66
3840	96.66
3839	96.66
3838	96.66
3837	96.67
3836	96.67
3835	96.68
3834	96.68
3833	96.69
3832	96.68
3831	96.68
3830	96.67
3829	96.67
3828	96.68
3827	96.68
3826	96.67
3825	96.66
3824	96.67
3823	96.68
3822	96.69
3821	96.69
3820	96.69
3819	96.69
3818	96.7
3817	96.71
3816	96.71
3815	96.7
3814	96.69
3813	96.69
3812	96.69
3811	96.69
3810	96.69
3809	96.69
3808	96.69
3807	96.69
3806	96.68
3805	96.68
3804	96.69
3803	96.71
3802	96.71
3801	96.7
3800	96.69
3799	96.69
3798	96.69
3797	96.7
3796	96.7
3795	96.7
3794	96.7
3793	96.71
3792	96.71
3791	96.7
3790	96.7
3789	96.69
3788	96.69
3787	96.69
3786	96.69
3785	96.69
3784	96.69
3783	96.68
3782	96.68
3781	96.68
3780	96.68
3779	96.68
3778	96.68
3777	96.69
3776	96.69
3775	96.7
3774	96.7
3773	96.7
3772	96.71
3771	96.72
3770	96.72
3769	96.71
3768	96.71
3767	96.71
3766	96.71
3765	96.7
3764	96.7
3763	96.7
3762	96.71
3761	96.72
3760	96.73
3759	96.73
3758	96.73
3757	96.73
3756	96.73
3755	96.72
3754	96.72
3753	96.72
3752	96.72
3751	96.74
3750	96.74
3749	96.74
3748	96.73
3747	96.74
3746	96.75
3745	96.76
3744	96.76
3743	96.75
3742	96.76
3741	96.77
3740	96.78
3739	96.78
3738	96.78
3737	96.78
3736	96.78
3735	96.78
3734	96.78
3733	96.78
3732	96.78
3731	96.78
3730	96.78
3729	96.79
3728	96.79
3727	96.79
3726	96.79
3725	96.79
3724	96.79
3723	96.79
3722	96.79
3721	96.78
3720	96.78
3719	96.78
3718	96.78
3717	96.78
3716	96.78
3715	96.78
3714	96.78
3713	96.78
3712	96.78
3711	96.78
3710	96.79
3709	96.79
3708	96.8
3707	96.8
3706	96.8
3705	96.8
3704	96.79
3703	96.79
3702	96.79
3701	96.79
3700	96.79
3699	96.8
3698	96.8
3697	96.8
3696	96.79
3695	96.79
3694	96.79
3693	96.79
3692	96.78
3691	96.78
3690	96.78
3689	96.79
3688	96.79
3687	96.78
3686	96.78
3685	96.78
3684	96.78
3683	96.77
3682	96.77
3681	96.77
3680	96.76
3679	96.76
3678	96.76
3677	96.77
3676	96.78
3675	96.77
3674	96.76
3673	96.77
3672	96.78
3671	96.78
3670	96.78
3669	96.76
3668	96.75
3667	96.75
3666	96.75
3665	96.74
3664	96.73
3663	96.73
3662	96.72
3661	96.71
3660	96.7
3659	96.7
3658	96.7
3657	96.71
3656	96.71
3655	96.71
3654	96.71
3653	96.7
3652	96.7
3651	96.7
3650	96.7
3649	96.7
3648	96.69
3647	96.68
3646	96.67
3645	96.67
3644	96.67
3643	96.67
3642	96.66
3641	96.66
3640	96.65
3639	96.65
3638	96.64
3637	96.64
3636	96.64
3635	96.64
3634	96.64
3633	96.63
3632	96.63
3631	96.64
3630	96.64
3629	96.64
3628	96.63
3627	96.61
3626	96.61
3625	96.61
3624	96.6
3623	96.58
3622	96.57
3621	96.57
3620	96.56
3619	96.56
3618	96.55
3617	96.53
3616	96.53
3615	96.52
3614	96.52
3613	96.52
3612	96.51
3611	96.51
3610	96.51
3609	96.51
3608	96.5
3607	96.49
3606	96.48
3605	96.48
3604	96.48
3603	96.47
3602	96.46
3601	96.45
3600	96.43
3599	96.42
3598	96.42
3597	96.41
3596	96.41
3595	96.4
3594	96.39
3593	96.38
3592	96.37
3591	96.37
3590	96.37
3589	96.37
3588	96.37
3587	96.37
3586	96.36
3585	96.35
3584	96.34
3583	96.33
3582	96.32
3581	96.3
3580	96.29
3579	96.28
3578	96.28
3577	96.27
3576	96.25
3575	96.24
3574	96.23
3573	96.21
3572	96.2
3571	96.18
3570	96.17
3569	96.16
3568	96.15
3567	96.14
3566	96.12
3565	96.11
3564	96.09
3563	96.08
3562	96.07
3561	96.05
3560	96.04
3559	96.03
3558	96.01
3557	96
3556	95.98
3555	95.96
3554	95.95
3553	95.94
3552	95.93
3551	95.91
3550	95.89
3549	95.87
3548	95.86
3547	95.84
3546	95.82
3545	95.8
3544	95.78
3543	95.75
3542	95.73
3541	95.7
3540	95.68
3539	95.67
3538	95.65
3537	95.63
3536	95.61
3535	95.59
3534	95.57
3533	95.56
3532	95.54
3531	95.51
3530	95.49
3529	95.46
3528	95.43
3527	95.4
3526	95.37
3525	95.35
3524	95.33
3523	95.3
3522	95.28
3521	95.25
3520	95.22
3519	95.19
3518	95.16
3517	95.13
3516	95.1
3515	95.07
3514	95.04
3513	95
3512	94.97
3511	94.93
3510	94.9
3509	94.88
3508	94.85
3507	94.81
3506	94.78
3505	94.74
3504	94.7
3503	94.65
3502	94.61
3501	94.58
3500	94.54
3499	94.5
3498	94.47
3497	94.44
3496	94.4
3495	94.36
3494	94.32
3493	94.28
3492	94.24
3491	94.2
3490	94.16
3489	94.12
3488	94.08
3487	94.05
3486	94
3485	93.96
3484	93.91
3483	93.86
3482	93.81
3481	93.75
3480	93.69
3479	93.64
3478	93.59
3477	93.55
3476	93.5
3475	93.45
3474	93.39
3473	93.33
3472	93.28
3471	93.22
3470	93.16
3469	93.1
3468	93.04
3467	92.98
3466	92.92
3465	92.87
3464	92.81
3463	92.75
3462	92.69
3461	92.63
3460	92.57
3459	92.51
3458	92.46
3457	92.4
3456	92.35
3455	92.29
3454	92.23
3453	92.17
3452	92.11
3451	92.04
3450	91.98
3449	91.92
3448	91.85
3447	91.79
3446	91.72
3445	91.65
3444	91.59
3443	91.52
3442	91.46
3441	91.39
3440	91.32
3439	91.24
3438	91.17
3437	91.09
3436	91.01
3435	90.94
3434	90.87
3433	90.79
3432	90.71
3431	90.63
3430	90.55
3429	90.48
3428	90.4
3427	90.31
3426	90.23
3425	90.15
3424	90.07
3423	89.99
3422	89.9
3421	89.8
3420	89.7
3419	89.61
3418	89.51
3417	89.41
3416	89.31
3415	89.2
3414	89.09
3413	88.98
3412	88.87
3411	88.76
3410	88.65
3409	88.53
3408	88.41
3407	88.29
3406	88.17
3405	88.04
3404	87.9
3403	87.76
3402	87.62
3401	87.49
3400	87.35
3399	87.23
3398	87.12
3397	87
3396	86.9
3395	86.79
3394	86.7
3393	86.61
3392	86.54
3391	86.48
3390	86.44
3389	86.42
3388	86.4
3387	86.4
3386	86.41
3385	86.43
3384	86.45
3383	86.48
3382	86.51
3381	86.55
3380	86.58
3379	86.62
3378	86.67
3377	86.71
3376	86.76
3375	86.82
3374	86.87
3373	86.92
3372	86.97
3371	87.01
3370	87.06
3369	87.11
3368	87.16
3367	87.21
3366	87.27
3365	87.33
3364	87.39
3363	87.44
3362	87.49
3361	87.53
3360	87.58
3359	87.63
3358	87.68
3357	87.73
3356	87.77
3355	87.82
3354	87.86
3353	87.9
3352	87.94
3351	87.99
3350	88.03
3349	88.08
3348	88.13
3347	88.18
3346	88.23
3345	88.28
3344	88.32
3343	88.36
3342	88.41
3341	88.45
3340	88.49
3339	88.53
3338	88.57
3337	88.61
3336	88.66
3335	88.72
3334	88.76
3333	88.81
3332	88.85
3331	88.89
3330	88.93
3329	88.97
3328	89
3327	89.03
3326	89.07
3325	89.12
3324	89.16
3323	89.21
3322	89.25
3321	89.29
3320	89.33
3319	89.37
3318	89.41
3317	89.45
3316	89.49
3315	89.53
3314	89.57
3313	89.61
3312	89.65
3311	89.69
3310	89.72
3309	89.75
3308	89.77
3307	89.81
3306	89.84
3305	89.88
3304	89.93
3303	89.98
3302	90.03
3301	90.07
3300	90.11
3299	90.15
3298	90.18
3297	90.21
3296	90.24
3295	90.26
3294	90.29
3293	90.32
3292	90.36
3291	90.4
3290	90.44
3289	90.48
3288	90.52
3287	90.55
3286	90.57
3285	90.59
3284	90.61
3283	90.64
3282	90.66
3281	90.69
3280	90.72
3279	90.75
3278	90.77
3277	90.79
3276	90.81
3275	90.83
3274	90.85
3273	90.87
3272	90.88
3271	90.9
3270	90.93
3269	90.95
3268	90.97
3267	90.99
3266	91.01
3265	91.03
3264	91.04
3263	91.05
3262	91.07
3261	91.08
3260	91.1
3259	91.11
3258	91.12
3257	91.13
3256	91.14
3255	91.15
3254	91.16
3253	91.17
3252	91.18
3251	91.19
3250	91.2
3249	91.2
3248	91.21
3247	91.22
3246	91.23
3245	91.24
3244	91.25
3243	91.26
3242	91.27
3241	91.29
3240	91.3
3239	91.32
3238	91.33
3237	91.35
3236	91.37
3235	91.39
3234	91.41
3233	91.44
3232	91.46
3231	91.48
3230	91.51
3229	91.54
3228	91.57
3227	91.6
3226	91.63
3225	91.66
3224	91.69
3223	91.72
3222	91.76
3221	91.79
3220	91.83
3219	91.86
3218	91.89
3217	91.92
3216	91.95
3215	91.98
3214	92.02
3213	92.05
3212	92.08
3211	92.11
3210	92.14
3209	92.17
3208	92.2
3207	92.24
3206	92.27
3205	92.31
3204	92.34
3203	92.37
3202	92.4
3201	92.43
3200	92.45
3199	92.49
3198	92.52
3197	92.55
3196	92.58
3195	92.61
3194	92.64
3193	92.67
3192	92.71
3191	92.74
3190	92.77
3189	92.79
3188	92.82
3187	92.85
3186	92.88
3185	92.91
3184	92.94
3183	92.97
3182	93
3181	93.02
3180	93.05
3179	93.08
3178	93.11
3177	93.14
3176	93.17
3175	93.19
3174	93.21
3173	93.23
3172	93.26
3171	93.29
3170	93.31
3169	93.34
3168	93.36
3167	93.39
3166	93.41
3165	93.43
3164	93.46
3163	93.48
3162	93.51
3161	93.53
3160	93.55
3159	93.58
3158	93.6
3157	93.62
3156	93.64
3155	93.66
3154	93.68
3153	93.7
3152	93.72
3151	93.74
3150	93.76
3149	93.77
3148	93.79
3147	93.82
3146	93.84
3145	93.86
3144	93.88
3143	93.89
3142	93.91
3141	93.93
3140	93.95
3139	93.97
3138	93.99
3137	94.01
3136	94.03
3135	94.05
3134	94.06
3133	94.08
3132	94.09
3131	94.11
3130	94.12
3129	94.14
3128	94.15
3127	94.17
3126	94.19
3125	94.21
3124	94.23
3123	94.24
3122	94.25
3121	94.26
3120	94.27
3119	94.28
3118	94.3
3117	94.31
3116	94.32
3115	94.34
3114	94.35
3113	94.37
3112	94.38
3111	94.4
3110	94.41
3109	94.42
3108	94.42
3107	94.43
3106	94.44
3105	94.45
3104	94.46
3103	94.48
3102	94.49
3101	94.5
3100	94.51
3099	94.52
3098	94.53
3097	94.54
3096	94.55
3095	94.56
3094	94.57
3093	94.59
3092	94.61
3091	94.62
3090	94.63
3089	94.64
3088	94.65
3087	94.66
3086	94.67
3085	94.68
3084	94.69
3083	94.69
3082	94.7
3081	94.71
3080	94.71
3079	94.72
3078	94.73
3077	94.74
3076	94.75
3075	94.76
3074	94.77
3073	94.78
3072	94.79
3071	94.8
3070	94.8
3069	94.81
3068	94.82
3067	94.83
3066	94.83
3065	94.84
3064	94.85
3063	94.87
3062	94.87
3061	94.88
3060	94.88
3059	94.89
3058	94.9
3057	94.91
3056	94.91
3055	94.92
3054	94.93
3053	94.94
3052	94.95
3051	94.95
3050	94.96
3049	94.96
3048	94.97
3047	94.98
3046	94.99
3045	95
3044	95
3043	95.01
3042	95.01
3041	95.02
3040	95.02
3039	95.03
3038	95.03
3037	95.04
3036	95.05
3035	95.06
3034	95.07
3033	95.08
3032	95.09
3031	95.09
3030	95.09
3029	95.1
3028	95.1
3027	95.11
3026	95.12
3025	95.13
3024	95.14
3023	95.14
3022	95.15
3021	95.15
3020	95.16
3019	95.16
3018	95.17
3017	95.17
3016	95.18
3015	95.18
3014	95.19
3013	95.2
3012	95.2
3011	95.21
3010	95.21
3009	95.22
3008	95.23
3007	95.24
3006	95.25
3005	95.25
3004	95.26
3003	95.26
3002	95.26
3001	95.26
3000	95.26
2999	95.27
2998	95.27
2997	95.27
2996	95.28
2995	95.28
2994	95.29
2993	95.29
2992	95.29
2991	95.3
2990	95.31
2989	95.32
2988	95.33
2987	95.33
2986	95.33
2985	95.33
2984	95.33
2983	95.33
2982	95.33
2981	95.34
2980	95.35
2979	95.36
2978	95.37
2977	95.37
2976	95.37
2975	95.37
2974	95.37
2973	95.37
2972	95.37
2971	95.37
2970	95.38
2969	95.39
2968	95.4
2967	95.4
2966	95.41
2965	95.42
2964	95.42
2963	95.43
2962	95.43
2961	95.43
2960	95.43
2959	95.43
2958	95.43
2957	95.44
2956	95.44
2955	95.45
2954	95.45
2953	95.45
2952	95.46
2951	95.46
2950	95.46
2949	95.46
2948	95.47
2947	95.47
2946	95.48
2945	95.48
2944	95.49
2943	95.5
2942	95.5
2941	95.51
2940	95.51
2939	95.51
2938	95.51
2937	95.52
2936	95.52
2935	95.52
2934	95.52
2933	95.52
2932	95.53
2931	95.54
2930	95.54
2929	95.55
2928	95.55
2927	95.56
2926	95.56
2925	95.57
2924	95.57
2923	95.58
2922	95.58
2921	95.59
2920	95.59
2919	95.59
2918	95.59
2917	95.59
2916	95.6
2915	95.61
2914	95.61
2913	95.61
2912	95.61
2911	95.61
2910	95.61
2909	95.61
2908	95.61
2907	95.61
2906	95.62
2905	95.62
2904	95.62
2903	95.63
2902	95.63
2901	95.64
2900	95.64
2899	95.65
2898	95.65
2897	95.65
2896	95.65
2895	95.65
2894	95.66
2893	95.66
2892	95.66
2891	95.66
2890	95.66
2889	95.66
2888	95.67
2887	95.67
2886	95.67
2885	95.68
2884	95.68
2883	95.69
2882	95.69
2881	95.69
2880	95.7
2879	95.7
2878	95.7
2877	95.7
2876	95.7
2875	95.71
2874	95.71
2873	95.71
2872	95.71
2871	95.71
2870	95.71
2869	95.72
2868	95.72
2867	95.72
2866	95.72
2865	95.73
2864	95.73
2863	95.74
2862	95.74
2861	95.74
2860	95.75
2859	95.75
2858	95.75
2857	95.75
2856	95.75
2855	95.75
2854	95.75
2853	95.76
2852	95.76
2851	95.76
2850	95.77
2849	95.77
2848	95.77
2847	95.76
2846	95.76
2845	95.76
2844	95.76
2843	95.76
2842	95.77
2841	95.78
2840	95.79
2839	95.79
2838	95.79
2837	95.79
2836	95.78
2835	95.78
2834	95.79
2833	95.79
2832	95.79
2831	95.8
2830	95.8
2829	95.8
2828	95.8
2827	95.8
2826	95.8
2825	95.8
2824	95.8
2823	95.81
2822	95.81
2821	95.81
2820	95.81
2819	95.81
2818	95.81
2817	95.81
2816	95.81
2815	95.81
2814	95.81
2813	95.82
2812	95.82
2811	95.82
2810	95.82
2809	95.82
2808	95.83
2807	95.83
2806	95.84
2805	95.84
2804	95.84
2803	95.84
2802	95.83
2801	95.84
2800	95.84
2799	95.84
2798	95.84
2797	95.84
2796	95.84
2795	95.84
2794	95.84
2793	95.84
2792	95.84
2791	95.84
2790	95.84
2789	95.84
2788	95.85
2787	95.85
2786	95.85
2785	95.86
2784	95.86
2783	95.85
2782	95.85
2781	95.85
2780	95.85
2779	95.86
2778	95.86
2777	95.86
2776	95.86
2775	95.86
2774	95.86
2773	95.87
2772	95.87
2771	95.87
2770	95.87
2769	95.87
2768	95.87
2767	95.88
2766	95.88
2765	95.88
2764	95.88
2763	95.88
2762	95.87
2761	95.87
2760	95.87
2759	95.87
2758	95.87
2757	95.88
2756	95.88
2755	95.88
2754	95.88
2753	95.88
2752	95.88
2751	95.88
2750	95.89
2749	95.89
2748	95.89
2747	95.9
2746	95.9
2745	95.9
2744	95.9
2743	95.9
2742	95.9
2741	95.9
2740	95.9
2739	95.9
2738	95.9
2737	95.9
2736	95.89
2735	95.9
2734	95.9
2733	95.9
2732	95.91
2731	95.91
2730	95.91
2729	95.92
2728	95.92
2727	95.92
2726	95.92
2725	95.92
2724	95.91
2723	95.91
2722	95.91
2721	95.92
2720	95.92
2719	95.92
2718	95.92
2717	95.92
2716	95.91
2715	95.91
2714	95.91
2713	95.92
2712	95.92
2711	95.93
2710	95.93
2709	95.92
2708	95.92
2707	95.93
2706	95.93
2705	95.93
2704	95.93
2703	95.93
2702	95.93
2701	95.93
2700	95.93
2699	95.93
2698	95.93
2697	95.93
2696	95.93
2695	95.93
2694	95.93
2693	95.93
2692	95.93
2691	95.94
2690	95.94
2689	95.94
2688	95.94
2687	95.94
2686	95.94
2685	95.93
2684	95.93
2683	95.94
2682	95.94
2681	95.94
2680	95.94
2679	95.94
2678	95.94
2677	95.94
2676	95.94
2675	95.93
2674	95.93
2673	95.93
2672	95.93
2671	95.94
2670	95.94
2669	95.94
2668	95.93
2667	95.93
2666	95.92
2665	95.91
2664	95.9
2663	95.89
2662	95.88
2661	95.87
2660	95.86
2659	95.85
2658	95.85
2657	95.85
2656	95.85
2655	95.84
2654	95.84
2653	95.84
2652	95.84
2651	95.84
2650	95.85
2649	95.85
2648	95.86
2647	95.86
2646	95.86
2645	95.86
2644	95.86
2643	95.86
2642	95.87
2641	95.88
2640	95.88
2639	95.88
2638	95.88
2637	95.88
2636	95.88
2635	95.89
2634	95.89
2633	95.9
2632	95.91
2631	95.92
2630	95.92
2629	95.93
2628	95.93
2627	95.94
2626	95.94
2625	95.95
2624	95.95
2623	95.95
2622	95.96
2621	95.96
2620	95.96
2619	95.97
2618	95.97
2617	95.98
2616	95.99
2615	95.99
2614	96
2613	96
2612	96
2611	96.01
2610	96.01
2609	96.02
2608	96.02
2607	96.02
2606	96.02
2605	96.03
2604	96.03
2603	96.04
2602	96.04
2601	96.05
2600	96.05
2599	96.06
2598	96.06
2597	96.07
2596	96.07
2595	96.07
2594	96.07
2593	96.06
2592	96.06
2591	96.06
2590	96.07
2589	96.07
2588	96.08
2587	96.08
2586	96.09
2585	96.09
2584	96.1
2583	96.1
2582	96.11
2581	96.11
2580	96.11
2579	96.11
2578	96.1
2577	96.1
2576	96.1
2575	96.1
2574	96.11
2573	96.11
2572	96.11
2571	96.11
2570	96.11
2569	96.12
2568	96.12
2567	96.13
2566	96.13
2565	96.13
2564	96.14
2563	96.15
2562	96.15
2561	96.16
2560	96.16
2559	96.17
2558	96.17
2557	96.17
2556	96.18
2555	96.18
2554	96.18
2553	96.17
2552	96.17
2551	96.17
2550	96.17
2549	96.17
2548	96.17
2547	96.17
2546	96.17
2545	96.16
2544	96.16
2543	96.16
2542	96.16
2541	96.17
2540	96.17
2539	96.17
2538	96.17
2537	96.16
2536	96.16
2535	96.16
2534	96.17
2533	96.18
2532	96.19
2531	96.19
2530	96.19
2529	96.19
2528	96.19
2527	96.2
2526	96.2
2525	96.21
2524	96.21
2523	96.21
2522	96.21
2521	96.2
2520	96.19
2519	96.19
2518	96.19
2517	96.2
2516	96.21
2515	96.21
2514	96.21
2513	96.21
2512	96.21
2511	96.21
2510	96.22
2509	96.22
2508	96.21
2507	96.21
2506	96.22
2505	96.22
2504	96.22
2503	96.22
2502	96.22
2501	96.21
2500	96.2
2499	96.19
2498	96.19
2497	96.18
2496	96.19
2495	96.19
2494	96.2
2493	96.21
2492	96.21
2491	96.2
2490	96.2
2489	96.2
2488	96.2
2487	96.2
2486	96.2
2485	96.2
2484	96.21
2483	96.2
2482	96.2
2481	96.19
2480	96.19
2479	96.19
2478	96.19
2477	96.2
2476	96.2
2475	96.2
2474	96.2
2473	96.2
2472	96.2
2471	96.19
2470	96.19
2469	96.19
2468	96.19
2467	96.19
2466	96.19
2465	96.19
2464	96.2
2463	96.19
2462	96.18
2461	96.17
2460	96.16
2459	96.16
2458	96.15
2457	96.15
2456	96.14
2455	96.14
2454	96.14
2453	96.14
2452	96.14
2451	96.14
2450	96.15
2449	96.15
2448	96.15
2447	96.15
2446	96.15
2445	96.15
2444	96.15
2443	96.16
2442	96.17
2441	96.18
2440	96.18
2439	96.18
2438	96.18
2437	96.18
2436	96.18
2435	96.17
2434	96.17
2433	96.18
2432	96.19
2431	96.19
2430	96.2
2429	96.2
2428	96.2
2427	96.2
2426	96.2
2425	96.19
2424	96.19
2423	96.2
2422	96.2
2421	96.2
2420	96.19
2419	96.19
2418	96.19
2417	96.18
2416	96.18
2415	96.18
2414	96.18
2413	96.18
2412	96.18
2411	96.17
2410	96.17
2409	96.17
2408	96.17
2407	96.18
2406	96.19
2405	96.19
2404	96.19
2403	96.2
2402	96.2
2401	96.2
2400	96.2
2399	96.19
2398	96.19
2397	96.18
2396	96.19
2395	96.19
2394	96.2
2393	96.21
2392	96.21
2391	96.21
2390	96.2
2389	96.19
2388	96.19
2387	96.2
2386	96.21
2385	96.22
2384	96.24
2383	96.25
2382	96.26
2381	96.27
2380	96.27
2379	96.28
2378	96.29
2377	96.3
2376	96.3
2375	96.3
2374	96.28
2373	96.27
2372	96.26
2371	96.26
2370	96.27
2369	96.27
2368	96.27
2367	96.27
2366	96.27
2365	96.27
2364	96.27
2363	96.26
2362	96.25
2361	96.24
2360	96.23
2359	96.23
2358	96.24
2357	96.24
2356	96.23
2355	96.21
2354	96.2
2353	96.19
2352	96.19
2351	96.2
2350	96.2
2349	96.2
2348	96.18
2347	96.16
2346	96.12
2345	96.1
2344	96.09
2343	96.1
2342	96.11
2341	96.12
2340	96.11
2339	96.08
2338	96.06
2337	96.06
2336	96.06
2335	96.06
2334	96.04
2333	96.03
2332	96.02
2331	96.03
2330	96.03
2329	96.02
2328	95.99
2327	95.91
2326	95.8
2325	95.7
2324	95.64
2323	95.65
2322	95.7
2321	95.76
2320	95.81
2319	95.85
2318	95.88
2317	95.9
2316	95.92
2315	95.93
2314	95.93
2313	95.94
2312	95.96
2311	95.98
2310	95.99
2309	96
2308	96
2307	95.99
2306	95.97
2305	95.95
2304	95.93
2303	95.91
2302	95.9
2301	95.89
2300	95.88
2299	95.87
2298	95.85
2297	95.82
2296	95.8
2295	95.77
2294	95.75
2293	95.72
2292	95.7
2291	95.67
2290	95.64
2289	95.61
2288	95.59
2287	95.58
2286	95.58
2285	95.59
2284	95.61
2283	95.63
2282	95.66
2281	95.69
2280	95.72
2279	95.74
2278	95.76
2277	95.77
2276	95.78
2275	95.8
2274	95.81
2273	95.82
2272	95.83
2271	95.84
2270	95.84
2269	95.85
2268	95.86
2267	95.88
2266	95.91
2265	95.94
2264	95.96
2263	95.97
2262	95.96
2261	95.94
2260	95.91
2259	95.88
2258	95.87
2257	95.87
2256	95.89
2255	95.92
2254	95.93
2253	95.93
2252	95.92
2251	95.92
2250	95.93
2249	95.93
2248	95.93
2247	95.93
2246	95.91
2245	95.89
2244	95.88
2243	95.88
2242	95.88
2241	95.88
2240	95.89
2239	95.9
2238	95.91
2237	95.91
2236	95.91
2235	95.91
2234	95.91
2233	95.9
2232	95.89
2231	95.88
2230	95.88
2229	95.88
2228	95.88
2227	95.88
2226	95.87
2225	95.88
2224	95.88
2223	95.89
2222	95.9
2221	95.91
2220	95.93
2219	95.93
2218	95.92
2217	95.91
2216	95.9
2215	95.88
2214	95.87
2213	95.86
2212	95.86
2211	95.85
2210	95.83
2209	95.8
2208	95.77
2207	95.77
2206	95.79
2205	95.81
2204	95.8
2203	95.78
2202	95.75
2201	95.72
2200	95.69
2199	95.65
2198	95.61
2197	95.59
2196	95.58
2195	95.59
2194	95.59
2193	95.56
2192	95.52
2191	95.48
2190	95.44
2189	95.42
2188	95.41
2187	95.4
2186	95.42
2185	95.45
2184	95.52
2183	95.6
2182	95.7
2181	95.8
2180	95.85
2179	95.86
2178	95.84
2177	95.84
2176	95.88
2175	95.94
2174	95.99
2173	96.02
2172	96.02
2171	95.98
2170	95.91
2169	95.84
2168	95.79
2167	95.75
2166	95.73
2165	95.73
2164	95.72
2163	95.7
2162	95.7
2161	95.8
2160	96.06
2159	96.45
2158	96.8
2157	97
2156	97.03
2155	96.95
2154	96.85
2153	96.75
2152	96.7
2151	96.69
2150	96.69
2149	96.69
2148	96.69
2147	96.7
2146	96.7
2145	96.69
2144	96.66
2143	96.61
2142	96.57
2141	96.55
2140	96.54
2139	96.53
2138	96.53
2137	96.55
2136	96.6
2135	96.67
2134	96.73
2133	96.76
2132	96.75
2131	96.7
2130	96.65
2129	96.61
2128	96.58
2127	96.55
2126	96.53
2125	96.49
2124	96.46
2123	96.44
2122	96.42
2121	96.4
2120	96.39
2119	96.36
2118	96.33
2117	96.3
2116	96.26
2115	96.24
2114	96.23
2113	96.22
2112	96.23
2111	96.24
2110	96.25
2109	96.26
2108	96.27
2107	96.27
2106	96.27
2105	96.26
2104	96.25
2103	96.25
2102	96.26
2101	96.27
2100	96.28
2099	96.29
2098	96.3
2097	96.32
2096	96.36
2095	96.39
2094	96.41
2093	96.41
2092	96.4
2091	96.38
2090	96.36
2089	96.34
2088	96.33
2087	96.32
2086	96.32
2085	96.3
2084	96.28
2083	96.26
2082	96.24
2081	96.22
2080	96.21
2079	96.21
2078	96.21
2077	96.22
2076	96.22
2075	96.23
2074	96.23
2073	96.24
2072	96.25
2071	96.26
2070	96.27
2069	96.29
2068	96.3
2067	96.31
2066	96.31
2065	96.31
2064	96.31
2063	96.31
2062	96.31
2061	96.31
2060	96.3
2059	96.29
2058	96.26
2057	96.24
2056	96.23
2055	96.23
2054	96.2
2053	96.11
2052	95.99
2051	95.92
2050	95.94
2049	96.05
2048	96.16
2047	96.22
2046	96.24
2045	96.26
2044	96.27
2043	96.28
2042	96.3
2041	96.32
2040	96.35
2039	96.37
2038	96.37
2037	96.35
2036	96.34
2035	96.35
2034	96.38
2033	96.42
2032	96.47
2031	96.51
2030	96.54
2029	96.56
2028	96.58
2027	96.57
2026	96.54
2025	96.5
2024	96.48
2023	96.49
2022	96.53
2021	96.57
2020	96.6
2019	96.59
2018	96.57
2017	96.55
2016	96.54
2015	96.54
2014	96.55
2013	96.55
2012	96.55
2011	96.53
2010	96.52
2009	96.55
2008	96.61
2007	96.7
2006	96.75
2005	96.78
2004	96.77
2003	96.75
2002	96.71
2001	96.65
2000	96.6
1999	96.54
1998	96.5
1997	96.47
1996	96.46
1995	96.45
1994	96.44
1993	96.43
1992	96.44
1991	96.45
1990	96.45
1989	96.45
1988	96.43
1987	96.4
1986	96.37
1985	96.34
1984	96.31
1983	96.27
1982	96.2
1981	96.13
1980	96.11
1979	96.18
1978	96.34
1977	96.51
1976	96.64
1975	96.71
1974	96.73
1973	96.74
1972	96.74
1971	96.74
1970	96.74
1969	96.74
1968	96.74
1967	96.73
1966	96.72
1965	96.72
1964	96.71
1963	96.71
1962	96.73
1961	96.78
1960	96.83
1959	96.86
1958	96.86
1957	96.82
1956	96.78
1955	96.74
1954	96.71
1953	96.7
1952	96.71
1951	96.72
1950	96.73
1949	96.73
1948	96.72
1947	96.71
1946	96.7
1945	96.7
1944	96.7
1943	96.69
1942	96.68
1941	96.66
1940	96.65
1939	96.65
1938	96.65
1937	96.67
1936	96.69
1935	96.7
1934	96.69
1933	96.68
1932	96.67
1931	96.67
1930	96.67
1929	96.66
1928	96.66
1927	96.66
1926	96.67
1925	96.67
1924	96.66
1923	96.64
1922	96.61
1921	96.6
1920	96.6
1919	96.6
1918	96.59
1917	96.58
1916	96.56
1915	96.56
1914	96.56
1913	96.56
1912	96.57
1911	96.58
1910	96.58
1909	96.57
1908	96.57
1907	96.57
1906	96.57
1905	96.56
1904	96.55
1903	96.55
1902	96.55
1901	96.56
1900	96.57
1899	96.57
1898	96.56
1897	96.55
1896	96.56
1895	96.56
1894	96.56
1893	96.56
1892	96.56
1891	96.56
1890	96.56
1889	96.55
1888	96.54
1887	96.54
1886	96.54
1885	96.54
1884	96.54
1883	96.53
1882	96.53
1881	96.54
1880	96.56
1879	96.57
1878	96.57
1877	96.56
1876	96.55
1875	96.53
1874	96.52
1873	96.51
1872	96.51
1871	96.51
1870	96.52
1869	96.53
1868	96.53
1867	96.52
1866	96.51
1865	96.51
1864	96.51
1863	96.52
1862	96.53
1861	96.53
1860	96.54
1859	96.54
1858	96.54
1857	96.54
1856	96.54
1855	96.53
1854	96.53
1853	96.53
1852	96.53
1851	96.53
1850	96.53
1849	96.52
1848	96.51
1847	96.51
1846	96.52
1845	96.52
1844	96.52
1843	96.52
1842	96.51
1841	96.51
1840	96.52
1839	96.52
1838	96.52
1837	96.52
1836	96.51
1835	96.51
1834	96.51
1833	96.51
1832	96.5
1831	96.49
1830	96.48
1829	96.47
1828	96.47
1827	96.47
1826	96.46
1825	96.46
1824	96.46
1823	96.46
1822	96.46
1821	96.47
1820	96.47
1819	96.48
1818	96.5
1817	96.51
1816	96.51
1815	96.5
1814	96.49
1813	96.47
1812	96.46
1811	96.45
1810	96.43
1809	96.42
1808	96.41
1807	96.4
1806	96.4
1805	96.4
1804	96.4
1803	96.4
1802	96.39
1801	96.39
1800	96.38
1799	96.38
1798	96.38
1797	96.38
1796	96.39
1795	96.39
1794	96.39
1793	96.39
1792	96.38
1791	96.38
1790	96.38
1789	96.38
1788	96.38
1787	96.38
1786	96.37
1785	96.37
1784	96.37
1783	96.37
1782	96.37
1781	96.37
1780	96.37
1779	96.37
1778	96.37
1777	96.38
1776	96.38
1775	96.38
1774	96.38
1773	96.37
1772	96.37
1771	96.36
1770	96.36
1769	96.35
1768	96.35
1767	96.35
1766	96.35
1765	96.35
1764	96.35
1763	96.35
1762	96.34
1761	96.34
1760	96.33
1759	96.33
1758	96.32
1757	96.32
1756	96.32
1755	96.32
1754	96.31
1753	96.31
1752	96.3
1751	96.29
1750	96.28
1749	96.28
1748	96.27
1747	96.27
1746	96.28
1745	96.28
1744	96.28
1743	96.28
1742	96.27
1741	96.27
1740	96.26
1739	96.25
1738	96.25
1737	96.25
1736	96.25
1735	96.26
1734	96.26
1733	96.25
1732	96.23
1731	96.23
1730	96.22
1729	96.22
1728	96.22
1727	96.22
1726	96.22
1725	96.22
1724	96.22
1723	96.22
1722	96.22
1721	96.21
1720	96.21
1719	96.21
1718	96.21
1717	96.21
1716	96.2
1715	96.2
1714	96.2
1713	96.2
1712	96.2
1711	96.2
1710	96.2
1709	96.2
1708	96.2
1707	96.21
1706	96.2
1705	96.2
1704	96.2
1703	96.19
1702	96.19
1701	96.19
1700	96.19
1699	96.19
1698	96.19
1697	96.19
1696	96.19
1695	96.19
1694	96.18
1693	96.19
1692	96.19
1691	96.19
1690	96.19
1689	96.18
1688	96.17
1687	96.16
1686	96.15
1685	96.14
1684	96.13
1683	96.12
1682	96.13
1681	96.13
1680	96.13
1679	96.13
1678	96.12
1677	96.12
1676	96.11
1675	96.11
1674	96.12
1673	96.12
1672	96.12
1671	96.11
1670	96.11
1669	96.1
1668	96.1
1667	96.1
1666	96.09
1665	96.08
1664	96.07
1663	96.05
1662	96.04
1661	96.03
1660	96.03
1659	96.02
1658	96
1657	95.98
1656	95.96
1655	95.94
1654	95.91
1653	95.88
1652	95.86
1651	95.86
1650	95.85
1649	95.83
1648	95.79
1647	95.75
1646	95.71
1645	95.68
1644	95.66
1643	95.63
1642	95.6
1641	95.56
1640	95.52
1639	95.47
1638	95.43
1637	95.38
1636	95.32
1635	95.25
1634	95.2
1633	95.16
1632	95.13
1631	95.08
1630	95.04
1629	94.99
1628	94.95
1627	94.9
1626	94.87
1625	94.83
1624	94.8
1623	94.77
1622	94.75
1621	94.74
1620	94.72
1619	94.71
1618	94.69
1617	94.69
1616	94.69
1615	94.7
1614	94.71
1613	94.73
1612	94.75
1611	94.77
1610	94.8
1609	94.83
1608	94.86
1607	94.9
1606	94.94
1605	94.99
1604	95.04
1603	95.09
1602	95.13
1601	95.18
1600	95.23
1599	95.27
1598	95.32
1597	95.36
1596	95.41
1595	95.45
1594	95.49
1593	95.53
1592	95.57
1591	95.6
1590	95.63
1589	95.67
1588	95.69
1587	95.72
1586	95.74
1585	95.76
1584	95.79
1583	95.81
1582	95.83
1581	95.84
1580	95.85
1579	95.87
1578	95.88
1577	95.9
1576	95.92
1575	95.93
1574	95.94
1573	95.95
1572	95.95
1571	95.96
1570	95.97
1569	95.98
1568	95.99
1567	96
1566	96.01
1565	96.01
1564	96.02
1563	96.02
1562	96.02
1561	96.01
1560	96.01
1559	96.03
1558	96.04
1557	96.05
1556	96.06
1555	96.07
1554	96.07
1553	96.08
1552	96.09
1551	96.09
1550	96.1
1549	96.1
1548	96.11
1547	96.11
1546	96.11
1545	96.12
1544	96.12
1543	96.12
1542	96.12
1541	96.13
1540	96.13
1539	96.13
1538	96.13
1537	96.13
1536	96.13
1535	96.13
1534	96.13
1533	96.13
1532	96.14
1531	96.14
1530	96.14
1529	96.14
1528	96.14
1527	96.14
1526	96.15
1525	96.15
1524	96.15
1523	96.15
1522	96.15
1521	96.15
1520	96.15
1519	96.15
1518	96.15
1517	96.15
1516	96.16
1515	96.16
1514	96.17
1513	96.17
1512	96.18
1511	96.18
1510	96.17
1509	96.16
1508	96.17
1507	96.18
1506	96.18
1505	96.18
1504	96.19
1503	96.2
1502	96.2
1501	96.19
1500	96.18
1499	96.18
1498	96.18
1497	96.18
1496	96.19
1495	96.2
1494	96.2
1493	96.2
1492	96.2
1491	96.2
1490	96.2
1489	96.2
1488	96.2
1487	96.21
1486	96.21
1485	96.22
1484	96.22
1483	96.22
1482	96.23
1481	96.23
1480	96.24
1479	96.25
1478	96.25
1477	96.25
1476	96.26
1475	96.26
1474	96.26
1473	96.27
1472	96.28
1471	96.28
1470	96.28
1469	96.27
1468	96.27
1467	96.27
1466	96.27
1465	96.28
1464	96.29
1463	96.29
1462	96.3
1461	96.29
1460	96.29
1459	96.29
1458	96.29
1457	96.3
1456	96.3
1455	96.3
1454	96.3
1453	96.3
1452	96.31
1451	96.32
1450	96.33
1449	96.33
1448	96.33
1447	96.34
1446	96.34
1445	96.34
1444	96.34
1443	96.34
1442	96.34
1441	96.34
1440	96.34
1439	96.35
1438	96.35
1437	96.36
1436	96.37
1435	96.37
1434	96.37
1433	96.36
1432	96.37
1431	96.38
1430	96.38
1429	96.39
1428	96.39
1427	96.39
1426	96.38
1425	96.38
1424	96.38
1423	96.38
1422	96.38
1421	96.38
1420	96.39
1419	96.4
1418	96.4
1417	96.39
1416	96.39
1415	96.4
1414	96.4
1413	96.39
1412	96.39
1411	96.4
1410	96.4
1409	96.41
1408	96.42
1407	96.42
1406	96.43
1405	96.43
1404	96.43
1403	96.44
1402	96.43
1401	96.43
1400	96.43
1399	96.43
1398	96.43
1397	96.44
1396	96.44
1395	96.45
1394	96.45
1393	96.46
1392	96.46
1391	96.46
1390	96.46
1389	96.46
1388	96.46
1387	96.47
1386	96.47
1385	96.47
1384	96.46
1383	96.46
1382	96.46
1381	96.46
1380	96.47
1379	96.47
1378	96.47
1377	96.47
1376	96.46
1375	96.46
1374	96.46
1373	96.46
1372	96.46
1371	96.46
1370	96.46
1369	96.46
1368	96.46
1367	96.47
1366	96.47
1365	96.46
1364	96.46
1363	96.46
1362	96.46
1361	96.46
1360	96.46
1359	96.47
1358	96.47
1357	96.47
1356	96.48
1355	96.48
1354	96.48
1353	96.48
1352	96.48
1351	96.48
1350	96.48
1349	96.47
1348	96.47
1347	96.48
1346	96.47
1345	96.47
1344	96.47
1343	96.47
1342	96.47
1341	96.46
1340	96.46
1339	96.45
1338	96.45
1337	96.44
1336	96.44
1335	96.45
1334	96.46
1333	96.47
1332	96.48
1331	96.48
1330	96.48
1329	96.47
1328	96.47
1327	96.47
1326	96.47
1325	96.47
1324	96.47
1323	96.47
1322	96.47
1321	96.47
1320	96.47
1319	96.47
1318	96.47
1317	96.47
1316	96.47
1315	96.47
1314	96.47
1313	96.47
1312	96.46
1311	96.46
1310	96.45
1309	96.45
1308	96.45
1307	96.45
1306	96.46
1305	96.46
1304	96.46
1303	96.45
1302	96.45
1301	96.44
1300	96.44
1299	96.44
1298	96.44
1297	96.44
1296	96.44
1295	96.44
1294	96.44
1293	96.44
1292	96.44
1291	96.45
1290	96.45
1289	96.45
1288	96.46
1287	96.46
1286	96.46
1285	96.46
1284	96.46
1283	96.46
1282	96.46
1281	96.46
1280	96.46
1279	96.46
1278	96.46
1277	96.46
1276	96.47
1275	96.47
1274	96.46
1273	96.46
1272	96.46
1271	96.46
1270	96.46
1269	96.46
1268	96.46
1267	96.46
1266	96.46
1265	96.45
1264	96.45
1263	96.46
1262	96.45
1261	96.45
1260	96.45
1259	96.46
1258	96.46
1257	96.46
1256	96.47
1255	96.48
1254	96.48
1253	96.48
1252	96.49
1251	96.49
1250	96.5
1249	96.5
1248	96.51
1247	96.51
1246	96.52
1245	96.52
1244	96.52
1243	96.52
1242	96.51
1241	96.51
1240	96.51
1239	96.52
1238	96.52
1237	96.51
1236	96.51
1235	96.51
1234	96.51
1233	96.5
1232	96.49
1231	96.49
1230	96.49
1229	96.49
1228	96.49
1227	96.48
1226	96.46
1225	96.45
1224	96.44
1223	96.44
1222	96.43
1221	96.42
1220	96.41
1219	96.41
1218	96.41
1217	96.4
1216	96.4
1215	96.39
1214	96.37
1213	96.36
1212	96.36
1211	96.35
1210	96.34
1209	96.33
1208	96.32
1207	96.31
1206	96.29
1205	96.28
1204	96.27
1203	96.26
1202	96.23
1201	96.21
1200	96.19
1199	96.17
1198	96.14
1197	96.12
1196	96.1
1195	96.08
1194	96.05
1193	96.02
1192	96
1191	95.98
1190	95.94
1189	95.91
1188	95.88
1187	95.85
1186	95.81
1185	95.77
1184	95.73
1183	95.69
1182	95.64
1181	95.59
1180	95.54
1179	95.49
1178	95.43
1177	95.36
1176	95.29
1175	95.21
1174	95.13
1173	95.03
1172	94.94
1171	94.83
1170	94.71
1169	94.57
1168	94.41
1167	94.23
1166	94.01
1165	93.75
1164	93.46
1163	93.1
1162	92.69
1161	92.24
1160	91.77
1159	91.31
1158	90.88
1157	90.52
1156	90.25
1155	90.1
1154	90.07
1153	90.13
1152	90.28
1151	90.46
1150	90.65
1149	90.82
1148	90.96
1147	91.08
1146	91.17
1145	91.25
1144	91.32
1143	91.39
1142	91.45
1141	91.5
1140	91.55
1139	91.59
1138	91.61
1137	91.62
1136	91.62
1135	91.61
1134	91.58
1133	91.53
1132	91.47
1131	91.4
1130	91.3
1129	91.18
1128	91.02
1127	90.83
1126	90.59
1125	90.31
1124	89.99
1123	89.63
1122	89.23
1121	88.78
1120	88.28
1119	87.73
1118	87.09
1117	86.35
1116	85.51
1115	84.56
1114	83.49
1113	82.28
1112	80.94
1111	79.49
1110	77.97
1109	76.44
1108	75.01
1107	73.8
1106	72.95
1105	72.52
1104	72.48
1103	72.72
1102	73.04
1101	73.25
1100	73.25
1099	73.01
1098	72.61
1097	72.15
1096	71.77
1095	71.57
1094	71.62
1093	71.93
1092	72.52
1091	73.38
1090	74.44
1089	75.64
1088	76.93
1087	78.25
1086	79.52
1085	80.71
1084	81.78
1083	82.74
1082	83.58
1081	84.3
1080	84.94
1079	85.5
1078	85.99
1077	86.42
1076	86.83
1075	87.2
1074	87.55
1073	87.87
1072	88.17
1071	88.43
1070	88.66
1069	88.87
1068	89.1
1067	89.33
1066	89.57
1065	89.79
1064	90.01
1063	90.21
1062	90.39
1061	90.56
1060	90.73
1059	90.9
1058	91.06
1057	91.22
1056	91.37
1055	91.53
1054	91.67
1053	91.81
1052	91.95
1051	92.09
1050	92.21
1049	92.33
1048	92.44
1047	92.55
1046	92.64
1045	92.72
1044	92.81
1043	92.9
1042	93
1041	93.09
1040	93.18
1039	93.27
1038	93.36
1037	93.45
1036	93.53
1035	93.62
1034	93.69
1033	93.75
1032	93.82
1031	93.89
1030	93.96
1029	94.03
1028	94.1
1027	94.17
1026	94.22
1025	94.27
1024	94.32
1023	94.37
1022	94.42
1021	94.47
1020	94.51
1019	94.56
1018	94.61
1017	94.65
1016	94.69
1015	94.72
1014	94.75
1013	94.78
1012	94.8
1011	94.83
1010	94.85
1009	94.87
1008	94.89
1007	94.92
1006	94.94
1005	94.96
1004	94.98
1003	94.99
1002	94.99
1001	94.99
1000	95
999	95.01
998	95.01
997	95.01
996	95.01
995	95.02
994	95.02
993	95.03
992	95.04
991	95.05
990	95.05
989	95.04
988	95.03
987	95.02
986	94.99
985	94.97
984	94.98
983	95
982	95.03
981	95.07
980	95.11
979	95.14
978	95.16
977	95.18
976	95.2
975	95.22
974	95.25
973	95.27
972	95.31
971	95.34
970	95.36
969	95.38
968	95.4
967	95.43
966	95.45
965	95.46
964	95.48
963	95.5
962	95.52
961	95.55
960	95.58
959	95.6
958	95.63
957	95.65
956	95.68
955	95.7
954	95.71
953	95.72
952	95.74
951	95.77
950	95.79
949	95.82
948	95.85
947	95.87
946	95.88
945	95.89
944	95.92
943	95.94
942	95.96
941	95.98
940	96
939	96.02
938	96.04
937	96.05
936	96.07
935	96.1
934	96.11
933	96.13
932	96.16
931	96.18
930	96.2
929	96.22
928	96.24
927	96.26
926	96.27
925	96.29
924	96.31
923	96.33
922	96.35
921	96.36
920	96.38
919	96.39
918	96.4
917	96.41
916	96.43
915	96.45
914	96.47
913	96.48
912	96.5
911	96.52
910	96.53
909	96.54
908	96.56
907	96.57
906	96.58
905	96.58
904	96.58
903	96.59
902	96.6
901	96.62
900	96.64
899	96.67
898	96.68
897	96.68
896	96.69
895	96.7
894	96.7
893	96.7
892	96.71
891	96.72
890	96.72
889	96.72
888	96.72
887	96.72
886	96.71
885	96.7
884	96.69
883	96.7
882	96.69
881	96.69
880	96.7
879	96.7
878	96.7
877	96.71
876	96.72
875	96.72
874	96.71
873	96.7
872	96.69
871	96.69
870	96.68
869	96.68
868	96.69
867	96.69
866	96.7
865	96.7
864	96.7
863	96.7
862	96.69
861	96.69
860	96.7
859	96.71
858	96.71
857	96.71
856	96.71
855	96.72
854	96.72
853	96.72
852	96.72
851	96.73
850	96.72
849	96.71
848	96.71
847	96.71
846	96.71
845	96.72
844	96.74
843	96.76
842	96.75
841	96.76
840	96.77
839	96.78
838	96.79
837	96.79
836	96.8
835	96.81
834	96.8
833	96.8
832	96.8
831	96.8
830	96.8
829	96.79
828	96.79
827	96.79
826	96.79
825	96.79
824	96.8
823	96.81
822	96.8
821	96.8
820	96.81
819	96.81
818	96.8
817	96.79
816	96.79
815	96.79
814	96.79
813	96.78
812	96.78
811	96.78
810	96.77
809	96.76
808	96.77
807	96.78
806	96.77
805	96.77
804	96.78
803	96.8
802	96.8
801	96.8
800	96.81
799	96.82
798	96.81
797	96.81
796	96.81
795	96.82
794	96.82
793	96.81
792	96.81
791	96.81
790	96.8
789	96.79
788	96.8
787	96.81
786	96.81
785	96.81
784	96.82
783	96.82
782	96.81
781	96.81
780	96.82
779	96.83
778	96.82
777	96.81
776	96.81
775	96.81
774	96.81
773	96.8
772	96.8
771	96.79
770	96.77
769	96.74
768	96.71
767	96.69
766	96.65
765	96.62
764	96.59
763	96.56
762	96.51
761	96.46
760	96.43
759	96.39
758	96.34
757	96.29
756	96.23
755	96.17
754	96.09
753	96
752	95.9
751	95.8
750	95.67
749	95.5
748	95.31
747	95.09
746	94.82
745	94.52
744	94.18
743	93.81
742	93.39
741	92.93
740	92.45
739	91.95
738	91.42
737	90.87
736	90.31
735	89.75
734	89.18
733	88.59
732	87.98
731	87.34
730	86.67
729	85.96
728	85.24
727	84.51
726	83.77
725	83.03
724	82.35
723	81.75
722	81.22
721	80.78
720	80.43
719	80.16
718	79.93
717	79.77
716	79.68
715	79.62
714	79.56
713	79.48
712	79.38
711	79.25
710	79.04
709	78.76
708	78.42
707	78.01
706	77.5
705	76.91
704	76.24
703	75.49
702	74.64
701	73.71
700	72.7
699	71.63
698	70.48
697	69.3
696	68.15
695	67.07
694	66.12
693	65.42
692	65.12
691	65.3
690	66
689	67.23
688	68.94
687	70.93
686	73.02
685	75.09
684	77.1
683	78.97
682	80.68
681	82.24
680	83.69
679	85.01
678	86.2
677	87.28
676	88.28
675	89.2
674	90
673	90.71
672	91.31
671	91.78
670	92.16
669	92.5
668	92.83
667	93.04
666	93.16
665	93.24
664	93.25
663	93.18
662	93
661	92.77
660	92.49
659	92.16
658	91.78
657	91.36
656	90.89
655	90.38
654	89.82
653	89.21
652	88.58
651	87.92
650	87.23
649	86.48
648	85.68
647	84.82
646	83.91
645	82.96
644	81.97
643	80.96
642	79.93
641	78.89
640	77.86
639	76.85
638	75.9
637	75.01
636	74.23
635	73.59
634	73.14
633	72.88
632	72.8
631	72.91
630	73.2
629	73.62
628	74.15
627	74.78
626	75.51
625	76.33
624	77.27
623	78.36
622	79.57
621	80.9
620	82.3
619	83.71
618	85.06
617	86.28
616	87.36
615	88.33
614	89.18
613	89.93
612	90.62
611	91.23
610	91.77
609	92.26
608	92.72
607	93.13
606	93.46
605	93.72
604	93.96
603	94.17
602	94.33
601	94.48
600	94.63
599	94.8
598	94.96
597	95.09
596	95.21
595	95.29
594	95.3
593	95.25
592	95.15
591	94.97
590	94.71
589	94.38
588	94
587	93.54
586	92.98
585	92.37
584	91.72
583	91.06
582	90.38
581	89.67
580	88.95
579	88.17
578	87.24
577	86.11
576	84.72
575	83.11
574	81.31
573	79.4
572	77.47
571	75.73
570	74.44
569	73.83
568	74.03
567	75
566	76.54
565	78.39
564	80.32
563	82.19
562	83.84
561	85.23
560	86.38
559	87.32
558	88.04
557	88.58
556	89
555	89.36
554	89.68
553	89.96
552	90.21
551	90.41
550	90.55
549	90.65
548	90.77
547	90.92
546	91.08
545	91.26
544	91.48
543	91.71
542	91.91
541	92.08
540	92.23
539	92.34
538	92.38
537	92.39
536	92.44
535	92.57
534	92.79
533	93.12
532	93.59
531	94.11
530	94.62
529	95.09
528	95.56
527	95.98
526	96.31
525	96.54
524	96.74
523	96.87
522	96.92
521	96.93
520	96.97
519	97
518	96.99
517	96.95
516	96.94
515	96.94
514	96.87
513	96.76
512	96.67
511	96.57
510	96.46
509	96.36
508	96.3
507	96.25
506	96.14
505	96.03
504	95.98
503	95.98
502	95.99
501	96.02
500	96.12
499	96.22
498	96.27
497	96.31
496	96.42
495	96.58
494	96.71
493	96.81
492	96.91
491	96.98
490	96.96
489	96.89
488	96.86
487	96.83
486	96.75
485	96.59
484	96.4
483	96.12
482	95.71
481	95.26
480	94.86
479	94.46
478	93.98
477	93.43
476	92.89
475	92.38
474	91.8
473	91.17
472	90.57
471	90.02
470	89.47
469	88.89
468	88.34
467	87.84
466	87.39
465	86.99
464	86.65
463	86.32
462	85.93
461	85.55
460	85.29
459	85.11
458	84.85
457	84.51
456	84.24
455	84.09
454	83.96
453	83.81
452	83.75
451	83.82
450	83.91
449	84.02
448	84.22
447	84.56
446	84.92
445	85.22
444	85.51
443	85.81
442	86.12
441	86.42
440	86.75
439	87.12
438	87.45
437	87.7
436	87.87
435	87.91
434	87.7
433	87.3
432	86.95
431	86.76
430	86.67
429	86.61
428	86.65
427	86.85
426	87.15
425	87.53
424	88.03
423	88.62
422	89.1
421	89.45
420	89.95
419	90.74
418	91.48
417	91.94
416	92.34
415	92.79
414	93.2
413	93.58
412	94.09
411	94.75
410	95.29
409	95.62
408	95.93
407	96.3
406	96.56
405	96.68
404	96.85
403	97.06
402	96.99
401	96.62
400	96.38