400.0000000000 0.0000000000
406.0000000000 0.0000000000
412.0000000000 0.0000000000
418.0000000000 0.0000000000
424.0000000000 0.0000000000
430.0000000000 0.0000000000
436.0000000000 0.0000000000
442.0000000000 0.0000000000
448.0000000000 0.0000000000
454.0000000000 0.0000000000
460.0000000000 0.0000000000
466.0000000000 0.0000000000
472.0000000000 0.0000000000
478.0000000000 0.0000000000
484.0000000000 0.0000000000
490.0000000000 0.0000000000
496.0000000000 0.0000000000
502.0000000000 0.0000000000
508.0000000000 0.0000000000
514.0000000000 0.0000000000
520.0000000000 0.0000000000
526.0000000000 0.0000000000
532.0000000000 0.0000000000
538.0000000000 0.0000000000
544.0000000000 0.0000000000
550.0000000000 0.0000000000
556.0000000000 0.0000000000
562.0000000000 0.0000000000
568.0000000000 0.0000000000
574.0000000000 0.0000000000
580.0000000000 0.0000000000
586.0000000000 0.0000000000
592.0000000000 0.0000000000
598.0000000000 0.0000000000
604.0000000000 0.0000000000
610.0000000000 0.0000000000
616.0000000000 0.0000000000
622.0000000000 0.0000000000
628.0000000000 0.0000000000
634.0000000000 0.0000000000
640.0000000000 0.0000000000
646.0000000000 0.0000000000
652.0000000000 0.0000000000
658.0000000000 0.0000000000
664.0000000000 0.0000000000
670.0000000000 0.0000000000
676.0000000000 0.0000000000
682.0000000000 0.0000000000
688.0000000000 0.0000000000
694.0000000000 0.0000000000
700.0000000000 0.0000000000
706.0000000000 0.0000000000
712.0000000000 0.0000000000
718.0000000000 0.0000000000
724.0000000000 0.0000000000
730.0000000000 0.0000000000
736.0000000000 0.0000000000
742.0000000000 0.0000000000
748.0000000000 0.0000000000
754.0000000000 0.0000000000
760.0000000000 0.0000000000
766.0000000000 0.0000000000
772.0000000000 0.0000000000
778.0000000000 0.0000000000
784.0000000000 0.0000000000
790.0000000000 0.0000000000
796.0000000000 0.0000000000
802.0000000000 0.0000000000
808.0000000000 0.0000000000
814.0000000000 0.0000000000
820.0000000000 0.0000000000
826.0000000000 0.0000000000
832.0000000000 0.0000000000
838.0000000000 0.0000000000
844.0000000000 0.0000000000
850.0000000000 0.0000000000
856.0000000000 0.0000000000
862.0000000000 0.0000000000
868.0000000000 0.0000000000
874.0000000000 0.0000000000
880.0000000000 0.0000000000
886.0000000000 0.0000000000
892.0000000000 0.0000000000
898.0000000000 0.0000000000
904.0000000000 0.0000000000
910.0000000000 0.0000000000
916.0000000000 0.0000000000
922.0000000000 0.0000000000
928.0000000000 0.0000000000
934.0000000000 0.3328465562
940.0000000000 0.3601016084
946.0000000000 0.3908457611
952.0000000000 0.4257008251
958.0000000000 0.4654335182
964.0000000000 0.5109979452
970.0000000000 0.5635933442
976.0000000000 0.6247437037
982.0000000000 0.6964092500
988.0000000000 0.7811452582
994.0000000000 0.8823325991
1000.0000000000 1.0045195703
1006.0000000000 1.1539408589
1012.0000000000 1.3393267586
1018.0000000000 1.5732039248
1024.0000000000 1.8740605340
1030.0000000000 2.2700993466
1036.0000000000 2.8060606103
1042.0000000000 3.5563509637
1048.0000000000 4.6521110777
1054.0000000000 6.3420096897
1060.0000000000 9.1445504352
1066.0000000000 14.2889310376
1072.0000000000 25.2734537981
1078.0000000000 55.2374910428
1084.0000000000 178.7771263870
1090.0000000000 490.9326691973
1096.0000000000 134.5208169623
1102.0000000000 45.9049982821
1108.0000000000 22.1788902319
1114.0000000000 12.9290523374
1120.0000000000 8.4348373346
1126.0000000000 5.9269744680
1132.0000000000 4.3890866884
1138.0000000000 3.3794174164
1144.0000000000 2.6814423271
1150.0000000000 2.1790683167
1156.0000000000 1.8055648604
1162.0000000000 1.5203845259
1168.0000000000 1.2977459132
1174.0000000000 1.1206254003
1180.0000000000 0.9774174362
1186.0000000000 0.8599907139
1192.0000000000 0.7625114828
1198.0000000000 0.6807066780
1204.0000000000 0.6113886208
1210.0000000000 0.5521403489
1216.0000000000 0.5011024234
1222.0000000000 0.4568254758
1228.0000000000 0.4181663133
1234.0000000000 0.3842134789
1240.0000000000 0.3542330970
1246.0000000000 0.3276289247
1252.0000000000 0.0000000000
1258.0000000000 0.0000000000
1264.0000000000 0.0000000000
1270.0000000000 0.0000000000
1276.0000000000 0.0000000000
1282.0000000000 0.0000000000
1288.0000000000 0.0000000000
1294.0000000000 0.0000000000
1300.0000000000 0.0000000000
1306.0000000000 0.0000000000
1312.0000000000 0.0000000000
1318.0000000000 0.0000000000
1324.0000000000 0.0000000000
1330.0000000000 0.0000000000
1336.0000000000 0.0000000000
1342.0000000000 0.0000000000
1348.0000000000 0.0000000000
1354.0000000000 0.0000000000
1360.0000000000 0.0000000000
1366.0000000000 0.0000000000
1372.0000000000 0.0000000000
1378.0000000000 0.0000000000
1384.0000000000 0.0000000000
1390.0000000000 0.0000000000
1396.0000000000 0.0000000000
1402.0000000000 0.0000000000
1408.0000000000 0.0000000000
1414.0000000000 0.0000000000
1420.0000000000 0.0000000000
1426.0000000000 0.0000000000
1432.0000000000 0.0000000000
1438.0000000000 0.0000000000
1444.0000000000 0.0000000000
1450.0000000000 0.0000000000
1456.0000000000 0.0000000000
1462.0000000000 0.0000000000
1468.0000000000 0.0000000000
1474.0000000000 0.0000000000
1480.0000000000 0.0000000000
1486.0000000000 0.0000000000
1492.0000000000 0.0000000000
1498.0000000000 0.0000000000
1504.0000000000 0.0000000000
1510.0000000000 0.0000000000
1516.0000000000 0.0000000000
1522.0000000000 0.0000000000
1528.0000000000 0.0000000000
1534.0000000000 0.0585764672
1540.0000000000 0.0632285915
1546.0000000000 0.0684576104
1552.0000000000 0.0743629789
1558.0000000000 0.0810665392
1564.0000000000 0.0887188494
1570.0000000000 0.0975077018
1576.0000000000 0.1076697407
1582.0000000000 0.1195065383
1588.0000000000 0.1334071946
1594.0000000000 0.1498806730
1600.0000000000 0.1696029711
1606.0000000000 0.1934874430
1612.0000000000 0.2227922199
1618.0000000000 0.2592888805
1624.0000000000 0.3055357458
1630.0000000000 0.3653369982
1636.0000000000 0.4445471283
1642.0000000000 0.5525521719
1648.0000000000 0.7051641459
1654.0000000000 0.9307023890
1660.0000000000 1.2839818251
1666.0000000000 1.8824619741
1672.0000000000 3.0153783292
1678.0000000000 5.5534092407
1684.0000000000 13.0671299437
1690.0000000000 47.6001461432
1696.0000000000 74.0143845692
1702.0000000000 18.5063372614
1708.0000000000 7.0134928125
1714.0000000000 3.5822882439
1720.0000000000 2.1563706649
1726.0000000000 1.4360486155
1732.0000000000 1.0235514543
1738.0000000000 0.7659033544
1744.0000000000 0.5944146975
1750.0000000000 0.4746019831
1756.0000000000 0.3876341101
1762.0000000000 0.3225288247
1768.0000000000 0.2725340765
1774.0000000000 0.2333147368
1780.0000000000 0.2019847854
1786.0000000000 0.1765629580
1792.0000000000 0.1556527215
1798.0000000000 0.1382468705
1804.0000000000 0.1236042409
1810.0000000000 0.1111696616
1816.0000000000 0.1005206505
1822.0000000000 0.0913311117
1828.0000000000 0.0833461104
1834.0000000000 0.0763640252
1840.0000000000 0.0702237103
1846.0000000000 0.0647951250
1852.0000000000 0.0599723988
1858.0000000000 0.0000000000
1864.0000000000 0.0000000000
1870.0000000000 0.0000000000
1876.0000000000 0.0000000000
1882.0000000000 0.0000000000
1888.0000000000 0.0000000000
1894.0000000000 0.0000000000
1900.0000000000 0.0000000000
1906.0000000000 0.0000000000
1912.0000000000 0.0000000000
1918.0000000000 0.0000000000
1924.0000000000 0.0000000000
1930.0000000000 0.0000000000
1936.0000000000 0.0000000000
1942.0000000000 0.0000000000
1948.0000000000 0.0000000000
1954.0000000000 0.0000000000
1960.0000000000 0.0000000000
1966.0000000000 0.0000000000
1972.0000000000 0.0000000000
1978.0000000000 0.0000000000
1984.0000000000 0.0000000000
1990.0000000000 0.0000000000
1996.0000000000 0.0000000000
2002.0000000000 0.0000000000
2008.0000000000 0.0000000000
2014.0000000000 0.0000000000
2020.0000000000 0.0000000000
2026.0000000000 0.0000000000
2032.0000000000 0.0000000000
2038.0000000000 0.0000000000
2044.0000000000 0.0000000000
2050.0000000000 0.0000000000
2056.0000000000 0.0000000000
2062.0000000000 0.0000000000
2068.0000000000 0.0000000000
2074.0000000000 0.0000000000
2080.0000000000 0.0000000000
2086.0000000000 0.0000000000
2092.0000000000 0.0000000000
2098.0000000000 0.0000000000
2104.0000000000 0.0000000000
2110.0000000000 0.0000000000
2116.0000000000 0.0000000000
2122.0000000000 0.0000000000
2128.0000000000 0.0000000000
2134.0000000000 0.0000000000
2140.0000000000 0.0000000000
2146.0000000000 0.0000000000
2152.0000000000 0.0000000000
2158.0000000000 0.0000000000
2164.0000000000 0.0000000000
2170.0000000000 0.0000000000
2176.0000000000 0.0000000000
2182.0000000000 0.0000000000
2188.0000000000 0.0000000000
2194.0000000000 0.0000000000
2200.0000000000 0.0000000000
2206.0000000000 0.0000000000
2212.0000000000 0.0000000000
2218.0000000000 0.0000000000
2224.0000000000 0.0000000000
2230.0000000000 0.0000000000
2236.0000000000 0.0000000000
2242.0000000000 0.0000000000
2248.0000000000 0.0000000000
2254.0000000000 0.0000000000
2260.0000000000 0.0000000000
2266.0000000000 0.0000000000
2272.0000000000 0.0000000000
2278.0000000000 0.0000000000
2284.0000000000 0.0000000000
2290.0000000000 0.0000000000
2296.0000000000 0.0000000000
2302.0000000000 0.0000000000
2308.0000000000 0.0000000000
2314.0000000000 0.0000000000
2320.0000000000 0.0000000000
2326.0000000000 0.0000000000
2332.0000000000 0.0000000000
2338.0000000000 0.0000000000
2344.0000000000 0.0000000000
2350.0000000000 0.0000000000
2356.0000000000 0.0000000000
2362.0000000000 0.0000000000
2368.0000000000 0.0000000000
2374.0000000000 0.0000000000
2380.0000000000 0.0000000000
2386.0000000000 0.0000000000
2392.0000000000 0.0000000000
2398.0000000000 0.0000000000
2404.0000000000 0.0000000000
2410.0000000000 0.0000000000
2416.0000000000 0.0000000000
2422.0000000000 0.0000000000
2428.0000000000 0.0000000000
2434.0000000000 0.0000000000
2440.0000000000 0.0000000000
2446.0000000000 0.0000000000
2452.0000000000 0.0000000000
2458.0000000000 0.0000000000
2464.0000000000 0.0000000000
2470.0000000000 0.0000000000
2476.0000000000 0.0000000000
2482.0000000000 0.0000000000
2488.0000000000 0.0000000000
2494.0000000000 0.0000000000
2500.0000000000 0.0000000000
2506.0000000000 0.0000000000
2512.0000000000 0.0000000000
2518.0000000000 0.0000000000
2524.0000000000 0.0000000000
2530.0000000000 0.0000000000
2536.0000000000 0.0000000000
2542.0000000000 0.0000000000
2548.0000000000 0.0000000000
2554.0000000000 0.0000000000
2560.0000000000 0.0000000000
2566.0000000000 0.0000000000
2572.0000000000 0.0000000000
2578.0000000000 0.0000000000
2584.0000000000 0.0000000000
2590.0000000000 0.0000000000
2596.0000000000 0.0000000000
2602.0000000000 0.0000000000
2608.0000000000 0.0000000000
2614.0000000000 0.0000000000
2620.0000000000 0.0000000000
2626.0000000000 0.0000000000
2632.0000000000 0.0000000000
2638.0000000000 0.0000000000
2644.0000000000 0.0000000000
2650.0000000000 0.0000000000
2656.0000000000 0.0000000000
2662.0000000000 0.0000000000
2668.0000000000 0.0000000000
2674.0000000000 0.0000000000
2680.0000000000 0.0000000000
2686.0000000000 0.0000000000
2692.0000000000 0.0000000000
2698.0000000000 0.0000000000
2704.0000000000 0.0000000000
2710.0000000000 0.0000000000
2716.0000000000 0.0000000000
2722.0000000000 0.0000000000
2728.0000000000 0.0000000000
2734.0000000000 0.0000000000
2740.0000000000 0.0000000000
2746.0000000000 0.0000000000
2752.0000000000 0.0000000000
2758.0000000000 0.0000000000
2764.0000000000 0.0000000000
2770.0000000000 0.0000000000
2776.0000000000 0.0000000000
2782.0000000000 0.0000000000
2788.0000000000 0.0000000000
2794.0000000000 0.0000000000
2800.0000000000 0.0000000000
2806.0000000000 0.0000000000
2812.0000000000 0.0000000000
2818.0000000000 0.0000000000
2824.0000000000 0.0000000000
2830.0000000000 0.0000000000
2836.0000000000 0.0000000000
2842.0000000000 0.0000000000
2848.0000000000 0.0000000000
2854.0000000000 0.0000000000
2860.0000000000 0.0000000000
2866.0000000000 0.0000000000
2872.0000000000 0.0000000000
2878.0000000000 0.0000000000
2884.0000000000 0.0000000000
2890.0000000000 0.0000000000
2896.0000000000 0.0000000000
2902.0000000000 0.0000000000
2908.0000000000 0.0000000000
2914.0000000000 0.0000000000
2920.0000000000 0.0000000000
2926.0000000000 0.0000000000
2932.0000000000 0.0000000000
2938.0000000000 0.0000000000
2944.0000000000 0.0000000000
2950.0000000000 0.0000000000
2956.0000000000 0.0000000000
2962.0000000000 0.0000000000
2968.0000000000 0.0000000000
2974.0000000000 0.0000000000
2980.0000000000 0.0000000000
2986.0000000000 0.0000000000
2992.0000000000 0.0000000000
2998.0000000000 0.0000000000
3004.0000000000 0.0000000000
3010.0000000000 0.0000000000
3016.0000000000 0.0000000000
3022.0000000000 0.0000000000
3028.0000000000 0.0000000000
3034.0000000000 0.0000000000
3040.0000000000 0.0000000000
3046.0000000000 0.0000000000
3052.0000000000 0.0000000000
3058.0000000000 0.0000000000
3064.0000000000 0.0000000000
3070.0000000000 0.0000000000
3076.0000000000 0.0000000000
3082.0000000000 0.0000000000
3088.0000000000 0.0000000000
3094.0000000000 0.0000000000
3100.0000000000 0.0000000000
3106.0000000000 0.0000000000
3112.0000000000 0.0000000000
3118.0000000000 0.0000000000
3124.0000000000 0.0000000000
3130.0000000000 0.0000000000
3136.0000000000 0.0000000000
3142.0000000000 0.0000000000
3148.0000000000 0.0000000000
3154.0000000000 0.0000000000
3160.0000000000 0.0000000000
3166.0000000000 0.0000000000
3172.0000000000 0.0000000000
3178.0000000000 0.0000000000
3184.0000000000 0.0000000000
3190.0000000000 0.0000000000
3196.0000000000 0.0000000000
3202.0000000000 0.0000000000
3208.0000000000 0.0000000000
3214.0000000000 0.0000000000
3220.0000000000 0.0000000000
3226.0000000000 0.0000000000
3232.0000000000 0.0000000000
3238.0000000000 0.0000000000
3244.0000000000 0.0000000000
3250.0000000000 0.0000000000
3256.0000000000 0.0000000000
3262.0000000000 0.0000000000
3268.0000000000 0.0000000000
3274.0000000000 0.0000000000
3280.0000000000 0.0000000000
3286.0000000000 0.0000000000
3292.0000000000 0.0000000000
3298.0000000000 0.0000000000
3304.0000000000 0.0023658670
3310.0000000000 0.0025570910
3316.0000000000 0.0027724654
3322.0000000000 0.0030162337
3328.0000000000 0.0032936137
3334.0000000000 0.0036110793
3340.0000000000 0.0039767402
3346.0000000000 0.0044008654
3352.0000000000 0.0048966105
3358.0000000000 0.0054810485
3364.0000000000 0.0061766576
3370.0000000000 0.0070135105
3376.0000000000 0.0080325729
3382.0000000000 0.0092908006
3388.0000000000 0.0108692506
3394.0000000000 0.0128864236
3400.0000000000 0.0155210791
3406.0000000000 0.0190530467
3412.0000000000 0.0239402532
3418.0000000000 0.0309738152
3424.0000000000 0.0416162217
3430.0000000000 0.0599842237
3436.0000000000 0.0905153228
3442.0000000000 0.1520846955
3448.0000000000 0.3049853477
3454.0000000000 0.8462212474
3460.0000000000 3.3109924881
3466.0000000000 1.5416832361
3472.0000000000 0.4514212329
3478.0000000000 0.2011410833
3484.0000000000 0.1129655022
3490.0000000000 0.0727757945
3496.0000000000 0.0514085931
3502.0000000000 0.0388931580
3508.0000000000 0.0311148035
3514.0000000000 0.0261486737
3520.0000000000 0.0230220582
3526.0000000000 0.0212345250
3532.0000000000 0.0205587272
3538.0000000000 0.0209666239
3544.0000000000 0.0226342408
3550.0000000000 0.0260348252
3556.0000000000 0.0322039204
3562.0000000000 0.0434589880
3568.0000000000 0.0656013705
3574.0000000000 0.1162309100
3580.0000000000 0.2679851925
3586.0000000000 0.9707840365
3592.0000000000 1.4525529939
3598.0000000000 0.3656887496
3604.0000000000 0.1410254993
3610.0000000000 0.0734144722
3616.0000000000 0.0451166408
3622.0000000000 0.0284477038
3628.0000000000 0.0202917482
3634.0000000000 0.0151924508
3640.0000000000 0.0117958792
3646.0000000000 0.0094214543
3652.0000000000 0.0076971487
3658.0000000000 0.0064058255
3664.0000000000 0.0054139001
3670.0000000000 0.0046355592
3676.0000000000 0.0040136491
3682.0000000000 0.0035089182
3688.0000000000 0.0030936903
3694.0000000000 0.0027479990
3700.0000000000 0.0024571479
3706.0000000000 0.0022101264
3712.0000000000 0.0019985536
3718.0000000000 0.0018159595
3724.0000000000 0.0016572852
3730.0000000000 0.0015185292
3736.0000000000 0.0013964927
3742.0000000000 0.0012885942
3748.0000000000 0.0011927318
3754.0000000000 0.0000000000
3760.0000000000 0.0000000000
3766.0000000000 0.0000000000
3772.0000000000 0.0000000000
3778.0000000000 0.0000000000
3784.0000000000 0.0000000000
3790.0000000000 0.0000000000
3796.0000000000 0.0000000000
3802.0000000000 0.0000000000
3808.0000000000 0.0000000000
3814.0000000000 0.0000000000
3820.0000000000 0.0000000000
3826.0000000000 0.0000000000
3832.0000000000 0.0000000000
3838.0000000000 0.0000000000
3844.0000000000 0.0000000000
3850.0000000000 0.0000000000
3856.0000000000 0.0000000000
3862.0000000000 0.0000000000
3868.0000000000 0.0000000000
3874.0000000000 0.0000000000
3880.0000000000 0.0000000000
3886.0000000000 0.0000000000
3892.0000000000 0.0000000000
3898.0000000000 0.0000000000
3904.0000000000 0.0000000000
3910.0000000000 0.0000000000
3916.0000000000 0.0000000000
3922.0000000000 0.0000000000
3928.0000000000 0.0000000000
3934.0000000000 0.0000000000
3940.0000000000 0.0000000000
3946.0000000000 0.0000000000
3952.0000000000 0.0000000000
3958.0000000000 0.0000000000
3964.0000000000 0.0000000000
3970.0000000000 0.0000000000
3976.0000000000 0.0000000000
3982.0000000000 0.0000000000
3988.0000000000 0.0000000000
3994.0000000000 0.0000000000