4000	99.54
3999	99.53
3998	99.53
3997	99.53
3996	99.53
3995	99.53
3994	99.54
3993	99.54
3992	99.54
3991	99.54
3990	99.53
3989	99.51
3988	99.51
3987	99.5
3986	99.51
3985	99.51
3984	99.51
3983	99.51
3982	99.51
3981	99.51
3980	99.51
3979	99.52
3978	99.52
3977	99.51
3976	99.5
3975	99.49
3974	99.49
3973	99.49
3972	99.49
3971	99.49
3970	99.5
3969	99.5
3968	99.51
3967	99.51
3966	99.52
3965	99.53
3964	99.53
3963	99.53
3962	99.53
3961	99.53
3960	99.53
3959	99.53
3958	99.53
3957	99.53
3956	99.54
3955	99.54
3954	99.55
3953	99.55
3952	99.55
3951	99.54
3950	99.54
3949	99.53
3948	99.53
3947	99.53
3946	99.54
3945	99.55
3944	99.56
3943	99.57
3942	99.57
3941	99.57
3940	99.57
3939	99.57
3938	99.58
3937	99.58
3936	99.58
3935	99.58
3934	99.58
3933	99.58
3932	99.58
3931	99.59
3930	99.58
3929	99.58
3928	99.58
3927	99.59
3926	99.59
3925	99.6
3924	99.6
3923	99.61
3922	99.62
3921	99.62
3920	99.63
3919	99.63
3918	99.63
3917	99.63
3916	99.63
3915	99.64
3914	99.65
3913	99.66
3912	99.66
3911	99.66
3910	99.65
3909	99.65
3908	99.65
3907	99.64
3906	99.63
3905	99.63
3904	99.62
3903	99.62
3902	99.62
3901	99.63
3900	99.63
3899	99.64
3898	99.64
3897	99.65
3896	99.65
3895	99.65
3894	99.65
3893	99.64
3892	99.64
3891	99.64
3890	99.64
3889	99.63
3888	99.62
3887	99.62
3886	99.62
3885	99.63
3884	99.63
3883	99.63
3882	99.64
3881	99.64
3880	99.64
3879	99.64
3878	99.63
3877	99.63
3876	99.63
3875	99.62
3874	99.6
3873	99.57
3872	99.54
3871	99.53
3870	99.54
3869	99.55
3868	99.55
3867	99.55
3866	99.56
3865	99.58
3864	99.59
3863	99.59
3862	99.59
3861	99.59
3860	99.59
3859	99.59
3858	99.59
3857	99.58
3856	99.58
3855	99.57
3854	99.58
3853	99.59
3852	99.6
3851	99.62
3850	99.64
3849	99.66
3848	99.66
3847	99.65
3846	99.64
3845	99.62
3844	99.62
3843	99.62
3842	99.63
3841	99.64
3840	99.64
3839	99.64
3838	99.64
3837	99.64
3836	99.64
3835	99.63
3834	99.63
3833	99.63
3832	99.63
3831	99.64
3830	99.65
3829	99.65
3828	99.66
3827	99.66
3826	99.66
3825	99.65
3824	99.64
3823	99.62
3822	99.61
3821	99.6
3820	99.6
3819	99.6
3818	99.62
3817	99.64
3816	99.66
3815	99.68
3814	99.68
3813	99.67
3812	99.67
3811	99.67
3810	99.67
3809	99.66
3808	99.66
3807	99.65
3806	99.65
3805	99.64
3804	99.63
3803	99.63
3802	99.63
3801	99.64
3800	99.64
3799	99.64
3798	99.64
3797	99.65
3796	99.66
3795	99.66
3794	99.66
3793	99.66
3792	99.66
3791	99.66
3790	99.66
3789	99.65
3788	99.65
3787	99.65
3786	99.66
3785	99.67
3784	99.67
3783	99.67
3782	99.67
3781	99.66
3780	99.66
3779	99.66
3778	99.66
3777	99.66
3776	99.66
3775	99.66
3774	99.66
3773	99.65
3772	99.63
3771	99.63
3770	99.62
3769	99.62
3768	99.62
3767	99.63
3766	99.63
3765	99.64
3764	99.64
3763	99.64
3762	99.64
3761	99.63
3760	99.63
3759	99.62
3758	99.62
3757	99.61
3756	99.61
3755	99.61
3754	99.62
3753	99.63
3752	99.64
3751	99.65
3750	99.66
3749	99.66
3748	99.65
3747	99.65
3746	99.66
3745	99.66
3744	99.66
3743	99.64
3742	99.62
3741	99.61
3740	99.62
3739	99.62
3738	99.62
3737	99.62
3736	99.62
3735	99.64
3734	99.64
3733	99.65
3732	99.64
3731	99.63
3730	99.62
3729	99.63
3728	99.65
3727	99.66
3726	99.66
3725	99.66
3724	99.66
3723	99.66
3722	99.66
3721	99.65
3720	99.64
3719	99.63
3718	99.62
3717	99.62
3716	99.62
3715	99.61
3714	99.61
3713	99.61
3712	99.61
3711	99.61
3710	99.61
3709	99.61
3708	99.61
3707	99.61
3706	99.61
3705	99.61
3704	99.6
3703	99.6
3702	99.59
3701	99.58
3700	99.58
3699	99.58
3698	99.58
3697	99.59
3696	99.59
3695	99.59
3694	99.59
3693	99.58
3692	99.57
3691	99.57
3690	99.57
3689	99.58
3688	99.59
3687	99.6
3686	99.6
3685	99.6
3684	99.6
3683	99.59
3682	99.58
3681	99.57
3680	99.56
3679	99.54
3678	99.52
3677	99.51
3676	99.52
3675	99.52
3674	99.53
3673	99.52
3672	99.52
3671	99.52
3670	99.53
3669	99.52
3668	99.52
3667	99.51
3666	99.5
3665	99.49
3664	99.48
3663	99.46
3662	99.45
3661	99.43
3660	99.42
3659	99.41
3658	99.4
3657	99.38
3656	99.37
3655	99.36
3654	99.35
3653	99.35
3652	99.34
3651	99.33
3650	99.33
3649	99.33
3648	99.34
3647	99.34
3646	99.33
3645	99.31
3644	99.29
3643	99.27
3642	99.26
3641	99.26
3640	99.25
3639	99.24
3638	99.23
3637	99.22
3636	99.2
3635	99.18
3634	99.16
3633	99.13
3632	99.11
3631	99.08
3630	99.05
3629	99.03
3628	99.01
3627	98.99
3626	98.97
3625	98.95
3624	98.93
3623	98.91
3622	98.88
3621	98.85
3620	98.83
3619	98.81
3618	98.79
3617	98.75
3616	98.73
3615	98.7
3614	98.68
3613	98.66
3612	98.64
3611	98.63
3610	98.61
3609	98.58
3608	98.55
3607	98.52
3606	98.49
3605	98.46
3604	98.43
3603	98.39
3602	98.35
3601	98.31
3600	98.28
3599	98.24
3598	98.22
3597	98.19
3596	98.16
3595	98.12
3594	98.07
3593	98.03
3592	97.99
3591	97.96
3590	97.92
3589	97.87
3588	97.82
3587	97.78
3586	97.73
3585	97.69
3584	97.65
3583	97.6
3582	97.56
3581	97.52
3580	97.48
3579	97.43
3578	97.38
3577	97.33
3576	97.28
3575	97.23
3574	97.18
3573	97.13
3572	97.08
3571	97.03
3570	96.98
3569	96.93
3568	96.87
3567	96.81
3566	96.75
3565	96.7
3564	96.65
3563	96.6
3562	96.54
3561	96.47
3560	96.4
3559	96.32
3558	96.25
3557	96.18
3556	96.12
3555	96.05
3554	95.99
3553	95.92
3552	95.85
3551	95.77
3550	95.69
3549	95.61
3548	95.52
3547	95.44
3546	95.37
3545	95.3
3544	95.23
3543	95.16
3542	95.09
3541	95.01
3540	94.93
3539	94.84
3538	94.75
3537	94.66
3536	94.57
3535	94.49
3534	94.41
3533	94.34
3532	94.26
3531	94.17
3530	94.08
3529	93.97
3528	93.87
3527	93.78
3526	93.69
3525	93.6
3524	93.51
3523	93.42
3522	93.33
3521	93.23
3520	93.14
3519	93.05
3518	92.96
3517	92.87
3516	92.77
3515	92.67
3514	92.57
3513	92.47
3512	92.38
3511	92.28
3510	92.18
3509	92.07
3508	91.97
3507	91.86
3506	91.76
3505	91.66
3504	91.56
3503	91.46
3502	91.36
3501	91.26
3500	91.16
3499	91.06
3498	90.95
3497	90.84
3496	90.73
3495	90.63
3494	90.52
3493	90.42
3492	90.31
3491	90.21
3490	90.1
3489	89.98
3488	89.86
3487	89.74
3486	89.62
3485	89.51
3484	89.4
3483	89.3
3482	89.19
3481	89.08
3480	88.97
3479	88.86
3478	88.75
3477	88.63
3476	88.51
3475	88.38
3474	88.25
3473	88.12
3472	88
3471	87.87
3470	87.75
3469	87.63
3468	87.51
3467	87.4
3466	87.3
3465	87.19
3464	87.08
3463	86.96
3462	86.83
3461	86.71
3460	86.59
3459	86.48
3458	86.38
3457	86.27
3456	86.15
3455	86.04
3454	85.92
3453	85.81
3452	85.7
3451	85.58
3450	85.47
3449	85.35
3448	85.23
3447	85.11
3446	85
3445	84.89
3444	84.78
3443	84.66
3442	84.54
3441	84.42
3440	84.29
3439	84.17
3438	84.04
3437	83.92
3436	83.81
3435	83.69
3434	83.58
3433	83.46
3432	83.34
3431	83.22
3430	83.11
3429	83
3428	82.9
3427	82.79
3426	82.68
3425	82.57
3424	82.45
3423	82.33
3422	82.2
3421	82.07
3420	81.95
3419	81.83
3418	81.72
3417	81.59
3416	81.46
3415	81.32
3414	81.18
3413	81.05
3412	80.92
3411	80.8
3410	80.67
3409	80.55
3408	80.44
3407	80.32
3406	80.2
3405	80.07
3404	79.93
3403	79.79
3402	79.64
3401	79.5
3400	79.38
3399	79.27
3398	79.17
3397	79.07
3396	78.95
3395	78.82
3394	78.68
3393	78.54
3392	78.4
3391	78.28
3390	78.17
3389	78.07
3388	77.97
3387	77.86
3386	77.74
3385	77.62
3384	77.5
3383	77.39
3382	77.27
3381	77.16
3380	77.04
3379	76.93
3378	76.82
3377	76.7
3376	76.59
3375	76.48
3374	76.37
3373	76.26
3372	76.15
3371	76.04
3370	75.92
3369	75.82
3368	75.72
3367	75.65
3366	75.58
3365	75.5
3364	75.42
3363	75.33
3362	75.24
3361	75.16
3360	75.08
3359	75.01
3358	74.95
3357	74.88
3356	74.81
3355	74.73
3354	74.64
3353	74.55
3352	74.47
3351	74.4
3350	74.34
3349	74.29
3348	74.24
3347	74.2
3346	74.15
3345	74.09
3344	74.03
3343	73.97
3342	73.9
3341	73.85
3340	73.8
3339	73.76
3338	73.74
3337	73.73
3336	73.72
3335	73.7
3334	73.67
3333	73.64
3332	73.6
3331	73.56
3330	73.52
3329	73.49
3328	73.44
3327	73.41
3326	73.38
3325	73.36
3324	73.36
3323	73.36
3322	73.38
3321	73.38
3320	73.39
3319	73.39
3318	73.39
3317	73.39
3316	73.39
3315	73.39
3314	73.39
3313	73.39
3312	73.38
3311	73.37
3310	73.35
3309	73.34
3308	73.34
3307	73.35
3306	73.38
3305	73.42
3304	73.46
3303	73.51
3302	73.56
3301	73.61
3300	73.64
3299	73.67
3298	73.69
3297	73.7
3296	73.71
3295	73.74
3294	73.77
3293	73.81
3292	73.87
3291	73.94
3290	74.01
3289	74.08
3288	74.14
3287	74.2
3286	74.25
3285	74.31
3284	74.37
3283	74.44
3282	74.5
3281	74.56
3280	74.61
3279	74.67
3278	74.73
3277	74.78
3276	74.84
3275	74.89
3274	74.94
3273	74.99
3272	75.06
3271	75.14
3270	75.23
3269	75.34
3268	75.44
3267	75.55
3266	75.64
3265	75.73
3264	75.82
3263	75.91
3262	76
3261	76.09
3260	76.18
3259	76.27
3258	76.36
3257	76.46
3256	76.55
3255	76.66
3254	76.77
3253	76.87
3252	76.98
3251	77.08
3250	77.18
3249	77.27
3248	77.37
3247	77.48
3246	77.6
3245	77.72
3244	77.85
3243	77.98
3242	78.1
3241	78.21
3240	78.32
3239	78.44
3238	78.55
3237	78.67
3236	78.77
3235	78.88
3234	79
3233	79.12
3232	79.25
3231	79.39
3230	79.54
3229	79.68
3228	79.82
3227	79.95
3226	80.09
3225	80.22
3224	80.34
3223	80.46
3222	80.59
3221	80.72
3220	80.85
3219	80.98
3218	81.11
3217	81.24
3216	81.36
3215	81.49
3214	81.62
3213	81.76
3212	81.9
3211	82.04
3210	82.18
3209	82.32
3208	82.45
3207	82.59
3206	82.72
3205	82.85
3204	82.98
3203	83.11
3202	83.24
3201	83.36
3200	83.49
3199	83.62
3198	83.76
3197	83.9
3196	84.03
3195	84.16
3194	84.29
3193	84.41
3192	84.54
3191	84.66
3190	84.78
3189	84.91
3188	85.03
3187	85.16
3186	85.28
3185	85.41
3184	85.53
3183	85.66
3182	85.78
3181	85.9
3180	86.02
3179	86.14
3178	86.25
3177	86.37
3176	86.48
3175	86.58
3174	86.69
3173	86.79
3172	86.9
3171	87.01
3170	87.12
3169	87.24
3168	87.35
3167	87.46
3166	87.56
3165	87.66
3164	87.76
3163	87.87
3162	87.97
3161	88.07
3160	88.18
3159	88.29
3158	88.4
3157	88.51
3156	88.6
3155	88.68
3154	88.76
3153	88.85
3152	88.93
3151	89.02
3150	89.11
3149	89.2
3148	89.28
3147	89.38
3146	89.47
3145	89.57
3144	89.67
3143	89.76
3142	89.84
3141	89.92
3140	89.99
3139	90.07
3138	90.15
3137	90.23
3136	90.31
3135	90.39
3134	90.46
3133	90.54
3132	90.62
3131	90.69
3130	90.76
3129	90.83
3128	90.91
3127	90.98
3126	91.05
3125	91.12
3124	91.19
3123	91.25
3122	91.31
3121	91.37
3120	91.42
3119	91.48
3118	91.53
3117	91.6
3116	91.67
3115	91.73
3114	91.79
3113	91.85
3112	91.91
3111	91.96
3110	92.02
3109	92.08
3108	92.14
3107	92.19
3106	92.24
3105	92.28
3104	92.32
3103	92.37
3102	92.41
3101	92.46
3100	92.5
3099	92.55
3098	92.59
3097	92.64
3096	92.68
3095	92.73
3094	92.77
3093	92.81
3092	92.84
3091	92.87
3090	92.9
3089	92.93
3088	92.96
3087	92.99
3086	93.03
3085	93.06
3084	93.09
3083	93.12
3082	93.15
3081	93.18
3080	93.2
3079	93.23
3078	93.25
3077	93.28
3076	93.31
3075	93.34
3074	93.37
3073	93.39
3072	93.4
3071	93.4
3070	93.41
3069	93.42
3068	93.44
3067	93.45
3066	93.46
3065	93.47
3064	93.48
3063	93.49
3062	93.5
3061	93.5
3060	93.51
3059	93.52
3058	93.52
3057	93.53
3056	93.53
3055	93.53
3054	93.52
3053	93.52
3052	93.51
3051	93.51
3050	93.5
3049	93.5
3048	93.49
3047	93.49
3046	93.48
3045	93.48
3044	93.47
3043	93.46
3042	93.44
3041	93.43
3040	93.41
3039	93.4
3038	93.38
3037	93.37
3036	93.35
3035	93.34
3034	93.32
3033	93.3
3032	93.27
3031	93.23
3030	93.2
3029	93.16
3028	93.13
3027	93.1
3026	93.06
3025	93.03
3024	92.99
3023	92.95
3022	92.89
3021	92.83
3020	92.77
3019	92.7
3018	92.63
3017	92.56
3016	92.48
3015	92.41
3014	92.34
3013	92.26
3012	92.17
3011	92.07
3010	91.96
3009	91.85
3008	91.72
3007	91.58
3006	91.44
3005	91.29
3004	91.13
3003	90.96
3002	90.78
3001	90.6
3000	90.4
2999	90.2
2998	89.99
2997	89.78
2996	89.56
2995	89.35
2994	89.13
2993	88.91
2992	88.7
2991	88.49
2990	88.29
2989	88.09
2988	87.9
2987	87.72
2986	87.56
2985	87.41
2984	87.27
2983	87.15
2982	87.05
2981	86.96
2980	86.87
2979	86.79
2978	86.72
2977	86.66
2976	86.61
2975	86.54
2974	86.48
2973	86.41
2972	86.34
2971	86.26
2970	86.18
2969	86.07
2968	85.95
2967	85.81
2966	85.65
2965	85.48
2964	85.29
2963	85.08
2962	84.85
2961	84.59
2960	84.32
2959	84.04
2958	83.74
2957	83.44
2956	83.11
2955	82.78
2954	82.42
2953	82.06
2952	81.7
2951	81.35
2950	81.01
2949	80.7
2948	80.42
2947	80.19
2946	80
2945	79.88
2944	79.81
2943	79.81
2942	79.85
2941	79.94
2940	80.07
2939	80.24
2938	80.43
2937	80.65
2936	80.88
2935	81.1
2934	81.32
2933	81.53
2932	81.73
2931	81.91
2930	82.08
2929	82.23
2928	82.36
2927	82.47
2926	82.55
2925	82.62
2924	82.68
2923	82.74
2922	82.79
2921	82.83
2920	82.88
2919	82.93
2918	82.98
2917	83.05
2916	83.12
2915	83.21
2914	83.32
2913	83.46
2912	83.61
2911	83.78
2910	83.98
2909	84.19
2908	84.41
2907	84.65
2906	84.88
2905	85.12
2904	85.36
2903	85.6
2902	85.82
2901	86.04
2900	86.25
2899	86.46
2898	86.66
2897	86.85
2896	87.04
2895	87.23
2894	87.39
2893	87.55
2892	87.7
2891	87.85
2890	88
2889	88.14
2888	88.28
2887	88.41
2886	88.54
2885	88.67
2884	88.79
2883	88.91
2882	89.01
2881	89.11
2880	89.21
2879	89.3
2878	89.39
2877	89.47
2876	89.56
2875	89.64
2874	89.71
2873	89.78
2872	89.83
2871	89.88
2870	89.93
2869	89.98
2868	90.02
2867	90.05
2866	90.07
2865	90.09
2864	90.11
2863	90.13
2862	90.14
2861	90.13
2860	90.11
2859	90.08
2858	90.04
2857	89.98
2856	89.92
2855	89.84
2854	89.75
2853	89.63
2852	89.49
2851	89.31
2850	89.1
2849	88.87
2848	88.59
2847	88.27
2846	87.89
2845	87.46
2844	86.96
2843	86.41
2842	85.8
2841	85.15
2840	84.46
2839	83.76
2838	83.05
2837	82.38
2836	81.76
2835	81.23
2834	80.81
2833	80.54
2832	80.42
2831	80.46
2830	80.63
2829	80.91
2828	81.28
2827	81.73
2826	82.22
2825	82.74
2824	83.27
2823	83.8
2822	84.32
2821	84.83
2820	85.32
2819	85.79
2818	86.24
2817	86.65
2816	87.03
2815	87.4
2814	87.75
2813	88.08
2812	88.39
2811	88.69
2810	88.97
2809	89.23
2808	89.47
2807	89.71
2806	89.94
2805	90.16
2804	90.37
2803	90.57
2802	90.76
2801	90.94
2800	91.11
2799	91.28
2798	91.44
2797	91.6
2796	91.76
2795	91.92
2794	92.09
2793	92.25
2792	92.4
2791	92.55
2790	92.69
2789	92.82
2788	92.95
2787	93.08
2786	93.21
2785	93.33
2784	93.46
2783	93.58
2782	93.7
2781	93.83
2780	93.95
2779	94.08
2778	94.2
2777	94.32
2776	94.43
2775	94.54
2774	94.65
2773	94.75
2772	94.85
2771	94.96
2770	95.06
2769	95.16
2768	95.26
2767	95.35
2766	95.45
2765	95.54
2764	95.62
2763	95.71
2762	95.78
2761	95.86
2760	95.94
2759	96.02
2758	96.09
2757	96.17
2756	96.24
2755	96.3
2754	96.37
2753	96.45
2752	96.52
2751	96.58
2750	96.64
2749	96.7
2748	96.75
2747	96.8
2746	96.85
2745	96.9
2744	96.96
2743	97.01
2742	97.06
2741	97.12
2740	97.16
2739	97.21
2738	97.25
2737	97.28
2736	97.32
2735	97.35
2734	97.38
2733	97.42
2732	97.46
2731	97.5
2730	97.53
2729	97.56
2728	97.59
2727	97.62
2726	97.65
2725	97.68
2724	97.7
2723	97.73
2722	97.75
2721	97.78
2720	97.81
2719	97.83
2718	97.86
2717	97.88
2716	97.89
2715	97.91
2714	97.93
2713	97.94
2712	97.96
2711	97.97
2710	97.98
2709	98
2708	98.01
2707	98.03
2706	98.05
2705	98.07
2704	98.08
2703	98.1
2702	98.11
2701	98.13
2700	98.14
2699	98.16
2698	98.17
2697	98.18
2696	98.19
2695	98.2
2694	98.21
2693	98.22
2692	98.22
2691	98.22
2690	98.23
2689	98.24
2688	98.25
2687	98.26
2686	98.27
2685	98.28
2684	98.29
2683	98.3
2682	98.3
2681	98.3
2680	98.3
2679	98.3
2678	98.3
2677	98.31
2676	98.31
2675	98.32
2674	98.33
2673	98.33
2672	98.34
2671	98.33
2670	98.33
2669	98.32
2668	98.32
2667	98.32
2666	98.32
2665	98.33
2664	98.33
2663	98.34
2662	98.33
2661	98.33
2660	98.33
2659	98.32
2658	98.31
2657	98.3
2656	98.3
2655	98.29
2654	98.29
2653	98.3
2652	98.3
2651	98.3
2650	98.3
2649	98.3
2648	98.3
2647	98.29
2646	98.29
2645	98.28
2644	98.27
2643	98.26
2642	98.26
2641	98.25
2640	98.24
2639	98.24
2638	98.23
2637	98.23
2636	98.22
2635	98.21
2634	98.21
2633	98.2
2632	98.19
2631	98.17
2630	98.16
2629	98.15
2628	98.14
2627	98.13
2626	98.12
2625	98.11
2624	98.1
2623	98.08
2622	98.07
2621	98.06
2620	98.04
2619	98.02
2618	98
2617	97.98
2616	97.96
2615	97.95
2614	97.95
2613	97.93
2612	97.91
2611	97.88
2610	97.86
2609	97.85
2608	97.85
2607	97.85
2606	97.85
2605	97.84
2604	97.83
2603	97.82
2602	97.82
2601	97.81
2600	97.8
2599	97.8
2598	97.8
2597	97.8
2596	97.8
2595	97.8
2594	97.8
2593	97.79
2592	97.79
2591	97.8
2590	97.81
2589	97.82
2588	97.83
2587	97.83
2586	97.84
2585	97.84
2584	97.85
2583	97.85
2582	97.85
2581	97.84
2580	97.85
2579	97.85
2578	97.86
2577	97.86
2576	97.86
2575	97.86
2574	97.86
2573	97.87
2572	97.89
2571	97.89
2570	97.88
2569	97.87
2568	97.86
2567	97.86
2566	97.87
2565	97.88
2564	97.88
2563	97.87
2562	97.85
2561	97.83
2560	97.81
2559	97.82
2558	97.83
2557	97.84
2556	97.84
2555	97.84
2554	97.83
2553	97.82
2552	97.81
2551	97.79
2550	97.77
2549	97.75
2548	97.73
2547	97.72
2546	97.7
2545	97.69
2544	97.67
2543	97.66
2542	97.65
2541	97.64
2540	97.65
2539	97.65
2538	97.66
2537	97.66
2536	97.65
2535	97.64
2534	97.63
2533	97.62
2532	97.59
2531	97.56
2530	97.54
2529	97.52
2528	97.51
2527	97.52
2526	97.54
2525	97.56
2524	97.58
2523	97.58
2522	97.58
2521	97.58
2520	97.58
2519	97.58
2518	97.57
2517	97.57
2516	97.57
2515	97.57
2514	97.58
2513	97.59
2512	97.6
2511	97.61
2510	97.62
2509	97.64
2508	97.65
2507	97.67
2506	97.69
2505	97.71
2504	97.72
2503	97.73
2502	97.74
2501	97.75
2500	97.77
2499	97.79
2498	97.81
2497	97.84
2496	97.87
2495	97.89
2494	97.92
2493	97.95
2492	97.97
2491	97.99
2490	98.02
2489	98.04
2488	98.07
2487	98.1
2486	98.13
2485	98.15
2484	98.16
2483	98.16
2482	98.17
2481	98.19
2480	98.21
2479	98.25
2478	98.29
2477	98.32
2476	98.33
2475	98.34
2474	98.35
2473	98.36
2472	98.37
2471	98.39
2470	98.4
2469	98.41
2468	98.42
2467	98.43
2466	98.45
2465	98.47
2464	98.49
2463	98.51
2462	98.51
2461	98.51
2460	98.51
2459	98.51
2458	98.52
2457	98.53
2456	98.54
2455	98.55
2454	98.56
2453	98.57
2452	98.59
2451	98.59
2450	98.6
2449	98.59
2448	98.59
2447	98.6
2446	98.6
2445	98.61
2444	98.61
2443	98.62
2442	98.62
2441	98.61
2440	98.61
2439	98.61
2438	98.62
2437	98.64
2436	98.66
2435	98.68
2434	98.7
2433	98.72
2432	98.74
2431	98.75
2430	98.75
2429	98.75
2428	98.75
2427	98.76
2426	98.77
2425	98.78
2424	98.79
2423	98.8
2422	98.81
2421	98.82
2420	98.83
2419	98.84
2418	98.85
2417	98.87
2416	98.89
2415	98.9
2414	98.91
2413	98.92
2412	98.92
2411	98.93
2410	98.94
2409	98.95
2408	98.97
2407	98.99
2406	99.01
2405	99.02
2404	99.02
2403	99.01
2402	99
2401	98.99
2400	99
2399	99.02
2398	99.03
2397	99.04
2396	99.05
2395	99.06
2394	99.07
2393	99.08
2392	99.09
2391	99.11
2390	99.12
2389	99.13
2388	99.14
2387	99.15
2386	99.16
2385	99.16
2384	99.15
2383	99.15
2382	99.15
2381	99.15
2380	99.17
2379	99.19
2378	99.21
2377	99.22
2376	99.23
2375	99.23
2374	99.23
2373	99.22
2372	99.22
2371	99.21
2370	99.22
2369	99.23
2368	99.24
2367	99.25
2366	99.24
2365	99.21
2364	99.2
2363	99.2
2362	99.22
2361	99.25
2360	99.27
2359	99.28
2358	99.27
2357	99.26
2356	99.24
2355	99.22
2354	99.21
2353	99.22
2352	99.24
2351	99.25
2350	99.25
2349	99.25
2348	99.25
2347	99.24
2346	99.24
2345	99.22
2344	99.2
2343	99.2
2342	99.22
2341	99.23
2340	99.24
2339	99.25
2338	99.26
2337	99.27
2336	99.27
2335	99.26
2334	99.24
2333	99.23
2332	99.24
2331	99.25
2330	99.25
2329	99.25
2328	99.23
2327	99.21
2326	99.19
2325	99.17
2324	99.17
2323	99.18
2322	99.2
2321	99.21
2320	99.22
2319	99.23
2318	99.24
2317	99.25
2316	99.25
2315	99.25
2314	99.24
2313	99.22
2312	99.21
2311	99.21
2310	99.21
2309	99.22
2308	99.23
2307	99.24
2306	99.25
2305	99.25
2304	99.25
2303	99.25
2302	99.24
2301	99.23
2300	99.23
2299	99.22
2298	99.21
2297	99.2
2296	99.19
2295	99.18
2294	99.17
2293	99.17
2292	99.17
2291	99.17
2290	99.18
2289	99.18
2288	99.17
2287	99.15
2286	99.14
2285	99.13
2284	99.13
2283	99.13
2282	99.14
2281	99.15
2280	99.16
2279	99.17
2278	99.18
2277	99.18
2276	99.17
2275	99.16
2274	99.15
2273	99.15
2272	99.16
2271	99.17
2270	99.17
2269	99.17
2268	99.16
2267	99.16
2266	99.16
2265	99.15
2264	99.14
2263	99.13
2262	99.12
2261	99.12
2260	99.13
2259	99.12
2258	99.11
2257	99.11
2256	99.12
2255	99.14
2254	99.15
2253	99.14
2252	99.1
2251	99.07
2250	99.06
2249	99.06
2248	99.06
2247	99.05
2246	99.03
2245	99.01
2244	98.99
2243	98.99
2242	99.02
2241	99.04
2240	99.04
2239	99.05
2238	99.06
2237	99.09
2236	99.1
2235	99.08
2234	99.03
2233	99
2232	98.98
2231	98.98
2230	98.99
2229	99.01
2228	99.03
2227	99.04
2226	99.06
2225	99.06
2224	99.07
2223	99.08
2222	99.08
2221	99.07
2220	99.05
2219	99.05
2218	99.07
2217	99.1
2216	99.12
2215	99.12
2214	99.11
2213	99.09
2212	99.08
2211	99.11
2210	99.15
2209	99.2
2208	99.22
2207	99.22
2206	99.21
2205	99.18
2204	99.16
2203	99.15
2202	99.15
2201	99.15
2200	99.14
2199	99.14
2198	99.15
2197	99.16
2196	99.18
2195	99.21
2194	99.23
2193	99.23
2192	99.21
2191	99.17
2190	99.12
2189	99.08
2188	99.06
2187	99.08
2186	99.15
2185	99.22
2184	99.28
2183	99.33
2182	99.38
2181	99.42
2180	99.43
2179	99.41
2178	99.39
2177	99.37
2176	99.35
2175	99.34
2174	99.33
2173	99.34
2172	99.34
2171	99.33
2170	99.29
2169	99.23
2168	99.19
2167	99.21
2166	99.27
2165	99.32
2164	99.35
2163	99.36
2162	99.4
2161	99.43
2160	99.45
2159	99.46
2158	99.46
2157	99.47
2156	99.5
2155	99.53
2154	99.56
2153	99.59
2152	99.6
2151	99.61
2150	99.6
2149	99.56
2148	99.49
2147	99.43
2146	99.4
2145	99.4
2144	99.43
2143	99.48
2142	99.51
2141	99.53
2140	99.54
2139	99.54
2138	99.53
2137	99.5
2136	99.46
2135	99.43
2134	99.42
2133	99.43
2132	99.46
2131	99.48
2130	99.49
2129	99.48
2128	99.45
2127	99.42
2126	99.39
2125	99.35
2124	99.33
2123	99.32
2122	99.33
2121	99.33
2120	99.33
2119	99.34
2118	99.34
2117	99.35
2116	99.34
2115	99.32
2114	99.29
2113	99.26
2112	99.24
2111	99.24
2110	99.26
2109	99.29
2108	99.32
2107	99.34
2106	99.35
2105	99.36
2104	99.37
2103	99.38
2102	99.41
2101	99.42
2100	99.41
2099	99.39
2098	99.36
2097	99.34
2096	99.32
2095	99.32
2094	99.33
2093	99.35
2092	99.35
2091	99.36
2090	99.36
2089	99.35
2088	99.34
2087	99.33
2086	99.33
2085	99.34
2084	99.36
2083	99.39
2082	99.42
2081	99.45
2080	99.45
2079	99.44
2078	99.44
2077	99.42
2076	99.39
2075	99.36
2074	99.33
2073	99.33
2072	99.36
2071	99.4
2070	99.42
2069	99.41
2068	99.4
2067	99.4
2066	99.42
2065	99.43
2064	99.42
2063	99.38
2062	99.34
2061	99.3
2060	99.28
2059	99.28
2058	99.29
2057	99.3
2056	99.29
2055	99.27
2054	99.25
2053	99.2
2052	99.16
2051	99.14
2050	99.16
2049	99.22
2048	99.3
2047	99.38
2046	99.42
2045	99.42
2044	99.4
2043	99.41
2042	99.45
2041	99.49
2040	99.54
2039	99.59
2038	99.65
2037	99.67
2036	99.67
2035	99.67
2034	99.7
2033	99.75
2032	99.77
2031	99.77
2030	99.78
2029	99.8
2028	99.84
2027	99.88
2026	99.92
2025	99.93
2024	99.94
2023	99.95
2022	99.97
2021	99.98
2020	99.98
2019	99.99
2018	100.05
2017	100.11
2016	100.14
2015	100.13
2014	100.08
2013	100.02
2012	99.98
2011	99.97
2010	99.99
2009	99.98
2008	99.96
2007	99.94
2006	99.95
2005	99.94
2004	99.91
2003	99.87
2002	99.86
2001	99.85
2000	99.82
1999	99.77
1998	99.71
1997	99.67
1996	99.66
1995	99.68
1994	99.73
1993	99.78
1992	99.81
1991	99.81
1990	99.79
1989	99.74
1988	99.69
1987	99.66
1986	99.67
1985	99.69
1984	99.7
1983	99.7
1982	99.68
1981	99.68
1980	99.7
1979	99.76
1978	99.84
1977	99.89
1976	99.9
1975	99.88
1974	99.85
1973	99.83
1972	99.81
1971	99.79
1970	99.74
1969	99.69
1968	99.66
1967	99.66
1966	99.69
1965	99.72
1964	99.72
1963	99.71
1962	99.68
1961	99.64
1960	99.62
1959	99.62
1958	99.63
1957	99.64
1956	99.63
1955	99.63
1954	99.62
1953	99.61
1952	99.62
1951	99.63
1950	99.63
1949	99.6
1948	99.57
1947	99.56
1946	99.56
1945	99.56
1944	99.56
1943	99.56
1942	99.56
1941	99.55
1940	99.54
1939	99.52
1938	99.5
1937	99.49
1936	99.49
1935	99.51
1934	99.52
1933	99.51
1932	99.49
1931	99.48
1930	99.49
1929	99.52
1928	99.53
1927	99.52
1926	99.51
1925	99.5
1924	99.49
1923	99.47
1922	99.44
1921	99.41
1920	99.39
1919	99.39
1918	99.39
1917	99.39
1916	99.38
1915	99.38
1914	99.37
1913	99.39
1912	99.41
1911	99.45
1910	99.48
1909	99.48
1908	99.46
1907	99.43
1906	99.41
1905	99.39
1904	99.36
1903	99.35
1902	99.34
1901	99.35
1900	99.35
1899	99.36
1898	99.37
1897	99.35
1896	99.33
1895	99.31
1894	99.31
1893	99.32
1892	99.33
1891	99.32
1890	99.31
1889	99.3
1888	99.29
1887	99.29
1886	99.31
1885	99.32
1884	99.32
1883	99.31
1882	99.29
1881	99.27
1880	99.26
1879	99.27
1878	99.28
1877	99.27
1876	99.26
1875	99.25
1874	99.25
1873	99.26
1872	99.27
1871	99.29
1870	99.3
1869	99.31
1868	99.3
1867	99.27
1866	99.25
1865	99.23
1864	99.21
1863	99.2
1862	99.2
1861	99.2
1860	99.2
1859	99.21
1858	99.22
1857	99.24
1856	99.25
1855	99.26
1854	99.27
1853	99.26
1852	99.25
1851	99.25
1850	99.25
1849	99.24
1848	99.23
1847	99.22
1846	99.21
1845	99.19
1844	99.17
1843	99.15
1842	99.16
1841	99.17
1840	99.18
1839	99.18
1838	99.18
1837	99.17
1836	99.17
1835	99.17
1834	99.17
1833	99.17
1832	99.17
1831	99.16
1830	99.16
1829	99.15
1828	99.14
1827	99.14
1826	99.14
1825	99.15
1824	99.15
1823	99.16
1822	99.17
1821	99.17
1820	99.16
1819	99.15
1818	99.15
1817	99.14
1816	99.13
1815	99.12
1814	99.11
1813	99.11
1812	99.11
1811	99.1
1810	99.09
1809	99.08
1808	99.07
1807	99.07
1806	99.07
1805	99.06
1804	99.06
1803	99.06
1802	99.06
1801	99.06
1800	99.05
1799	99.05
1798	99.03
1797	99.02
1796	99.01
1795	99
1794	99.01
1793	99.02
1792	99.02
1791	99.01
1790	98.99
1789	98.98
1788	98.97
1787	98.97
1786	98.97
1785	98.97
1784	98.96
1783	98.96
1782	98.96
1781	98.96
1780	98.95
1779	98.95
1778	98.95
1777	98.96
1776	98.95
1775	98.94
1774	98.93
1773	98.92
1772	98.92
1771	98.91
1770	98.91
1769	98.91
1768	98.9
1767	98.9
1766	98.89
1765	98.89
1764	98.88
1763	98.87
1762	98.86
1761	98.84
1760	98.84
1759	98.84
1758	98.84
1757	98.84
1756	98.84
1755	98.84
1754	98.84
1753	98.83
1752	98.81
1751	98.8
1750	98.81
1749	98.81
1748	98.82
1747	98.83
1746	98.83
1745	98.83
1744	98.82
1743	98.8
1742	98.78
1741	98.76
1740	98.75
1739	98.74
1738	98.74
1737	98.75
1736	98.75
1735	98.75
1734	98.73
1733	98.7
1732	98.69
1731	98.7
1730	98.71
1729	98.71
1728	98.69
1727	98.68
1726	98.67
1725	98.67
1724	98.66
1723	98.65
1722	98.64
1721	98.63
1720	98.61
1719	98.6
1718	98.59
1717	98.58
1716	98.57
1715	98.57
1714	98.57
1713	98.56
1712	98.56
1711	98.56
1710	98.57
1709	98.57
1708	98.56
1707	98.55
1706	98.54
1705	98.53
1704	98.52
1703	98.52
1702	98.53
1701	98.53
1700	98.51
1699	98.48
1698	98.47
1697	98.47
1696	98.46
1695	98.45
1694	98.45
1693	98.45
1692	98.44
1691	98.42
1690	98.4
1689	98.38
1688	98.36
1687	98.35
1686	98.34
1685	98.33
1684	98.32
1683	98.32
1682	98.32
1681	98.32
1680	98.3
1679	98.28
1678	98.26
1677	98.25
1676	98.24
1675	98.23
1674	98.23
1673	98.22
1672	98.22
1671	98.22
1670	98.23
1669	98.22
1668	98.21
1667	98.2
1666	98.19
1665	98.18
1664	98.16
1663	98.16
1662	98.15
1661	98.14
1660	98.13
1659	98.12
1658	98.12
1657	98.12
1656	98.12
1655	98.13
1654	98.13
1653	98.11
1652	98.08
1651	98.06
1650	98.06
1649	98.04
1648	98.02
1647	98.02
1646	98.02
1645	98.01
1644	98
1643	97.99
1642	97.98
1641	97.97
1640	97.96
1639	97.95
1638	97.94
1637	97.94
1636	97.93
1635	97.92
1634	97.92
1633	97.91
1632	97.9
1631	97.89
1630	97.88
1629	97.87
1628	97.86
1627	97.84
1626	97.83
1625	97.82
1624	97.8
1623	97.79
1622	97.79
1621	97.78
1620	97.78
1619	97.77
1618	97.76
1617	97.74
1616	97.71
1615	97.7
1614	97.69
1613	97.68
1612	97.67
1611	97.65
1610	97.64
1609	97.63
1608	97.61
1607	97.6
1606	97.59
1605	97.57
1604	97.56
1603	97.54
1602	97.51
1601	97.49
1600	97.47
1599	97.45
1598	97.44
1597	97.43
1596	97.41
1595	97.4
1594	97.38
1593	97.37
1592	97.35
1591	97.33
1590	97.3
1589	97.27
1588	97.24
1587	97.22
1586	97.2
1585	97.17
1584	97.15
1583	97.13
1582	97.12
1581	97.1
1580	97.08
1579	97.06
1578	97.04
1577	97.01
1576	96.98
1575	96.96
1574	96.94
1573	96.92
1572	96.89
1571	96.86
1570	96.83
1569	96.81
1568	96.78
1567	96.76
1566	96.74
1565	96.7
1564	96.66
1563	96.63
1562	96.61
1561	96.58
1560	96.54
1559	96.51
1558	96.49
1557	96.49
1556	96.47
1555	96.45
1554	96.42
1553	96.38
1552	96.35
1551	96.32
1550	96.28
1549	96.24
1548	96.2
1547	96.17
1546	96.15
1545	96.12
1544	96.08
1543	96.05
1542	96.03
1541	96
1540	95.95
1539	95.9
1538	95.86
1537	95.83
1536	95.79
1535	95.75
1534	95.71
1533	95.65
1532	95.59
1531	95.55
1530	95.52
1529	95.48
1528	95.43
1527	95.37
1526	95.32
1525	95.27
1524	95.23
1523	95.18
1522	95.13
1521	95.06
1520	94.98
1519	94.92
1518	94.87
1517	94.8
1516	94.71
1515	94.63
1514	94.57
1513	94.5
1512	94.42
1511	94.34
1510	94.28
1509	94.21
1508	94.11
1507	93.99
1506	93.86
1505	93.74
1504	93.65
1503	93.56
1502	93.47
1501	93.35
1500	93.22
1499	93.09
1498	92.95
1497	92.79
1496	92.62
1495	92.46
1494	92.32
1493	92.18
1492	92.02
1491	91.85
1490	91.65
1489	91.43
1488	91.22
1487	91.02
1486	90.83
1485	90.63
1484	90.44
1483	90.24
1482	90.04
1481	89.82
1480	89.61
1479	89.42
1478	89.24
1477	89.05
1476	88.87
1475	88.7
1474	88.55
1473	88.38
1472	88.19
1471	88.03
1470	87.9
1469	87.77
1468	87.64
1467	87.5
1466	87.34
1465	87.16
1464	86.98
1463	86.83
1462	86.69
1461	86.54
1460	86.38
1459	86.21
1458	85.99
1457	85.69
1456	85.39
1455	85.17
1454	84.99
1453	84.8
1452	84.61
1451	84.44
1450	84.32
1449	84.26
1448	84.29
1447	84.42
1446	84.63
1445	84.89
1444	85.18
1443	85.48
1442	85.76
1441	85.99
1440	86.16
1439	86.29
1438	86.38
1437	86.42
1436	86.43
1435	86.43
1434	86.41
1433	86.37
1432	86.32
1431	86.27
1430	86.21
1429	86.14
1428	86.08
1427	86.02
1426	85.96
1425	85.9
1424	85.85
1423	85.81
1422	85.78
1421	85.75
1420	85.72
1419	85.71
1418	85.7
1417	85.69
1416	85.7
1415	85.71
1414	85.73
1413	85.74
1412	85.76
1411	85.79
1410	85.84
1409	85.89
1408	85.95
1407	86.02
1406	86.1
1405	86.19
1404	86.27
1403	86.37
1402	86.46
1401	86.56
1400	86.68
1399	86.81
1398	86.95
1397	87.08
1396	87.23
1395	87.39
1394	87.56
1393	87.72
1392	87.87
1391	88.03
1390	88.18
1389	88.33
1388	88.5
1387	88.67
1386	88.84
1385	88.99
1384	89.14
1383	89.3
1382	89.45
1381	89.59
1380	89.75
1379	89.9
1378	90.05
1377	90.19
1376	90.32
1375	90.47
1374	90.61
1373	90.74
1372	90.86
1371	90.98
1370	91.1
1369	91.21
1368	91.33
1367	91.45
1366	91.55
1365	91.65
1364	91.75
1363	91.87
1362	91.97
1361	92.07
1360	92.15
1359	92.24
1358	92.32
1357	92.39
1356	92.47
1355	92.55
1354	92.62
1353	92.69
1352	92.76
1351	92.83
1350	92.89
1349	92.95
1348	93.01
1347	93.07
1346	93.12
1345	93.18
1344	93.24
1343	93.29
1342	93.34
1341	93.39
1340	93.43
1339	93.47
1338	93.52
1337	93.56
1336	93.61
1335	93.66
1334	93.71
1333	93.75
1332	93.79
1331	93.83
1330	93.87
1329	93.9
1328	93.94
1327	93.97
1326	94
1325	94.02
1324	94.05
1323	94.08
1322	94.11
1321	94.14
1320	94.18
1319	94.21
1318	94.23
1317	94.25
1316	94.27
1315	94.29
1314	94.32
1313	94.35
1312	94.38
1311	94.4
1310	94.42
1309	94.44
1308	94.46
1307	94.48
1306	94.5
1305	94.52
1304	94.54
1303	94.57
1302	94.59
1301	94.61
1300	94.63
1299	94.65
1298	94.67
1297	94.69
1296	94.71
1295	94.72
1294	94.73
1293	94.74
1292	94.76
1291	94.78
1290	94.8
1289	94.83
1288	94.86
1287	94.89
1286	94.91
1285	94.93
1284	94.93
1283	94.94
1282	94.95
1281	94.97
1280	94.98
1279	94.99
1278	95
1277	95
1276	95.02
1275	95.04
1274	95.07
1273	95.09
1272	95.12
1271	95.14
1270	95.15
1269	95.16
1268	95.17
1267	95.19
1266	95.21
1265	95.23
1264	95.24
1263	95.24
1262	95.25
1261	95.27
1260	95.27
1259	95.27
1258	95.27
1257	95.27
1256	95.28
1255	95.28
1254	95.29
1253	95.29
1252	95.29
1251	95.29
1250	95.3
1249	95.3
1248	95.3
1247	95.31
1246	95.31
1245	95.31
1244	95.3
1243	95.3
1242	95.29
1241	95.28
1240	95.28
1239	95.29
1238	95.3
1237	95.3
1236	95.3
1235	95.3
1234	95.3
1233	95.28
1232	95.28
1231	95.27
1230	95.27
1229	95.27
1228	95.26
1227	95.26
1226	95.25
1225	95.24
1224	95.24
1223	95.23
1222	95.23
1221	95.22
1220	95.22
1219	95.22
1218	95.21
1217	95.21
1216	95.21
1215	95.2
1214	95.18
1213	95.17
1212	95.16
1211	95.16
1210	95.15
1209	95.15
1208	95.16
1207	95.17
1206	95.17
1205	95.18
1204	95.17
1203	95.16
1202	95.15
1201	95.14
1200	95.14
1199	95.15
1198	95.15
1197	95.15
1196	95.16
1195	95.16
1194	95.15
1193	95.15
1192	95.16
1191	95.16
1190	95.17
1189	95.16
1188	95.16
1187	95.14
1186	95.13
1185	95.11
1184	95.1
1183	95.1
1182	95.09
1181	95.08
1180	95.07
1179	95.06
1178	95.04
1177	95.03
1176	95.03
1175	95.03
1174	95.02
1173	95.01
1172	94.99
1171	94.97
1170	94.95
1169	94.93
1168	94.92
1167	94.91
1166	94.9
1165	94.87
1164	94.83
1163	94.79
1162	94.74
1161	94.69
1160	94.66
1159	94.62
1158	94.59
1157	94.55
1156	94.51
1155	94.47
1154	94.41
1153	94.35
1152	94.29
1151	94.23
1150	94.18
1149	94.13
1148	94.06
1147	93.98
1146	93.88
1145	93.77
1144	93.66
1143	93.55
1142	93.43
1141	93.3
1140	93.14
1139	92.97
1138	92.79
1137	92.6
1136	92.4
1135	92.2
1134	92
1133	91.78
1132	91.54
1131	91.3
1130	91.05
1129	90.79
1128	90.53
1127	90.28
1126	90.04
1125	89.81
1124	89.59
1123	89.4
1122	89.22
1121	89.06
1120	88.92
1119	88.8
1118	88.72
1117	88.66
1116	88.62
1115	88.6
1114	88.59
1113	88.59
1112	88.62
1111	88.69
1110	88.78
1109	88.89
1108	89.01
1107	89.13
1106	89.26
1105	89.39
1104	89.52
1103	89.66
1102	89.83
1101	89.99
1100	90.15
1099	90.32
1098	90.48
1097	90.64
1096	90.77
1095	90.9
1094	91.01
1093	91.12
1092	91.24
1091	91.34
1090	91.44
1089	91.52
1088	91.59
1087	91.64
1086	91.69
1085	91.74
1084	91.78
1083	91.81
1082	91.82
1081	91.81
1080	91.8
1079	91.79
1078	91.78
1077	91.76
1076	91.71
1075	91.65
1074	91.57
1073	91.49
1072	91.41
1071	91.32
1070	91.21
1069	91.08
1068	90.95
1067	90.82
1066	90.66
1065	90.47
1064	90.25
1063	90
1062	89.73
1061	89.44
1060	89.11
1059	88.75
1058	88.35
1057	87.89
1056	87.37
1055	86.78
1054	86.1
1053	85.33
1052	84.46
1051	83.47
1050	82.34
1049	81.04
1048	79.55
1047	77.86
1046	75.96
1045	73.85
1044	71.55
1043	69.1
1042	66.52
1041	63.84
1040	61.12
1039	58.4
1038	55.72
1037	53.06
1036	50.44
1035	47.86
1034	45.32
1033	42.79
1032	40.27
1031	37.8
1030	35.4
1029	33.08
1028	30.89
1027	28.93
1026	27.29
1025	26.01
1024	25.17
1023	24.84
1022	25.02
1021	25.65
1020	26.66
1019	27.99
1018	29.57
1017	31.27
1016	33.07
1015	34.94
1014	36.88
1013	38.87
1012	40.92
1011	43.07
1010	45.33
1009	47.69
1008	50.13
1007	52.63
1006	55.16
1005	57.66
1004	60.1
1003	62.44
1002	64.67
1001	66.76
1000	68.72
999	70.53
998	72.21
997	73.75
996	75.15
995	76.43
994	77.58
993	78.63
992	79.6
991	80.48
990	81.3
989	82.05
988	82.74
987	83.39
986	83.99
985	84.54
984	85.05
983	85.51
982	85.94
981	86.34
980	86.72
979	87.08
978	87.42
977	87.73
976	88.02
975	88.3
974	88.57
973	88.83
972	89.06
971	89.26
970	89.46
969	89.64
968	89.83
967	90.01
966	90.18
965	90.34
964	90.49
963	90.63
962	90.78
961	90.93
960	91.08
959	91.22
958	91.35
957	91.45
956	91.55
955	91.64
954	91.72
953	91.81
952	91.9
951	92
950	92.09
949	92.15
948	92.21
947	92.26
946	92.33
945	92.41
944	92.5
943	92.57
942	92.63
941	92.67
940	92.71
939	92.76
938	92.8
937	92.85
936	92.89
935	92.93
934	92.98
933	93.02
932	93.07
931	93.1
930	93.12
929	93.15
928	93.18
927	93.21
926	93.25
925	93.27
924	93.28
923	93.29
922	93.31
921	93.33
920	93.36
919	93.38
918	93.4
917	93.41
916	93.43
915	93.45
914	93.46
913	93.46
912	93.46
911	93.46
910	93.47
909	93.49
908	93.5
907	93.49
906	93.47
905	93.45
904	93.42
903	93.41
902	93.39
901	93.38
900	93.37
899	93.36
898	93.37
897	93.36
896	93.35
895	93.34
894	93.32
893	93.3
892	93.27
891	93.23
890	93.2
889	93.18
888	93.17
887	93.17
886	93.17
885	93.15
884	93.11
883	93.06
882	93.01
881	92.97
880	92.95
879	92.94
878	92.92
877	92.9
876	92.87
875	92.83
874	92.79
873	92.74
872	92.7
871	92.66
870	92.61
869	92.56
868	92.5
867	92.46
866	92.43
865	92.41
864	92.37
863	92.31
862	92.24
861	92.18
860	92.13
859	92.09
858	92.05
857	92
856	91.94
855	91.86
854	91.78
853	91.69
852	91.6
851	91.53
850	91.46
849	91.4
848	91.34
847	91.28
846	91.22
845	91.16
844	91.1
843	91.05
842	90.99
841	90.92
840	90.84
839	90.74
838	90.66
837	90.58
836	90.51
835	90.44
834	90.36
833	90.29
832	90.21
831	90.13
830	90.04
829	89.95
828	89.86
827	89.79
826	89.72
825	89.63
824	89.52
823	89.41
822	89.31
821	89.22
820	89.13
819	89.04
818	88.96
817	88.88
816	88.8
815	88.71
814	88.62
813	88.51
812	88.41
811	88.32
810	88.23
809	88.13
808	88.03
807	87.94
806	87.85
805	87.75
804	87.65
803	87.55
802	87.45
801	87.34
800	87.24
799	87.14
798	87.05
797	86.97
796	86.87
795	86.76
794	86.65
793	86.55
792	86.46
791	86.38
790	86.29
789	86.18
788	86.06
787	85.96
786	85.86
785	85.77
784	85.66
783	85.56
782	85.47
781	85.37
780	85.27
779	85.17
778	85.08
777	84.98
776	84.86
775	84.75
774	84.66
773	84.57
772	84.48
771	84.39
770	84.3
769	84.2
768	84.08
767	83.96
766	83.84
765	83.74
764	83.64
763	83.55
762	83.46
761	83.37
760	83.28
759	83.18
758	83.09
757	82.99
756	82.88
755	82.76
754	82.64
753	82.53
752	82.43
751	82.33
750	82.23
749	82.12
748	82.01
747	81.89
746	81.78
745	81.68
744	81.58
743	81.49
742	81.41
741	81.3
740	81.18
739	81.05
738	80.94
737	80.83
736	80.73
735	80.62
734	80.51
733	80.42
732	80.32
731	80.24
730	80.15
729	80.04
728	79.92
727	79.81
726	79.71
725	79.62
724	79.52
723	79.41
722	79.3
721	79.19
720	79.07
719	78.96
718	78.86
717	78.76
716	78.65
715	78.54
714	78.42
713	78.3
712	78.18
711	78.08
710	77.98
709	77.87
708	77.76
707	77.65
706	77.56
705	77.46
704	77.34
703	77.25
702	77.17
701	77.09
700	76.99
699	76.88
698	76.77
697	76.66
696	76.56
695	76.46
694	76.36
693	76.25
692	76.14
691	76.04
690	75.97
689	75.89
688	75.77
687	75.64
686	75.52
685	75.41
684	75.31
683	75.23
682	75.15
681	75.07
680	74.98
679	74.89
678	74.8
677	74.71
676	74.62
675	74.54
674	74.47
673	74.41
672	74.36
671	74.3
670	74.23
669	74.09
668	73.89
667	73.77
666	73.75
665	73.75
664	73.71
663	73.64
662	73.56
661	73.47
660	73.38
659	73.31
658	73.26
657	73.21
656	73.15
655	73.11
654	73.08
653	73.06
652	73.02
651	72.96
650	72.9
649	72.83
648	72.76
647	72.69
646	72.61
645	72.54
644	72.48
643	72.44
642	72.43
641	72.43
640	72.41
639	72.41
638	72.4
637	72.39
636	72.34
635	72.29
634	72.24
633	72.21
632	72.19
631	72.18
630	72.2
629	72.2
628	72.19
627	72.17
626	72.14
625	72.12
624	72.1
623	72.11
622	72.12
621	72.12
620	72.11
619	72.11
618	72.13
617	72.14
616	72.15
615	72.17
614	72.2
613	72.23
612	72.26
611	72.3
610	72.35
609	72.38
608	72.4
607	72.41
606	72.43
605	72.46
604	72.49
603	72.54
602	72.6
601	72.65
600	72.68
599	72.7
598	72.74
597	72.77
596	72.79
595	72.81
594	72.84
593	72.88
592	72.94
591	73.02
590	73.11
589	73.18
588	73.23
587	73.3
586	73.39
585	73.48
584	73.55
583	73.61
582	73.64
581	73.66
580	73.69
579	73.75
578	73.83
577	73.9
576	73.96
575	74.02
574	74.1
573	74.18
572	74.27
571	74.37
570	74.49
569	74.59
568	74.69
567	74.8
566	74.91
565	74.99
564	75.02
563	75.06
562	75.13
561	75.22
560	75.33
559	75.42
558	75.5
557	75.54
556	75.57
555	75.63
554	75.74
553	75.87
552	75.99
551	76.12
550	76.24
549	76.37
548	76.5
547	76.62
546	76.72
545	76.76
544	76.78
543	76.81
542	76.87
541	76.94
540	77.02
539	77.13
538	77.25
537	77.38
536	77.51
535	77.62
534	77.72
533	77.8
532	77.92
531	78.09
530	78.29
529	78.46
528	78.57
527	78.65
526	78.71
525	78.75
524	78.79
523	78.86
522	78.98
521	79.13
520	79.26
519	79.37
518	79.44
517	79.48
516	79.53
515	79.61
514	79.69
513	79.7
512	79.69
511	79.72
510	79.81
509	79.94
508	80.06
507	80.14
506	80.2
505	80.24
504	80.27
503	80.33
502	80.4
501	80.48
500	80.57
499	80.68
498	80.82
497	80.96
496	81.09
495	81.23
494	81.38
493	81.5
492	81.55
491	81.58
490	81.6
489	81.63
488	81.66
487	81.68
486	81.69
485	81.68
484	81.7
483	81.77
482	81.87
481	81.94
480	81.98
479	82.01
478	82.03
477	82.02
476	82.04
475	82.16
474	82.39
473	82.64
472	82.81
471	82.89
470	82.91
469	82.9
468	82.89
467	82.9
466	82.95
465	83.01
464	83.05
463	83.11
462	83.17
461	83.21
460	83.2
459	83.19
458	83.25
457	83.45
456	83.7
455	83.94
454	84.07
453	84.09
452	84.04
451	84.01
450	84.06