4000	99.2
3999	99.19
3998	99.18
3997	99.17
3996	99.16
3995	99.15
3994	99.15
3993	99.15
3992	99.16
3991	99.17
3990	99.18
3989	99.2
3988	99.21
3987	99.21
3986	99.2
3985	99.18
3984	99.17
3983	99.16
3982	99.15
3981	99.15
3980	99.15
3979	99.16
3978	99.16
3977	99.16
3976	99.16
3975	99.16
3974	99.16
3973	99.17
3972	99.19
3971	99.2
3970	99.21
3969	99.2
3968	99.19
3967	99.18
3966	99.17
3965	99.17
3964	99.17
3963	99.18
3962	99.18
3961	99.17
3960	99.17
3959	99.17
3958	99.17
3957	99.18
3956	99.19
3955	99.19
3954	99.19
3953	99.19
3952	99.19
3951	99.19
3950	99.19
3949	99.19
3948	99.19
3947	99.19
3946	99.18
3945	99.18
3944	99.18
3943	99.18
3942	99.18
3941	99.18
3940	99.17
3939	99.16
3938	99.16
3937	99.17
3936	99.18
3935	99.18
3934	99.17
3933	99.17
3932	99.17
3931	99.17
3930	99.17
3929	99.17
3928	99.18
3927	99.19
3926	99.2
3925	99.2
3924	99.2
3923	99.19
3922	99.18
3921	99.17
3920	99.16
3919	99.16
3918	99.17
3917	99.17
3916	99.18
3915	99.19
3914	99.19
3913	99.19
3912	99.18
3911	99.17
3910	99.16
3909	99.15
3908	99.15
3907	99.15
3906	99.16
3905	99.17
3904	99.18
3903	99.19
3902	99.19
3901	99.19
3900	99.19
3899	99.19
3898	99.19
3897	99.18
3896	99.18
3895	99.17
3894	99.17
3893	99.17
3892	99.17
3891	99.17
3890	99.17
3889	99.16
3888	99.15
3887	99.15
3886	99.15
3885	99.15
3884	99.14
3883	99.14
3882	99.14
3881	99.16
3880	99.17
3879	99.18
3878	99.18
3877	99.18
3876	99.18
3875	99.19
3874	99.19
3873	99.18
3872	99.17
3871	99.16
3870	99.16
3869	99.15
3868	99.14
3867	99.13
3866	99.13
3865	99.14
3864	99.15
3863	99.16
3862	99.17
3861	99.17
3860	99.17
3859	99.16
3858	99.14
3857	99.12
3856	99.09
3855	99.08
3854	99.08
3853	99.09
3852	99.09
3851	99.09
3850	99.1
3849	99.12
3848	99.14
3847	99.15
3846	99.15
3845	99.15
3844	99.15
3843	99.15
3842	99.15
3841	99.16
3840	99.16
3839	99.16
3838	99.16
3837	99.15
3836	99.14
3835	99.14
3834	99.15
3833	99.16
3832	99.17
3831	99.17
3830	99.17
3829	99.17
3828	99.17
3827	99.18
3826	99.17
3825	99.16
3824	99.14
3823	99.13
3822	99.13
3821	99.14
3820	99.14
3819	99.14
3818	99.14
3817	99.15
3816	99.16
3815	99.16
3814	99.15
3813	99.14
3812	99.13
3811	99.13
3810	99.13
3809	99.14
3808	99.14
3807	99.14
3806	99.13
3805	99.13
3804	99.12
3803	99.12
3802	99.14
3801	99.15
3800	99.16
3799	99.15
3798	99.13
3797	99.13
3796	99.13
3795	99.15
3794	99.16
3793	99.18
3792	99.2
3791	99.2
3790	99.19
3789	99.18
3788	99.17
3787	99.15
3786	99.15
3785	99.15
3784	99.15
3783	99.15
3782	99.16
3781	99.16
3780	99.17
3779	99.17
3778	99.17
3777	99.17
3776	99.17
3775	99.17
3774	99.16
3773	99.15
3772	99.14
3771	99.14
3770	99.13
3769	99.13
3768	99.12
3767	99.12
3766	99.13
3765	99.15
3764	99.16
3763	99.17
3762	99.18
3761	99.19
3760	99.19
3759	99.19
3758	99.18
3757	99.17
3756	99.16
3755	99.15
3754	99.14
3753	99.12
3752	99.1
3751	99.1
3750	99.09
3749	99.09
3748	99.08
3747	99.07
3746	99.08
3745	99.09
3744	99.1
3743	99.1
3742	99.09
3741	99.09
3740	99.1
3739	99.11
3738	99.12
3737	99.12
3736	99.13
3735	99.15
3734	99.17
3733	99.17
3732	99.17
3731	99.16
3730	99.16
3729	99.16
3728	99.16
3727	99.16
3726	99.15
3725	99.15
3724	99.15
3723	99.15
3722	99.16
3721	99.17
3720	99.17
3719	99.16
3718	99.15
3717	99.14
3716	99.14
3715	99.12
3714	99.12
3713	99.11
3712	99.12
3711	99.14
3710	99.16
3709	99.16
3708	99.16
3707	99.15
3706	99.15
3705	99.16
3704	99.16
3703	99.16
3702	99.15
3701	99.14
3700	99.13
3699	99.12
3698	99.13
3697	99.15
3696	99.15
3695	99.15
3694	99.14
3693	99.12
3692	99.1
3691	99.08
3690	99.07
3689	99.08
3688	99.08
3687	99.08
3686	99.08
3685	99.08
3684	99.08
3683	99.09
3682	99.11
3681	99.11
3680	99.11
3679	99.09
3678	99.07
3677	99.06
3676	99.07
3675	99.07
3674	99.07
3673	99.05
3672	99.04
3671	99.05
3670	99.05
3669	99.06
3668	99.06
3667	99.06
3666	99.07
3665	99.08
3664	99.08
3663	99.08
3662	99.06
3661	99.05
3660	99.04
3659	99.03
3658	99.02
3657	99.02
3656	99.02
3655	99.02
3654	99.01
3653	99.01
3652	99
3651	98.99
3650	98.97
3649	98.95
3648	98.95
3647	98.95
3646	98.95
3645	98.96
3644	98.97
3643	98.98
3642	98.99
3641	98.98
3640	98.97
3639	98.96
3638	98.94
3637	98.94
3636	98.93
3635	98.93
3634	98.91
3633	98.89
3632	98.86
3631	98.83
3630	98.8
3629	98.79
3628	98.78
3627	98.77
3626	98.76
3625	98.77
3624	98.79
3623	98.8
3622	98.81
3621	98.8
3620	98.78
3619	98.75
3618	98.73
3617	98.7
3616	98.69
3615	98.68
3614	98.68
3613	98.68
3612	98.68
3611	98.67
3610	98.65
3609	98.63
3608	98.61
3607	98.6
3606	98.58
3605	98.57
3604	98.55
3603	98.53
3602	98.51
3601	98.49
3600	98.46
3599	98.44
3598	98.42
3597	98.4
3596	98.39
3595	98.37
3594	98.35
3593	98.32
3592	98.3
3591	98.27
3590	98.25
3589	98.22
3588	98.2
3587	98.18
3586	98.16
3585	98.13
3584	98.11
3583	98.09
3582	98.07
3581	98.05
3580	98.02
3579	97.99
3578	97.96
3577	97.94
3576	97.91
3575	97.88
3574	97.85
3573	97.82
3572	97.78
3571	97.74
3570	97.71
3569	97.67
3568	97.63
3567	97.59
3566	97.54
3565	97.5
3564	97.46
3563	97.43
3562	97.39
3561	97.36
3560	97.32
3559	97.28
3558	97.24
3557	97.19
3556	97.15
3555	97.11
3554	97.06
3553	97.02
3552	96.97
3551	96.92
3550	96.88
3549	96.82
3548	96.76
3547	96.7
3546	96.63
3545	96.58
3544	96.52
3543	96.47
3542	96.42
3541	96.37
3540	96.33
3539	96.28
3538	96.23
3537	96.17
3536	96.11
3535	96.05
3534	95.99
3533	95.93
3532	95.86
3531	95.79
3530	95.72
3529	95.65
3528	95.6
3527	95.54
3526	95.47
3525	95.39
3524	95.32
3523	95.24
3522	95.17
3521	95.11
3520	95.04
3519	94.98
3518	94.91
3517	94.84
3516	94.76
3515	94.68
3514	94.61
3513	94.53
3512	94.45
3511	94.37
3510	94.29
3509	94.21
3508	94.13
3507	94.06
3506	93.98
3505	93.89
3504	93.82
3503	93.74
3502	93.66
3501	93.58
3500	93.5
3499	93.42
3498	93.33
3497	93.24
3496	93.14
3495	93.04
3494	92.95
3493	92.87
3492	92.78
3491	92.71
3490	92.63
3489	92.54
3488	92.46
3487	92.36
3486	92.26
3485	92.16
3484	92.05
3483	91.95
3482	91.85
3481	91.75
3480	91.65
3479	91.56
3478	91.48
3477	91.39
3476	91.3
3475	91.2
3474	91.1
3473	90.98
3472	90.87
3471	90.76
3470	90.66
3469	90.56
3468	90.46
3467	90.37
3466	90.26
3465	90.16
3464	90.05
3463	89.95
3462	89.84
3461	89.73
3460	89.63
3459	89.53
3458	89.42
3457	89.32
3456	89.22
3455	89.12
3454	89.02
3453	88.92
3452	88.81
3451	88.7
3450	88.6
3449	88.49
3448	88.37
3447	88.25
3446	88.13
3445	88.03
3444	87.93
3443	87.83
3442	87.73
3441	87.62
3440	87.5
3439	87.38
3438	87.25
3437	87.13
3436	87.01
3435	86.91
3434	86.81
3433	86.71
3432	86.61
3431	86.51
3430	86.4
3429	86.3
3428	86.2
3427	86.1
3426	86
3425	85.89
3424	85.78
3423	85.66
3422	85.55
3421	85.45
3420	85.34
3419	85.23
3418	85.12
3417	85
3416	84.88
3415	84.76
3414	84.64
3413	84.52
3412	84.4
3411	84.28
3410	84.16
3409	84.06
3408	83.95
3407	83.84
3406	83.73
3405	83.6
3404	83.47
3403	83.33
3402	83.2
3401	83.08
3400	82.97
3399	82.87
3398	82.76
3397	82.65
3396	82.52
3395	82.4
3394	82.28
3393	82.16
3392	82.05
3391	81.94
3390	81.84
3389	81.73
3388	81.63
3387	81.52
3386	81.42
3385	81.31
3384	81.21
3383	81.11
3382	81
3381	80.9
3380	80.79
3379	80.68
3378	80.56
3377	80.45
3376	80.34
3375	80.23
3374	80.13
3373	80.03
3372	79.91
3371	79.79
3370	79.68
3369	79.57
3368	79.48
3367	79.4
3366	79.32
3365	79.25
3364	79.17
3363	79.08
3362	79
3361	78.92
3360	78.85
3359	78.8
3358	78.74
3357	78.68
3356	78.6
3355	78.52
3354	78.43
3353	78.34
3352	78.25
3351	78.18
3350	78.12
3349	78.08
3348	78.04
3347	78
3346	77.96
3345	77.91
3344	77.86
3343	77.82
3342	77.77
3341	77.72
3340	77.67
3339	77.62
3338	77.59
3337	77.56
3336	77.54
3335	77.52
3334	77.5
3333	77.48
3332	77.46
3331	77.44
3330	77.42
3329	77.4
3328	77.37
3327	77.35
3326	77.32
3325	77.31
3324	77.31
3323	77.33
3322	77.34
3321	77.34
3320	77.34
3319	77.34
3318	77.34
3317	77.34
3316	77.35
3315	77.36
3314	77.36
3313	77.37
3312	77.37
3311	77.37
3310	77.37
3309	77.36
3308	77.36
3307	77.37
3306	77.39
3305	77.43
3304	77.49
3303	77.54
3302	77.59
3301	77.64
3300	77.67
3299	77.71
3298	77.73
3297	77.75
3296	77.78
3295	77.81
3294	77.84
3293	77.88
3292	77.92
3291	77.98
3290	78.04
3289	78.1
3288	78.15
3287	78.21
3286	78.26
3285	78.31
3284	78.36
3283	78.41
3282	78.46
3281	78.51
3280	78.57
3279	78.63
3278	78.69
3277	78.74
3276	78.79
3275	78.84
3274	78.89
3273	78.95
3272	79
3271	79.07
3270	79.14
3269	79.23
3268	79.33
3267	79.43
3266	79.52
3265	79.6
3264	79.68
3263	79.75
3262	79.83
3261	79.9
3260	79.98
3259	80.05
3258	80.12
3257	80.2
3256	80.27
3255	80.37
3254	80.47
3253	80.57
3252	80.67
3251	80.76
3250	80.85
3249	80.93
3248	81.02
3247	81.11
3246	81.22
3245	81.33
3244	81.44
3243	81.55
3242	81.65
3241	81.74
3240	81.83
3239	81.92
3238	82.02
3237	82.12
3236	82.23
3235	82.33
3234	82.45
3233	82.56
3232	82.68
3231	82.79
3230	82.9
3229	83.02
3228	83.13
3227	83.25
3226	83.36
3225	83.47
3224	83.58
3223	83.69
3222	83.8
3221	83.9
3220	84.01
3219	84.13
3218	84.26
3217	84.4
3216	84.53
3215	84.66
3214	84.79
3213	84.9
3212	85.01
3211	85.11
3210	85.21
3209	85.33
3208	85.45
3207	85.57
3206	85.69
3205	85.82
3204	85.94
3203	86.06
3202	86.17
3201	86.28
3200	86.39
3199	86.5
3198	86.61
3197	86.72
3196	86.82
3195	86.93
3194	87.03
3193	87.14
3192	87.25
3191	87.36
3190	87.47
3189	87.59
3188	87.7
3187	87.81
3186	87.91
3185	88.02
3184	88.12
3183	88.23
3182	88.34
3181	88.44
3180	88.54
3179	88.65
3178	88.75
3177	88.86
3176	88.95
3175	89.04
3174	89.14
3173	89.24
3172	89.34
3171	89.44
3170	89.53
3169	89.62
3168	89.7
3167	89.78
3166	89.87
3165	89.96
3164	90.06
3163	90.15
3162	90.25
3161	90.34
3160	90.43
3159	90.51
3158	90.59
3157	90.67
3156	90.75
3155	90.82
3154	90.89
3153	90.97
3152	91.05
3151	91.14
3150	91.24
3149	91.33
3148	91.41
3147	91.48
3146	91.55
3145	91.62
3144	91.7
3143	91.78
3142	91.86
3141	91.93
3140	91.99
3139	92.06
3138	92.13
3137	92.2
3136	92.28
3135	92.35
3134	92.42
3133	92.49
3132	92.55
3131	92.62
3130	92.69
3129	92.76
3128	92.82
3127	92.88
3126	92.94
3125	92.99
3124	93.04
3123	93.09
3122	93.14
3121	93.19
3120	93.24
3119	93.31
3118	93.37
3117	93.44
3116	93.49
3115	93.54
3114	93.6
3113	93.65
3112	93.7
3111	93.74
3110	93.79
3109	93.84
3108	93.89
3107	93.94
3106	93.99
3105	94.03
3104	94.07
3103	94.11
3102	94.16
3101	94.2
3100	94.24
3099	94.28
3098	94.33
3097	94.38
3096	94.43
3095	94.49
3094	94.53
3093	94.57
3092	94.6
3091	94.62
3090	94.64
3089	94.66
3088	94.69
3087	94.72
3086	94.76
3085	94.79
3084	94.83
3083	94.87
3082	94.91
3081	94.95
3080	94.98
3079	95.01
3078	95.03
3077	95.06
3076	95.08
3075	95.1
3074	95.13
3073	95.16
3072	95.19
3071	95.22
3070	95.24
3069	95.26
3068	95.28
3067	95.3
3066	95.32
3065	95.35
3064	95.38
3063	95.4
3062	95.43
3061	95.44
3060	95.45
3059	95.46
3058	95.47
3057	95.49
3056	95.51
3055	95.54
3054	95.57
3053	95.59
3052	95.61
3051	95.62
3050	95.64
3049	95.65
3048	95.66
3047	95.67
3046	95.67
3045	95.67
3044	95.67
3043	95.67
3042	95.68
3041	95.68
3040	95.69
3039	95.69
3038	95.69
3037	95.69
3036	95.69
3035	95.7
3034	95.7
3033	95.71
3032	95.7
3031	95.69
3030	95.68
3029	95.67
3028	95.65
3027	95.64
3026	95.63
3025	95.62
3024	95.59
3023	95.57
3022	95.54
3021	95.51
3020	95.48
3019	95.46
3018	95.44
3017	95.41
3016	95.37
3015	95.32
3014	95.26
3013	95.21
3012	95.15
3011	95.08
3010	95.01
3009	94.93
3008	94.85
3007	94.78
3006	94.69
3005	94.6
3004	94.49
3003	94.35
3002	94.2
3001	94.04
3000	93.85
2999	93.65
2998	93.42
2997	93.17
2996	92.9
2995	92.6
2994	92.27
2993	91.89
2992	91.45
2991	90.95
2990	90.36
2989	89.71
2988	88.98
2987	88.15
2986	87.22
2985	86.18
2984	85.03
2983	83.77
2982	82.43
2981	81.03
2980	79.6
2979	78.19
2978	76.85
2977	75.65
2976	74.65
2975	73.91
2974	73.46
2973	73.32
2972	73.5
2971	73.99
2970	74.73
2969	75.69
2968	76.8
2967	78
2966	79.23
2965	80.45
2964	81.61
2963	82.71
2962	83.7
2961	84.6
2960	85.39
2959	86.08
2958	86.69
2957	87.21
2956	87.66
2955	88.03
2954	88.32
2953	88.55
2952	88.7
2951	88.8
2950	88.84
2949	88.83
2948	88.8
2947	88.73
2946	88.64
2945	88.51
2944	88.37
2943	88.2
2942	88.03
2941	87.86
2940	87.68
2939	87.51
2938	87.34
2937	87.16
2936	86.97
2935	86.79
2934	86.61
2933	86.43
2932	86.26
2931	86.11
2930	85.98
2929	85.87
2928	85.81
2927	85.79
2926	85.81
2925	85.86
2924	85.94
2923	86.04
2922	86.16
2921	86.29
2920	86.41
2919	86.52
2918	86.6
2917	86.67
2916	86.72
2915	86.74
2914	86.74
2913	86.71
2912	86.65
2911	86.57
2910	86.46
2909	86.34
2908	86.19
2907	86.03
2906	85.86
2905	85.67
2904	85.48
2903	85.28
2902	85.08
2901	84.88
2900	84.7
2899	84.54
2898	84.4
2897	84.29
2896	84.19
2895	84.09
2894	84
2893	83.92
2892	83.84
2891	83.77
2890	83.7
2889	83.63
2888	83.56
2887	83.49
2886	83.43
2885	83.37
2884	83.32
2883	83.29
2882	83.26
2881	83.25
2880	83.26
2879	83.28
2878	83.33
2877	83.41
2876	83.52
2875	83.67
2874	83.84
2873	84.05
2872	84.28
2871	84.54
2870	84.83
2869	85.14
2868	85.46
2867	85.79
2866	86.13
2865	86.45
2864	86.78
2863	87.09
2862	87.4
2861	87.7
2860	87.98
2859	88.25
2858	88.5
2857	88.74
2856	88.97
2855	89.19
2854	89.39
2853	89.59
2852	89.77
2851	89.95
2850	90.12
2849	90.28
2848	90.42
2847	90.55
2846	90.68
2845	90.81
2844	90.93
2843	91.05
2842	91.17
2841	91.28
2840	91.39
2839	91.49
2838	91.58
2837	91.67
2836	91.76
2835	91.85
2834	91.94
2833	92.03
2832	92.13
2831	92.22
2830	92.32
2829	92.42
2828	92.53
2827	92.63
2826	92.72
2825	92.8
2824	92.88
2823	92.96
2822	93.04
2821	93.12
2820	93.19
2819	93.27
2818	93.33
2817	93.4
2816	93.46
2815	93.52
2814	93.57
2813	93.63
2812	93.69
2811	93.75
2810	93.81
2809	93.88
2808	93.95
2807	94.02
2806	94.1
2805	94.18
2804	94.26
2803	94.34
2802	94.42
2801	94.5
2800	94.58
2799	94.66
2798	94.73
2797	94.8
2796	94.87
2795	94.93
2794	94.99
2793	95.04
2792	95.09
2791	95.14
2790	95.19
2789	95.23
2788	95.27
2787	95.31
2786	95.35
2785	95.39
2784	95.43
2783	95.47
2782	95.5
2781	95.53
2780	95.55
2779	95.58
2778	95.61
2777	95.63
2776	95.66
2775	95.68
2774	95.69
2773	95.69
2772	95.7
2771	95.7
2770	95.7
2769	95.71
2768	95.72
2767	95.74
2766	95.75
2765	95.76
2764	95.76
2763	95.76
2762	95.76
2761	95.76
2760	95.76
2759	95.75
2758	95.75
2757	95.75
2756	95.75
2755	95.74
2754	95.74
2753	95.74
2752	95.73
2751	95.74
2750	95.74
2749	95.75
2748	95.76
2747	95.77
2746	95.77
2745	95.78
2744	95.78
2743	95.79
2742	95.79
2741	95.8
2740	95.82
2739	95.83
2738	95.85
2737	95.87
2736	95.89
2735	95.9
2734	95.91
2733	95.91
2732	95.92
2731	95.93
2730	95.95
2729	95.97
2728	95.99
2727	96
2726	96.01
2725	96.01
2724	96.02
2723	96.04
2722	96.07
2721	96.09
2720	96.12
2719	96.14
2718	96.17
2717	96.2
2716	96.24
2715	96.27
2714	96.3
2713	96.33
2712	96.35
2711	96.36
2710	96.39
2709	96.42
2708	96.44
2707	96.46
2706	96.47
2705	96.48
2704	96.5
2703	96.52
2702	96.54
2701	96.57
2700	96.6
2699	96.63
2698	96.65
2697	96.67
2696	96.69
2695	96.72
2694	96.75
2693	96.79
2692	96.82
2691	96.85
2690	96.88
2689	96.9
2688	96.93
2687	96.95
2686	96.98
2685	97
2684	97.03
2683	97.06
2682	97.09
2681	97.11
2680	97.14
2679	97.17
2678	97.19
2677	97.21
2676	97.23
2675	97.25
2674	97.26
2673	97.27
2672	97.29
2671	97.3
2670	97.32
2669	97.34
2668	97.36
2667	97.38
2666	97.4
2665	97.42
2664	97.44
2663	97.44
2662	97.45
2661	97.46
2660	97.46
2659	97.47
2658	97.47
2657	97.48
2656	97.5
2655	97.51
2654	97.51
2653	97.51
2652	97.52
2651	97.52
2650	97.53
2649	97.53
2648	97.54
2647	97.55
2646	97.57
2645	97.59
2644	97.6
2643	97.6
2642	97.6
2641	97.61
2640	97.62
2639	97.63
2638	97.64
2637	97.64
2636	97.64
2635	97.63
2634	97.62
2633	97.61
2632	97.61
2631	97.63
2630	97.65
2629	97.67
2628	97.69
2627	97.69
2626	97.69
2625	97.69
2624	97.69
2623	97.69
2622	97.7
2621	97.7
2620	97.71
2619	97.72
2618	97.73
2617	97.73
2616	97.74
2615	97.75
2614	97.78
2613	97.8
2612	97.81
2611	97.81
2610	97.8
2609	97.79
2608	97.79
2607	97.8
2606	97.81
2605	97.82
2604	97.83
2603	97.82
2602	97.82
2601	97.82
2600	97.82
2599	97.82
2598	97.81
2597	97.81
2596	97.81
2595	97.82
2594	97.83
2593	97.84
2592	97.85
2591	97.85
2590	97.86
2589	97.86
2588	97.86
2587	97.85
2586	97.85
2585	97.86
2584	97.87
2583	97.89
2582	97.91
2581	97.92
2580	97.92
2579	97.91
2578	97.91
2577	97.9
2576	97.9
2575	97.9
2574	97.89
2573	97.88
2572	97.87
2571	97.87
2570	97.87
2569	97.86
2568	97.86
2567	97.86
2566	97.87
2565	97.87
2564	97.85
2563	97.83
2562	97.81
2561	97.8
2560	97.8
2559	97.81
2558	97.81
2557	97.81
2556	97.8
2555	97.79
2554	97.78
2553	97.78
2552	97.78
2551	97.78
2550	97.77
2549	97.76
2548	97.74
2547	97.72
2546	97.71
2545	97.7
2544	97.69
2543	97.69
2542	97.69
2541	97.69
2540	97.69
2539	97.7
2538	97.71
2537	97.73
2536	97.75
2535	97.75
2534	97.75
2533	97.74
2532	97.73
2531	97.74
2530	97.75
2529	97.76
2528	97.77
2527	97.77
2526	97.77
2525	97.78
2524	97.8
2523	97.81
2522	97.82
2521	97.82
2520	97.82
2519	97.82
2518	97.81
2517	97.81
2516	97.83
2515	97.84
2514	97.86
2513	97.86
2512	97.85
2511	97.83
2510	97.82
2509	97.82
2508	97.83
2507	97.84
2506	97.85
2505	97.86
2504	97.86
2503	97.86
2502	97.87
2501	97.87
2500	97.87
2499	97.87
2498	97.87
2497	97.88
2496	97.88
2495	97.88
2494	97.89
2493	97.91
2492	97.92
2491	97.92
2490	97.92
2489	97.93
2488	97.95
2487	97.97
2486	98
2485	98.02
2484	98.03
2483	98.03
2482	98.04
2481	98.05
2480	98.06
2479	98.06
2478	98.06
2477	98.06
2476	98.08
2475	98.1
2474	98.11
2473	98.12
2472	98.12
2471	98.12
2470	98.12
2469	98.12
2468	98.13
2467	98.15
2466	98.17
2465	98.2
2464	98.22
2463	98.24
2462	98.25
2461	98.26
2460	98.26
2459	98.26
2458	98.27
2457	98.29
2456	98.3
2455	98.3
2454	98.3
2453	98.3
2452	98.31
2451	98.32
2450	98.35
2449	98.38
2448	98.4
2447	98.4
2446	98.4
2445	98.39
2444	98.38
2443	98.38
2442	98.37
2441	98.36
2440	98.36
2439	98.36
2438	98.38
2437	98.4
2436	98.42
2435	98.44
2434	98.45
2433	98.45
2432	98.43
2431	98.41
2430	98.4
2429	98.39
2428	98.38
2427	98.38
2426	98.38
2425	98.37
2424	98.36
2423	98.34
2422	98.33
2421	98.31
2420	98.3
2419	98.29
2418	98.28
2417	98.28
2416	98.28
2415	98.29
2414	98.29
2413	98.3
2412	98.3
2411	98.31
2410	98.32
2409	98.32
2408	98.33
2407	98.32
2406	98.32
2405	98.33
2404	98.34
2403	98.35
2402	98.36
2401	98.37
2400	98.38
2399	98.4
2398	98.41
2397	98.41
2396	98.42
2395	98.42
2394	98.43
2393	98.43
2392	98.43
2391	98.43
2390	98.44
2389	98.45
2388	98.45
2387	98.45
2386	98.45
2385	98.44
2384	98.44
2383	98.44
2382	98.45
2381	98.46
2380	98.48
2379	98.48
2378	98.48
2377	98.49
2376	98.5
2375	98.51
2374	98.52
2373	98.52
2372	98.51
2371	98.51
2370	98.5
2369	98.5
2368	98.5
2367	98.53
2366	98.55
2365	98.57
2364	98.56
2363	98.53
2362	98.5
2361	98.49
2360	98.51
2359	98.54
2358	98.57
2357	98.6
2356	98.62
2355	98.62
2354	98.62
2353	98.6
2352	98.59
2351	98.58
2350	98.59
2349	98.59
2348	98.6
2347	98.6
2346	98.59
2345	98.59
2344	98.59
2343	98.59
2342	98.6
2341	98.61
2340	98.62
2339	98.64
2338	98.66
2337	98.67
2336	98.66
2335	98.65
2334	98.64
2333	98.63
2332	98.63
2331	98.64
2330	98.65
2329	98.64
2328	98.63
2327	98.62
2326	98.62
2325	98.62
2324	98.62
2323	98.61
2322	98.6
2321	98.6
2320	98.61
2319	98.64
2318	98.67
2317	98.7
2316	98.7
2315	98.7
2314	98.69
2313	98.68
2312	98.68
2311	98.68
2310	98.67
2309	98.68
2308	98.68
2307	98.68
2306	98.68
2305	98.68
2304	98.68
2303	98.67
2302	98.67
2301	98.67
2300	98.67
2299	98.66
2298	98.66
2297	98.65
2296	98.65
2295	98.66
2294	98.66
2293	98.66
2292	98.66
2291	98.66
2290	98.65
2289	98.63
2288	98.62
2287	98.62
2286	98.65
2285	98.67
2284	98.68
2283	98.66
2282	98.63
2281	98.6
2280	98.59
2279	98.61
2278	98.64
2277	98.67
2276	98.68
2275	98.68
2274	98.67
2273	98.67
2272	98.67
2271	98.67
2270	98.66
2269	98.63
2268	98.59
2267	98.56
2266	98.54
2265	98.54
2264	98.54
2263	98.56
2262	98.58
2261	98.61
2260	98.64
2259	98.64
2258	98.62
2257	98.58
2256	98.55
2255	98.54
2254	98.55
2253	98.55
2252	98.55
2251	98.55
2250	98.54
2249	98.54
2248	98.53
2247	98.52
2246	98.52
2245	98.54
2244	98.55
2243	98.56
2242	98.55
2241	98.55
2240	98.56
2239	98.58
2238	98.61
2237	98.62
2236	98.63
2235	98.63
2234	98.64
2233	98.65
2232	98.66
2231	98.67
2230	98.7
2229	98.75
2228	98.79
2227	98.81
2226	98.8
2225	98.76
2224	98.71
2223	98.68
2222	98.68
2221	98.7
2220	98.73
2219	98.74
2218	98.71
2217	98.66
2216	98.63
2215	98.63
2214	98.66
2213	98.69
2212	98.69
2211	98.7
2210	98.72
2209	98.74
2208	98.76
2207	98.77
2206	98.76
2205	98.73
2204	98.71
2203	98.72
2202	98.74
2201	98.75
2200	98.73
2199	98.68
2198	98.63
2197	98.6
2196	98.61
2195	98.66
2194	98.73
2193	98.79
2192	98.82
2191	98.85
2190	98.88
2189	98.91
2188	98.91
2187	98.9
2186	98.91
2185	98.92
2184	98.92
2183	98.9
2182	98.88
2181	98.87
2180	98.86
2179	98.84
2178	98.81
2177	98.8
2176	98.8
2175	98.82
2174	98.84
2173	98.85
2172	98.85
2171	98.84
2170	98.84
2169	98.85
2168	98.86
2167	98.86
2166	98.88
2165	98.92
2164	98.98
2163	99.01
2162	99.02
2161	99
2160	98.97
2159	98.94
2158	98.92
2157	98.91
2156	98.91
2155	98.91
2154	98.9
2153	98.87
2152	98.87
2151	98.9
2150	98.95
2149	98.97
2148	98.93
2147	98.88
2146	98.85
2145	98.88
2144	98.93
2143	98.98
2142	98.98
2141	98.93
2140	98.87
2139	98.83
2138	98.81
2137	98.79
2136	98.78
2135	98.77
2134	98.76
2133	98.75
2132	98.73
2131	98.69
2130	98.66
2129	98.64
2128	98.65
2127	98.68
2126	98.74
2125	98.8
2124	98.84
2123	98.86
2122	98.84
2121	98.81
2120	98.77
2119	98.76
2118	98.78
2117	98.82
2116	98.85
2115	98.85
2114	98.84
2113	98.83
2112	98.83
2111	98.84
2110	98.87
2109	98.9
2108	98.93
2107	98.94
2106	98.93
2105	98.9
2104	98.88
2103	98.88
2102	98.89
2101	98.89
2100	98.89
2099	98.9
2098	98.93
2097	98.97
2096	99.01
2095	99.05
2094	99.07
2093	99.08
2092	99.08
2091	99.08
2090	99.09
2089	99.09
2088	99.09
2087	99.08
2086	99.08
2085	99.07
2084	99.07
2083	99.07
2082	99.08
2081	99.1
2080	99.11
2079	99.13
2078	99.15
2077	99.15
2076	99.15
2075	99.15
2074	99.15
2073	99.14
2072	99.13
2071	99.1
2070	99.08
2069	99.07
2068	99.07
2067	99.09
2066	99.11
2065	99.12
2064	99.11
2063	99.08
2062	99.05
2061	99.02
2060	98.98
2059	98.96
2058	98.94
2057	98.92
2056	98.92
2055	98.96
2054	99.01
2053	99.06
2052	99.08
2051	99.09
2050	99.1
2049	99.11
2048	99.12
2047	99.13
2046	99.12
2045	99.11
2044	99.1
2043	99.11
2042	99.12
2041	99.14
2040	99.15
2039	99.15
2038	99.14
2037	99.13
2036	99.11
2035	99.12
2034	99.14
2033	99.16
2032	99.18
2031	99.21
2030	99.25
2029	99.25
2028	99.2
2027	99.13
2026	99.08
2025	99.06
2024	99.06
2023	99.09
2022	99.1
2021	99.08
2020	99.04
2019	99.02
2018	99.06
2017	99.11
2016	99.13
2015	99.12
2014	99.1
2013	99.08
2012	99.06
2011	99.07
2010	99.1
2009	99.13
2008	99.12
2007	99.09
2006	99.06
2005	99.05
2004	99.04
2003	99.04
2002	99.05
2001	99.07
2000	99.08
1999	99.09
1998	99.1
1997	99.12
1996	99.12
1995	99.13
1994	99.14
1993	99.16
1992	99.18
1991	99.2
1990	99.22
1989	99.21
1988	99.18
1987	99.11
1986	99.04
1985	99
1984	99.03
1983	99.11
1982	99.18
1981	99.17
1980	99.09
1979	99.02
1978	99.02
1977	99.07
1976	99.13
1975	99.15
1974	99.14
1973	99.09
1972	99.02
1971	98.97
1970	98.94
1969	98.94
1968	98.93
1967	98.92
1966	98.93
1965	98.95
1964	98.97
1963	98.99
1962	98.99
1961	98.96
1960	98.93
1959	98.91
1958	98.93
1957	98.96
1956	98.97
1955	98.96
1954	98.94
1953	98.92
1952	98.91
1951	98.92
1950	98.94
1949	98.97
1948	98.97
1947	98.96
1946	98.92
1945	98.88
1944	98.84
1943	98.82
1942	98.83
1941	98.84
1940	98.83
1939	98.79
1938	98.72
1937	98.63
1936	98.53
1935	98.46
1934	98.41
1933	98.38
1932	98.35
1931	98.3
1930	98.25
1929	98.21
1928	98.19
1927	98.19
1926	98.2
1925	98.21
1924	98.22
1923	98.22
1922	98.23
1921	98.24
1920	98.28
1919	98.35
1918	98.44
1917	98.51
1916	98.55
1915	98.58
1914	98.59
1913	98.61
1912	98.63
1911	98.66
1910	98.69
1909	98.73
1908	98.75
1907	98.76
1906	98.78
1905	98.81
1904	98.84
1903	98.87
1902	98.91
1901	98.94
1900	98.96
1899	98.97
1898	98.97
1897	98.97
1896	98.98
1895	98.99
1894	99.02
1893	99.04
1892	99.04
1891	99.03
1890	99.02
1889	99.02
1888	99.03
1887	99.04
1886	99.04
1885	99.04
1884	99.03
1883	99.03
1882	99.04
1881	99.04
1880	99.04
1879	99.04
1878	99.05
1877	99.05
1876	99.06
1875	99.09
1874	99.11
1873	99.11
1872	99.1
1871	99.08
1870	99.08
1869	99.08
1868	99.08
1867	99.08
1866	99.08
1865	99.09
1864	99.1
1863	99.11
1862	99.12
1861	99.12
1860	99.12
1859	99.12
1858	99.12
1857	99.13
1856	99.14
1855	99.14
1854	99.14
1853	99.14
1852	99.14
1851	99.15
1850	99.16
1849	99.16
1848	99.16
1847	99.16
1846	99.17
1845	99.17
1844	99.15
1843	99.13
1842	99.12
1841	99.11
1840	99.1
1839	99.11
1838	99.13
1837	99.15
1836	99.17
1835	99.18
1834	99.19
1833	99.18
1832	99.17
1831	99.16
1830	99.16
1829	99.16
1828	99.15
1827	99.15
1826	99.15
1825	99.16
1824	99.17
1823	99.18
1822	99.19
1821	99.19
1820	99.19
1819	99.19
1818	99.19
1817	99.18
1816	99.17
1815	99.15
1814	99.14
1813	99.14
1812	99.14
1811	99.14
1810	99.14
1809	99.12
1808	99.11
1807	99.11
1806	99.11
1805	99.12
1804	99.12
1803	99.12
1802	99.11
1801	99.11
1800	99.12
1799	99.12
1798	99.13
1797	99.13
1796	99.13
1795	99.12
1794	99.11
1793	99.1
1792	99.09
1791	99.09
1790	99.09
1789	99.09
1788	99.1
1787	99.11
1786	99.11
1785	99.11
1784	99.1
1783	99.09
1782	99.09
1781	99.09
1780	99.08
1779	99.08
1778	99.08
1777	99.07
1776	99.07
1775	99.08
1774	99.09
1773	99.1
1772	99.11
1771	99.12
1770	99.12
1769	99.11
1768	99.1
1767	99.08
1766	99.08
1765	99.07
1764	99.07
1763	99.08
1762	99.08
1761	99.07
1760	99.06
1759	99.05
1758	99.05
1757	99.05
1756	99.06
1755	99.06
1754	99.08
1753	99.09
1752	99.11
1751	99.12
1750	99.12
1749	99.12
1748	99.11
1747	99.11
1746	99.12
1745	99.13
1744	99.14
1743	99.15
1742	99.15
1741	99.15
1740	99.15
1739	99.16
1738	99.16
1737	99.17
1736	99.18
1735	99.19
1734	99.19
1733	99.18
1732	99.17
1731	99.17
1730	99.18
1729	99.18
1728	99.17
1727	99.16
1726	99.16
1725	99.16
1724	99.16
1723	99.17
1722	99.18
1721	99.18
1720	99.17
1719	99.15
1718	99.13
1717	99.12
1716	99.12
1715	99.13
1714	99.15
1713	99.17
1712	99.17
1711	99.16
1710	99.16
1709	99.16
1708	99.15
1707	99.15
1706	99.15
1705	99.15
1704	99.15
1703	99.16
1702	99.16
1701	99.15
1700	99.14
1699	99.13
1698	99.13
1697	99.13
1696	99.14
1695	99.13
1694	99.13
1693	99.13
1692	99.12
1691	99.12
1690	99.11
1689	99.11
1688	99.1
1687	99.09
1686	99.08
1685	99.09
1684	99.1
1683	99.1
1682	99.1
1681	99.1
1680	99.08
1679	99.07
1678	99.07
1677	99.06
1676	99.05
1675	99.05
1674	99.05
1673	99.04
1672	99.04
1671	99.04
1670	99.05
1669	99.05
1668	99.04
1667	99.03
1666	99.02
1665	99.02
1664	99.03
1663	99.04
1662	99.05
1661	99.04
1660	99.03
1659	99.01
1658	99.01
1657	99.01
1656	99.03
1655	99.04
1654	99.06
1653	99.07
1652	99.07
1651	99.06
1650	99.06
1649	99.06
1648	99.05
1647	99.04
1646	99.05
1645	99.07
1644	99.08
1643	99.09
1642	99.1
1641	99.11
1640	99.11
1639	99.11
1638	99.11
1637	99.12
1636	99.12
1635	99.12
1634	99.12
1633	99.12
1632	99.12
1631	99.12
1630	99.13
1629	99.14
1628	99.15
1627	99.15
1626	99.15
1625	99.15
1624	99.14
1623	99.14
1622	99.15
1621	99.15
1620	99.14
1619	99.13
1618	99.13
1617	99.12
1616	99.12
1615	99.12
1614	99.14
1613	99.14
1612	99.15
1611	99.15
1610	99.16
1609	99.16
1608	99.16
1607	99.16
1606	99.16
1605	99.16
1604	99.16
1603	99.16
1602	99.17
1601	99.17
1600	99.16
1599	99.16
1598	99.17
1597	99.17
1596	99.16
1595	99.15
1594	99.15
1593	99.14
1592	99.13
1591	99.12
1590	99.11
1589	99.1
1588	99.09
1587	99.09
1586	99.09
1585	99.08
1584	99.07
1583	99.06
1582	99.05
1581	99.04
1580	99.03
1579	99.03
1578	99.03
1577	99.02
1576	99.02
1575	99.01
1574	99.01
1573	99.01
1572	99
1571	98.99
1570	98.98
1569	98.96
1568	98.94
1567	98.93
1566	98.91
1565	98.9
1564	98.89
1563	98.89
1562	98.89
1561	98.89
1560	98.89
1559	98.88
1558	98.87
1557	98.86
1556	98.84
1555	98.82
1554	98.8
1553	98.77
1552	98.74
1551	98.72
1550	98.71
1549	98.69
1548	98.67
1547	98.66
1546	98.65
1545	98.63
1544	98.6
1543	98.58
1542	98.56
1541	98.53
1540	98.5
1539	98.48
1538	98.47
1537	98.46
1536	98.45
1535	98.44
1534	98.41
1533	98.38
1532	98.35
1531	98.33
1530	98.31
1529	98.28
1528	98.24
1527	98.21
1526	98.17
1525	98.15
1524	98.12
1523	98.09
1522	98.06
1521	98
1520	97.95
1519	97.91
1518	97.88
1517	97.85
1516	97.8
1515	97.76
1514	97.72
1513	97.66
1512	97.61
1511	97.55
1510	97.5
1509	97.44
1508	97.35
1507	97.26
1506	97.17
1505	97.1
1504	97.03
1503	96.95
1502	96.87
1501	96.77
1500	96.66
1499	96.54
1498	96.41
1497	96.26
1496	96.07
1495	95.89
1494	95.72
1493	95.53
1492	95.31
1491	95.04
1490	94.72
1489	94.4
1488	94.13
1487	93.93
1486	93.79
1485	93.7
1484	93.64
1483	93.61
1482	93.59
1481	93.55
1480	93.5
1479	93.45
1478	93.39
1477	93.32
1476	93.24
1475	93.16
1474	93.05
1473	92.88
1472	92.68
1471	92.49
1470	92.31
1469	92.13
1468	91.93
1467	91.71
1466	91.44
1465	91.11
1464	90.76
1463	90.44
1462	90.13
1461	89.82
1460	89.5
1459	89.16
1458	88.8
1457	88.45
1456	88.23
1455	88.18
1454	88.2
1453	88.25
1452	88.28
1451	88.31
1450	88.31
1449	88.32
1448	88.35
1447	88.42
1446	88.53
1445	88.63
1444	88.74
1443	88.85
1442	88.94
1441	89
1440	89.04
1439	89.06
1438	89.05
1437	89
1436	88.92
1435	88.84
1434	88.77
1433	88.69
1432	88.61
1431	88.53
1430	88.45
1429	88.38
1428	88.31
1427	88.24
1426	88.17
1425	88.1
1424	88.05
1423	88.02
1422	88.01
1421	87.99
1420	87.98
1419	87.98
1418	87.99
1417	88
1416	88.03
1415	88.06
1414	88.1
1413	88.14
1412	88.19
1411	88.26
1410	88.33
1409	88.39
1408	88.46
1407	88.53
1406	88.6
1405	88.67
1404	88.75
1403	88.82
1402	88.87
1401	88.91
1400	88.93
1399	88.93
1398	88.91
1397	88.88
1396	88.82
1395	88.74
1394	88.62
1393	88.46
1392	88.28
1391	88.06
1390	87.8
1389	87.46
1388	87.03
1387	86.53
1386	86
1385	85.48
1384	84.99
1383	84.53
1382	84.14
1381	83.86
1380	83.71
1379	83.71
1378	83.82
1377	84.04
1376	84.34
1375	84.76
1374	85.29
1373	85.89
1372	86.52
1371	87.21
1370	87.93
1369	88.66
1368	89.35
1367	89.96
1366	90.44
1365	90.82
1364	91.11
1363	91.33
1362	91.46
1361	91.53
1360	91.57
1359	91.59
1358	91.59
1357	91.59
1356	91.58
1355	91.57
1354	91.55
1353	91.53
1352	91.49
1351	91.44
1350	91.39
1349	91.32
1348	91.24
1347	91.16
1346	91.07
1345	90.98
1344	90.88
1343	90.79
1342	90.69
1341	90.59
1340	90.48
1339	90.37
1338	90.27
1337	90.18
1336	90.1
1335	90.04
1334	89.99
1333	89.94
1332	89.9
1331	89.87
1330	89.85
1329	89.84
1328	89.84
1327	89.85
1326	89.87
1325	89.9
1324	89.93
1323	89.98
1322	90.04
1321	90.1
1320	90.17
1319	90.25
1318	90.34
1317	90.43
1316	90.53
1315	90.63
1314	90.75
1313	90.88
1312	91.01
1311	91.14
1310	91.28
1309	91.42
1308	91.57
1307	91.73
1306	91.9
1305	92.06
1304	92.22
1303	92.38
1302	92.54
1301	92.7
1300	92.86
1299	93.02
1298	93.17
1297	93.3
1296	93.43
1295	93.54
1294	93.65
1293	93.74
1292	93.83
1291	93.89
1290	93.94
1289	93.96
1288	93.96
1287	93.96
1286	93.93
1285	93.87
1284	93.77
1283	93.64
1282	93.48
1281	93.3
1280	93.11
1279	92.91
1278	92.71
1277	92.53
1276	92.39
1275	92.3
1274	92.28
1273	92.33
1272	92.45
1271	92.64
1270	92.88
1269	93.14
1268	93.42
1267	93.71
1266	94
1265	94.28
1264	94.54
1263	94.78
1262	95.01
1261	95.22
1260	95.41
1259	95.59
1258	95.76
1257	95.91
1256	96.05
1255	96.18
1254	96.3
1253	96.41
1252	96.5
1251	96.6
1250	96.68
1249	96.75
1248	96.81
1247	96.88
1246	96.94
1245	97.01
1244	97.08
1243	97.15
1242	97.22
1241	97.27
1240	97.32
1239	97.37
1238	97.41
1237	97.46
1236	97.5
1235	97.55
1234	97.59
1233	97.63
1232	97.66
1231	97.7
1230	97.74
1229	97.79
1228	97.84
1227	97.87
1226	97.89
1225	97.9
1224	97.91
1223	97.94
1222	97.97
1221	98.02
1220	98.05
1219	98.08
1218	98.09
1217	98.1
1216	98.11
1215	98.13
1214	98.15
1213	98.18
1212	98.21
1211	98.24
1210	98.26
1209	98.27
1208	98.28
1207	98.29
1206	98.31
1205	98.32
1204	98.35
1203	98.37
1202	98.4
1201	98.42
1200	98.43
1199	98.43
1198	98.43
1197	98.43
1196	98.44
1195	98.44
1194	98.44
1193	98.45
1192	98.45
1191	98.47
1190	98.48
1189	98.5
1188	98.52
1187	98.54
1186	98.55
1185	98.55
1184	98.53
1183	98.51
1182	98.5
1181	98.49
1180	98.5
1179	98.52
1178	98.53
1177	98.52
1176	98.5
1175	98.48
1174	98.45
1173	98.42
1172	98.4
1171	98.38
1170	98.36
1169	98.34
1168	98.31
1167	98.27
1166	98.21
1165	98.13
1164	98.05
1163	97.97
1162	97.87
1161	97.76
1160	97.66
1159	97.58
1158	97.52
1157	97.47
1156	97.43
1155	97.38
1154	97.33
1153	97.26
1152	97.22
1151	97.19
1150	97.18
1149	97.18
1148	97.16
1147	97.14
1146	97.11
1145	97.08
1144	97.03
1143	96.98
1142	96.93
1141	96.88
1140	96.84
1139	96.79
1138	96.74
1137	96.68
1136	96.6
1135	96.53
1134	96.46
1133	96.38
1132	96.31
1131	96.23
1130	96.14
1129	96.05
1128	95.96
1127	95.86
1126	95.78
1125	95.7
1124	95.63
1123	95.56
1122	95.48
1121	95.38
1120	95.28
1119	95.16
1118	95.03
1117	94.87
1116	94.66
1115	94.43
1114	94.17
1113	93.87
1112	93.53
1111	93.13
1110	92.67
1109	92.13
1108	91.48
1107	90.73
1106	89.87
1105	88.89
1104	87.76
1103	86.45
1102	84.96
1101	83.28
1100	81.43
1099	79.44
1098	77.34
1097	75.17
1096	72.98
1095	70.84
1094	68.81
1093	66.95
1092	65.33
1091	64.01
1090	63.03
1089	62.39
1088	62.1
1087	62.17
1086	62.59
1085	63.29
1084	64.2
1083	65.3
1082	66.55
1081	67.88
1080	69.25
1079	70.64
1078	72.02
1077	73.35
1076	74.6
1075	75.79
1074	76.89
1073	77.88
1072	78.75
1071	79.5
1070	80.12
1069	80.59
1068	80.9
1067	81.06
1066	81.04
1065	80.8
1064	80.31
1063	79.53
1062	78.41
1061	76.89
1060	74.93
1059	72.51
1058	69.62
1057	66.3
1056	62.61
1055	58.7
1054	54.7
1053	50.69
1052	46.84
1051	43.31
1050	40.27
1049	37.8
1048	36.01
1047	35.01
1046	34.82
1045	35.37
1044	36.61
1043	38.5
1042	40.96
1041	43.85
1040	47.05
1039	50.43
1038	53.86
1037	57.19
1036	60.37
1035	63.34
1034	66.09
1033	68.6
1032	70.91
1031	73.05
1030	75.04
1029	76.89
1028	78.58
1027	80.15
1026	81.58
1025	82.89
1024	84.08
1023	85.17
1022	86.16
1021	87.04
1020	87.84
1019	88.56
1018	89.22
1017	89.83
1016	90.38
1015	90.89
1014	91.37
1013	91.82
1012	92.23
1011	92.61
1010	92.96
1009	93.28
1008	93.56
1007	93.83
1006	94.08
1005	94.32
1004	94.57
1003	94.8
1002	95.02
1001	95.22
1000	95.43
999	95.63
998	95.82
997	95.99
996	96.14
995	96.27
994	96.39
993	96.51
992	96.64
991	96.76
990	96.88
989	96.98
988	97.07
987	97.15
986	97.24
985	97.33
984	97.42
983	97.51
982	97.59
981	97.66
980	97.74
979	97.83
978	97.91
977	97.97
976	98.03
975	98.1
974	98.17
973	98.23
972	98.28
971	98.32
970	98.36
969	98.4
968	98.44
967	98.49
966	98.54
965	98.58
964	98.61
963	98.64
962	98.67
961	98.7
960	98.73
959	98.76
958	98.8
957	98.84
956	98.86
955	98.89
954	98.92
953	98.94
952	98.96
951	98.97
950	98.96
949	98.96
948	98.98
947	99.03
946	99.07
945	99.1
944	99.11
943	99.12
942	99.12
941	99.13
940	99.13
939	99.14
938	99.15
937	99.16
936	99.17
935	99.18
934	99.19
933	99.19
932	99.19
931	99.19
930	99.2
929	99.2
928	99.19
927	99.17
926	99.16
925	99.16
924	99.17
923	99.17
922	99.18
921	99.18
920	99.16
919	99.13
918	99.09
917	99.06
916	99.03
915	98.99
914	98.93
913	98.87
912	98.8
911	98.73
910	98.66
909	98.58
908	98.48
907	98.36
906	98.23
905	98.07
904	97.9
903	97.71
902	97.48
901	97.23
900	96.93
899	96.59
898	96.2
897	95.75
896	95.2
895	94.53
894	93.7
893	92.68
892	91.44
891	89.93
890	88.14
889	86.04
888	83.68
887	81.1
886	78.33
885	75.44
884	72.54
883	69.81
882	67.5
881	65.92
880	65.37
879	66.03
878	67.87
877	70.62
876	73.91
875	77.35
874	80.64
873	83.57
872	86.07
871	88.17
870	89.91
869	91.35
868	92.52
867	93.48
866	94.25
865	94.86
864	95.34
863	95.72
862	96.04
861	96.33
860	96.59
859	96.82
858	97.02
857	97.18
856	97.31
855	97.4
854	97.47
853	97.53
852	97.58
851	97.63
850	97.67
849	97.69
848	97.69
847	97.7
846	97.71
845	97.73
844	97.73
843	97.73
842	97.71
841	97.69
840	97.67
839	97.66
838	97.65
837	97.65
836	97.64
835	97.61
834	97.56
833	97.48
832	97.41
831	97.35
830	97.31
829	97.26
828	97.19
827	97.12
826	97.06
825	97.02
824	96.95
823	96.86
822	96.74
821	96.61
820	96.48
819	96.35
818	96.22
817	96.08
816	95.92
815	95.73
814	95.53
813	95.3
812	95.01
811	94.68
810	94.31
809	93.91
808	93.49
807	93.09
806	92.73
805	92.46
804	92.28
803	92.24
802	92.32
801	92.5
800	92.74
799	92.99
798	93.25
797	93.48
796	93.68
795	93.84
794	93.97
793	94.06
792	94.11
791	94.14
790	94.16
789	94.18
788	94.2
787	94.22
786	94.24
785	94.23
784	94.2
783	94.16
782	94.13
781	94.08
780	94.03
779	93.97
778	93.93
777	93.89
776	93.85
775	93.78
774	93.69
773	93.59
772	93.5
771	93.44
770	93.39
769	93.33
768	93.25
767	93.16
766	93.09
765	93.02
764	92.94
763	92.86
762	92.79
761	92.72
760	92.65
759	92.58
758	92.52
757	92.45
756	92.36
755	92.27
754	92.19
753	92.11
752	92.02
751	91.93
750	91.85
749	91.76
748	91.68
747	91.6
746	91.52
745	91.43
744	91.32
743	91.2
742	91.09
741	91
740	90.92
739	90.85
738	90.78
737	90.72
736	90.67
735	90.6
734	90.51
733	90.4
732	90.29
731	90.19
730	90.11
729	90.03
728	89.95
727	89.87
726	89.79
725	89.7
724	89.6
723	89.49
722	89.4
721	89.32
720	89.23
719	89.16
718	89.09
717	89
716	88.89
715	88.78
714	88.68
713	88.58
712	88.49
711	88.41
710	88.33
709	88.25
708	88.16
707	88.08
706	88
705	87.9
704	87.79
703	87.68
702	87.58
701	87.49
700	87.41
699	87.34
698	87.29
697	87.24
696	87.17
695	87.1
694	87.03
693	86.95
692	86.86
691	86.77
690	86.68
689	86.6
688	86.5
687	86.4
686	86.32
685	86.26
684	86.2
683	86.13
682	86.05
681	85.98
680	85.91
679	85.85
678	85.79
677	85.7
676	85.6
675	85.5
674	85.43
673	85.36
672	85.31
671	85.29
670	85.3
669	85.32
668	85.27
667	85.16
666	85.04
665	84.94
664	84.85
663	84.78
662	84.73
661	84.69
660	84.66
659	84.61
658	84.57
657	84.54
656	84.52
655	84.51
654	84.49
653	84.44
652	84.37
651	84.3
650	84.25
649	84.21
648	84.16
647	84.12
646	84.1
645	84.09
644	84.07
643	84.04
642	84.03
641	84.02
640	84.03
639	84.04
638	84.05
637	84.04
636	84.01
635	83.97
634	83.96
633	83.97
632	84.01
631	84.05
630	84.07
629	84.06
628	84.03
627	84
626	84
625	84.02
624	84.04
623	84.07
622	84.09
621	84.11
620	84.11
619	84.12
618	84.17
617	84.21
616	84.25
615	84.28
614	84.33
613	84.39
612	84.45
611	84.52
610	84.59
609	84.64
608	84.67
607	84.7
606	84.76
605	84.85
604	84.97
603	85.1
602	85.21
601	85.29
600	85.34
599	85.38
598	85.43
597	85.49
596	85.54
595	85.59
594	85.64
593	85.71
592	85.81
591	85.93
590	86.03
589	86.1
588	86.15
587	86.19
586	86.24
585	86.3
584	86.4
583	86.53
582	86.68
581	86.8
580	86.9
579	86.97
578	87.05
577	87.11
576	87.16
575	87.22
574	87.3
573	87.4
572	87.52
571	87.65
570	87.76
569	87.85
568	87.93
567	88.04
566	88.17
565	88.29
564	88.4
563	88.49
562	88.58
561	88.63
560	88.66
559	88.71
558	88.81
557	88.96
556	89.11
555	89.22
554	89.29
553	89.37
552	89.48
551	89.65
550	89.83
549	90.01
548	90.21
547	90.39
546	90.5
545	90.52
544	90.49
543	90.51
542	90.6
541	90.73
540	90.86
539	90.97
538	91.05
537	91.1
536	91.17
535	91.3
534	91.46
533	91.59
532	91.69
531	91.77
530	91.88
529	91.99
528	92.06
527	92.1
526	92.13
525	92.19
524	92.28
523	92.39
522	92.52
521	92.63
520	92.74
519	92.84
518	92.93
517	92.97
516	92.98
515	93.02
514	93.1
513	93.2
512	93.32
511	93.43
510	93.51
509	93.53
508	93.49
507	93.49
506	93.56
505	93.7
504	93.87
503	94
502	94.07
501	94.08
500	94.07
499	94.1
498	94.18
497	94.3
496	94.44
495	94.55
494	94.6
493	94.61
492	94.62
491	94.67
490	94.71
489	94.68
488	94.6
487	94.56
486	94.64
485	94.81
484	94.99
483	95.11
482	95.13
481	95.09
480	95.07
479	95.13
478	95.21
477	95.26
476	95.21
475	95.11
474	95.03
473	95.02
472	95.11
471	95.24
470	95.34
469	95.38
468	95.39
467	95.43
466	95.47
465	95.46
464	95.4
463	95.32
462	95.23
461	95.09
460	94.85
459	94.56
458	94.33
457	94.23
456	94.21
455	94.17
454	94.11
453	94.06
452	94.04
451	93.95
450	93.7
449	93.27
448	92.78
447	92.36
446	92.07
445	91.86
444	91.7
443	91.57
442	91.38
441	91.04
440	90.57
439	90.11
438	89.76
437	89.5
436	89.3
435	89.14
434	88.99
433	88.8
432	88.53
431	88.25
430	88.07
429	88.08
428	88.37
427	88.91
426	89.54
425	90.07
424	90.57
423	91.19
422	91.93
421	92.59
420	93.06
419	93.42
418	93.79
417	94.16
416	94.51
415	94.84
414	95.08
413	95.19
412	95.22
411	95.36
410	95.75
409	96.3
408	96.87
407	97.32
406	97.59
405	97.77
404	98.02
403	98.44
402	98.93
401	99.33
400	99.57