4000	99.48
3999	99.48
3998	99.48
3997	99.47
3996	99.47
3995	99.47
3994	99.47
3993	99.47
3992	99.48
3991	99.48
3990	99.48
3989	99.48
3988	99.48
3987	99.48
3986	99.48
3985	99.48
3984	99.48
3983	99.48
3982	99.48
3981	99.48
3980	99.48
3979	99.47
3978	99.47
3977	99.46
3976	99.46
3975	99.46
3974	99.46
3973	99.47
3972	99.47
3971	99.47
3970	99.48
3969	99.48
3968	99.48
3967	99.48
3966	99.49
3965	99.49
3964	99.48
3963	99.48
3962	99.47
3961	99.47
3960	99.46
3959	99.46
3958	99.47
3957	99.47
3956	99.47
3955	99.47
3954	99.47
3953	99.47
3952	99.47
3951	99.47
3950	99.47
3949	99.47
3948	99.47
3947	99.47
3946	99.47
3945	99.47
3944	99.47
3943	99.47
3942	99.47
3941	99.46
3940	99.46
3939	99.46
3938	99.47
3937	99.47
3936	99.46
3935	99.46
3934	99.46
3933	99.46
3932	99.46
3931	99.46
3930	99.46
3929	99.46
3928	99.46
3927	99.46
3926	99.46
3925	99.46
3924	99.46
3923	99.46
3922	99.46
3921	99.46
3920	99.46
3919	99.46
3918	99.46
3917	99.47
3916	99.47
3915	99.47
3914	99.48
3913	99.48
3912	99.48
3911	99.47
3910	99.47
3909	99.46
3908	99.45
3907	99.45
3906	99.44
3905	99.44
3904	99.44
3903	99.44
3902	99.44
3901	99.45
3900	99.46
3899	99.47
3898	99.47
3897	99.47
3896	99.47
3895	99.47
3894	99.47
3893	99.47
3892	99.47
3891	99.47
3890	99.45
3889	99.45
3888	99.45
3887	99.45
3886	99.45
3885	99.45
3884	99.44
3883	99.45
3882	99.46
3881	99.47
3880	99.47
3879	99.46
3878	99.45
3877	99.45
3876	99.46
3875	99.46
3874	99.44
3873	99.43
3872	99.42
3871	99.44
3870	99.45
3869	99.45
3868	99.44
3867	99.45
3866	99.47
3865	99.47
3864	99.46
3863	99.45
3862	99.45
3861	99.45
3860	99.45
3859	99.45
3858	99.44
3857	99.43
3856	99.42
3855	99.43
3854	99.45
3853	99.46
3852	99.45
3851	99.45
3850	99.46
3849	99.48
3848	99.48
3847	99.47
3846	99.46
3845	99.45
3844	99.45
3843	99.44
3842	99.44
3841	99.43
3840	99.44
3839	99.44
3838	99.44
3837	99.43
3836	99.43
3835	99.43
3834	99.44
3833	99.45
3832	99.45
3831	99.45
3830	99.45
3829	99.45
3828	99.46
3827	99.46
3826	99.45
3825	99.44
3824	99.43
3823	99.44
3822	99.45
3821	99.45
3820	99.44
3819	99.43
3818	99.45
3817	99.47
3816	99.47
3815	99.46
3814	99.44
3813	99.44
3812	99.45
3811	99.44
3810	99.44
3809	99.44
3808	99.45
3807	99.45
3806	99.43
3805	99.41
3804	99.41
3803	99.43
3802	99.44
3801	99.43
3800	99.42
3799	99.41
3798	99.43
3797	99.44
3796	99.44
3795	99.44
3794	99.44
3793	99.44
3792	99.45
3791	99.45
3790	99.45
3789	99.45
3788	99.44
3787	99.44
3786	99.44
3785	99.44
3784	99.43
3783	99.43
3782	99.43
3781	99.44
3780	99.44
3779	99.43
3778	99.42
3777	99.42
3776	99.43
3775	99.43
3774	99.43
3773	99.43
3772	99.43
3771	99.43
3770	99.43
3769	99.42
3768	99.41
3767	99.41
3766	99.42
3765	99.42
3764	99.41
3763	99.41
3762	99.41
3761	99.42
3760	99.42
3759	99.41
3758	99.41
3757	99.4
3756	99.39
3755	99.38
3754	99.37
3753	99.36
3752	99.36
3751	99.37
3750	99.37
3749	99.37
3748	99.37
3747	99.37
3746	99.39
3745	99.41
3744	99.41
3743	99.39
3742	99.39
3741	99.4
3740	99.4
3739	99.39
3738	99.38
3737	99.37
3736	99.38
3735	99.38
3734	99.38
3733	99.38
3732	99.39
3731	99.39
3730	99.4
3729	99.41
3728	99.42
3727	99.42
3726	99.41
3725	99.4
3724	99.4
3723	99.4
3722	99.4
3721	99.4
3720	99.39
3719	99.39
3718	99.38
3717	99.37
3716	99.36
3715	99.34
3714	99.34
3713	99.34
3712	99.34
3711	99.34
3710	99.34
3709	99.34
3708	99.33
3707	99.33
3706	99.32
3705	99.3
3704	99.29
3703	99.27
3702	99.26
3701	99.25
3700	99.23
3699	99.22
3698	99.21
3697	99.19
3696	99.18
3695	99.16
3694	99.15
3693	99.14
3692	99.13
3691	99.12
3690	99.12
3689	99.12
3688	99.11
3687	99.1
3686	99.09
3685	99.09
3684	99.1
3683	99.1
3682	99.1
3681	99.1
3680	99.08
3679	99.06
3678	99.03
3677	99
3676	99
3675	98.99
3674	98.98
3673	98.98
3672	99
3671	99.02
3670	99.02
3669	99.01
3668	99.01
3667	99.01
3666	99.03
3665	99.03
3664	99.03
3663	99.03
3662	99.03
3661	99.03
3660	99.03
3659	99.03
3658	99.04
3657	99.06
3656	99.07
3655	99.08
3654	99.08
3653	99.08
3652	99.07
3651	99.07
3650	99.08
3649	99.1
3648	99.12
3647	99.14
3646	99.17
3645	99.19
3644	99.22
3643	99.24
3642	99.24
3641	99.25
3640	99.25
3639	99.26
3638	99.27
3637	99.27
3636	99.28
3635	99.28
3634	99.27
3633	99.26
3632	99.25
3631	99.25
3630	99.26
3629	99.29
3628	99.3
3627	99.3
3626	99.32
3625	99.33
3624	99.33
3623	99.32
3622	99.31
3621	99.31
3620	99.31
3619	99.31
3618	99.31
3617	99.31
3616	99.32
3615	99.33
3614	99.34
3613	99.34
3612	99.34
3611	99.34
3610	99.35
3609	99.35
3608	99.35
3607	99.35
3606	99.35
3605	99.34
3604	99.34
3603	99.35
3602	99.35
3601	99.36
3600	99.36
3599	99.36
3598	99.35
3597	99.35
3596	99.35
3595	99.35
3594	99.35
3593	99.35
3592	99.34
3591	99.33
3590	99.33
3589	99.33
3588	99.33
3587	99.33
3586	99.33
3585	99.33
3584	99.34
3583	99.34
3582	99.35
3581	99.35
3580	99.35
3579	99.34
3578	99.34
3577	99.34
3576	99.33
3575	99.33
3574	99.32
3573	99.32
3572	99.31
3571	99.3
3570	99.29
3569	99.28
3568	99.28
3567	99.28
3566	99.28
3565	99.28
3564	99.28
3563	99.29
3562	99.29
3561	99.29
3560	99.29
3559	99.28
3558	99.27
3557	99.27
3556	99.27
3555	99.27
3554	99.27
3553	99.27
3552	99.27
3551	99.26
3550	99.25
3549	99.24
3548	99.23
3547	99.22
3546	99.22
3545	99.21
3544	99.21
3543	99.21
3542	99.21
3541	99.21
3540	99.21
3539	99.2
3538	99.2
3537	99.19
3536	99.18
3535	99.18
3534	99.17
3533	99.17
3532	99.16
3531	99.16
3530	99.15
3529	99.14
3528	99.14
3527	99.14
3526	99.14
3525	99.13
3524	99.13
3523	99.12
3522	99.12
3521	99.12
3520	99.11
3519	99.11
3518	99.1
3517	99.09
3516	99.08
3515	99.08
3514	99.08
3513	99.07
3512	99.07
3511	99.06
3510	99.04
3509	99.03
3508	99.02
3507	99.01
3506	99
3505	98.99
3504	98.98
3503	98.97
3502	98.96
3501	98.95
3500	98.94
3499	98.93
3498	98.93
3497	98.92
3496	98.92
3495	98.91
3494	98.9
3493	98.89
3492	98.88
3491	98.87
3490	98.86
3489	98.85
3488	98.83
3487	98.82
3486	98.81
3485	98.8
3484	98.8
3483	98.79
3482	98.79
3481	98.78
3480	98.76
3479	98.75
3478	98.73
3477	98.72
3476	98.71
3475	98.7
3474	98.69
3473	98.68
3472	98.67
3471	98.66
3470	98.64
3469	98.63
3468	98.62
3467	98.61
3466	98.6
3465	98.58
3464	98.57
3463	98.55
3462	98.54
3461	98.52
3460	98.51
3459	98.5
3458	98.49
3457	98.47
3456	98.46
3455	98.45
3454	98.44
3453	98.42
3452	98.41
3451	98.4
3450	98.38
3449	98.37
3448	98.36
3447	98.34
3446	98.32
3445	98.31
3444	98.29
3443	98.28
3442	98.27
3441	98.25
3440	98.24
3439	98.22
3438	98.21
3437	98.19
3436	98.17
3435	98.15
3434	98.13
3433	98.11
3432	98.09
3431	98.07
3430	98.06
3429	98.03
3428	98.01
3427	97.99
3426	97.96
3425	97.93
3424	97.91
3423	97.88
3422	97.86
3421	97.83
3420	97.8
3419	97.77
3418	97.74
3417	97.71
3416	97.68
3415	97.65
3414	97.62
3413	97.59
3412	97.55
3411	97.51
3410	97.46
3409	97.42
3408	97.38
3407	97.33
3406	97.28
3405	97.22
3404	97.16
3403	97.09
3402	97.02
3401	96.94
3400	96.86
3399	96.77
3398	96.67
3397	96.56
3396	96.45
3395	96.32
3394	96.19
3393	96.05
3392	95.9
3391	95.74
3390	95.56
3389	95.37
3388	95.16
3387	94.95
3386	94.72
3385	94.47
3384	94.22
3383	93.95
3382	93.67
3381	93.38
3380	93.08
3379	92.77
3378	92.46
3377	92.14
3376	91.82
3375	91.5
3374	91.17
3373	90.85
3372	90.53
3371	90.22
3370	89.92
3369	89.63
3368	89.36
3367	89.11
3366	88.88
3365	88.67
3364	88.48
3363	88.31
3362	88.17
3361	88.05
3360	87.96
3359	87.9
3358	87.87
3357	87.86
3356	87.87
3355	87.9
3354	87.95
3353	88.03
3352	88.12
3351	88.23
3350	88.35
3349	88.5
3348	88.65
3347	88.81
3346	88.98
3345	89.15
3344	89.32
3343	89.5
3342	89.68
3341	89.87
3340	90.04
3339	90.22
3338	90.38
3337	90.55
3336	90.71
3335	90.86
3334	91
3333	91.13
3332	91.25
3331	91.35
3330	91.45
3329	91.54
3328	91.62
3327	91.69
3326	91.75
3325	91.8
3324	91.84
3323	91.86
3322	91.87
3321	91.87
3320	91.86
3319	91.85
3318	91.82
3317	91.78
3316	91.72
3315	91.66
3314	91.59
3313	91.51
3312	91.42
3311	91.33
3310	91.23
3309	91.13
3308	91.03
3307	90.92
3306	90.82
3305	90.7
3304	90.58
3303	90.46
3302	90.34
3301	90.21
3300	90.08
3299	89.96
3298	89.85
3297	89.74
3296	89.63
3295	89.53
3294	89.44
3293	89.35
3292	89.26
3291	89.18
3290	89.1
3289	89.03
3288	88.97
3287	88.92
3286	88.88
3285	88.85
3284	88.82
3283	88.8
3282	88.79
3281	88.79
3280	88.8
3279	88.82
3278	88.85
3277	88.89
3276	88.93
3275	88.97
3274	89.03
3273	89.08
3272	89.15
3271	89.22
3270	89.29
3269	89.36
3268	89.43
3267	89.51
3266	89.6
3265	89.69
3264	89.78
3263	89.88
3262	89.98
3261	90.08
3260	90.18
3259	90.28
3258	90.38
3257	90.48
3256	90.58
3255	90.67
3254	90.77
3253	90.86
3252	90.96
3251	91.05
3250	91.15
3249	91.24
3248	91.32
3247	91.4
3246	91.48
3245	91.55
3244	91.62
3243	91.68
3242	91.75
3241	91.82
3240	91.88
3239	91.95
3238	92.02
3237	92.09
3236	92.17
3235	92.24
3234	92.3
3233	92.35
3232	92.39
3231	92.42
3230	92.45
3229	92.48
3228	92.51
3227	92.55
3226	92.58
3225	92.61
3224	92.64
3223	92.66
3222	92.69
3221	92.72
3220	92.74
3219	92.75
3218	92.77
3217	92.78
3216	92.79
3215	92.81
3214	92.82
3213	92.82
3212	92.83
3211	92.83
3210	92.83
3209	92.83
3208	92.84
3207	92.83
3206	92.82
3205	92.82
3204	92.81
3203	92.8
3202	92.8
3201	92.8
3200	92.79
3199	92.79
3198	92.78
3197	92.78
3196	92.78
3195	92.78
3194	92.78
3193	92.78
3192	92.78
3191	92.79
3190	92.8
3189	92.82
3188	92.83
3187	92.85
3186	92.87
3185	92.89
3184	92.92
3183	92.95
3182	92.99
3181	93.04
3180	93.09
3179	93.14
3178	93.19
3177	93.24
3176	93.3
3175	93.37
3174	93.44
3173	93.51
3172	93.59
3171	93.67
3170	93.75
3169	93.83
3168	93.91
3167	93.99
3166	94.07
3165	94.16
3164	94.25
3163	94.34
3162	94.44
3161	94.53
3160	94.62
3159	94.71
3158	94.8
3157	94.9
3156	95
3155	95.1
3154	95.21
3153	95.3
3152	95.39
3151	95.46
3150	95.52
3149	95.58
3148	95.64
3147	95.71
3146	95.78
3145	95.85
3144	95.93
3143	96
3142	96.08
3141	96.16
3140	96.23
3139	96.3
3138	96.35
3137	96.39
3136	96.43
3135	96.46
3134	96.51
3133	96.56
3132	96.62
3131	96.68
3130	96.74
3129	96.78
3128	96.82
3127	96.85
3126	96.89
3125	96.93
3124	96.98
3123	97.03
3122	97.09
3121	97.14
3120	97.19
3119	97.22
3118	97.26
3117	97.29
3116	97.31
3115	97.34
3114	97.35
3113	97.37
3112	97.39
3111	97.42
3110	97.45
3109	97.47
3108	97.49
3107	97.51
3106	97.52
3105	97.53
3104	97.55
3103	97.58
3102	97.61
3101	97.64
3100	97.66
3099	97.68
3098	97.69
3097	97.7
3096	97.72
3095	97.73
3094	97.76
3093	97.78
3092	97.81
3091	97.83
3090	97.84
3089	97.86
3088	97.87
3087	97.88
3086	97.9
3085	97.92
3084	97.94
3083	97.96
3082	97.97
3081	97.98
3080	98
3079	98.01
3078	98.02
3077	98.02
3076	98.02
3075	98.02
3074	98.03
3073	98.03
3072	98.04
3071	98.06
3070	98.08
3069	98.1
3068	98.11
3067	98.12
3066	98.12
3065	98.12
3064	98.12
3063	98.11
3062	98.11
3061	98.12
3060	98.12
3059	98.13
3058	98.14
3057	98.15
3056	98.16
3055	98.16
3054	98.17
3053	98.17
3052	98.18
3051	98.18
3050	98.18
3049	98.17
3048	98.16
3047	98.16
3046	98.17
3045	98.18
3044	98.18
3043	98.18
3042	98.17
3041	98.16
3040	98.15
3039	98.14
3038	98.13
3037	98.12
3036	98.11
3035	98.1
3034	98.08
3033	98.06
3032	98.04
3031	98.02
3030	98.01
3029	97.99
3028	97.97
3027	97.96
3026	97.94
3025	97.92
3024	97.9
3023	97.87
3022	97.84
3021	97.81
3020	97.78
3019	97.75
3018	97.72
3017	97.69
3016	97.67
3015	97.64
3014	97.6
3013	97.56
3012	97.52
3011	97.47
3010	97.42
3009	97.38
3008	97.33
3007	97.29
3006	97.24
3005	97.2
3004	97.16
3003	97.11
3002	97.07
3001	97.02
3000	96.97
2999	96.92
2998	96.87
2997	96.82
2996	96.78
2995	96.74
2994	96.71
2993	96.65
2992	96.57
2991	96.47
2990	96.38
2989	96.3
2988	96.26
2987	96.23
2986	96.22
2985	96.2
2984	96.18
2983	96.15
2982	96.11
2981	96.07
2980	96.01
2979	95.95
2978	95.88
2977	95.8
2976	95.71
2975	95.62
2974	95.52
2973	95.41
2972	95.3
2971	95.2
2970	95.09
2969	94.98
2968	94.86
2967	94.73
2966	94.59
2965	94.43
2964	94.26
2963	94.06
2962	93.84
2961	93.6
2960	93.34
2959	93.05
2958	92.75
2957	92.42
2956	92.06
2955	91.69
2954	91.3
2953	90.87
2952	90.43
2951	89.96
2950	89.47
2949	88.95
2948	88.41
2947	87.84
2946	87.26
2945	86.66
2944	86.05
2943	85.44
2942	84.84
2941	84.23
2940	83.64
2939	83.06
2938	82.51
2937	81.98
2936	81.48
2935	81.02
2934	80.6
2933	80.21
2932	79.86
2931	79.54
2930	79.27
2929	79.05
2928	78.86
2927	78.71
2926	78.59
2925	78.5
2924	78.43
2923	78.39
2922	78.38
2921	78.39
2920	78.42
2919	78.47
2918	78.53
2917	78.62
2916	78.72
2915	78.84
2914	78.99
2913	79.15
2912	79.34
2911	79.55
2910	79.79
2909	80.03
2908	80.28
2907	80.53
2906	80.77
2905	81.02
2904	81.26
2903	81.49
2902	81.73
2901	81.99
2900	82.28
2899	82.59
2898	82.91
2897	83.23
2896	83.54
2895	83.86
2894	84.18
2893	84.51
2892	84.85
2891	85.2
2890	85.53
2889	85.86
2888	86.18
2887	86.48
2886	86.76
2885	87.01
2884	87.24
2883	87.45
2882	87.62
2881	87.75
2880	87.83
2879	87.87
2878	87.87
2877	87.8
2876	87.69
2875	87.52
2874	87.29
2873	87.02
2872	86.69
2871	86.33
2870	85.92
2869	85.48
2868	85.01
2867	84.52
2866	84.02
2865	83.51
2864	83
2863	82.51
2862	82.04
2861	81.59
2860	81.18
2859	80.82
2858	80.5
2857	80.24
2856	80.02
2855	79.85
2854	79.73
2853	79.65
2852	79.6
2851	79.59
2850	79.6
2849	79.63
2848	79.69
2847	79.77
2846	79.88
2845	79.99
2844	80.13
2843	80.26
2842	80.41
2841	80.57
2840	80.75
2839	80.95
2838	81.17
2837	81.42
2836	81.68
2835	81.96
2834	82.25
2833	82.56
2832	82.88
2831	83.22
2830	83.58
2829	83.96
2828	84.35
2827	84.75
2826	85.16
2825	85.58
2824	86
2823	86.43
2822	86.87
2821	87.3
2820	87.72
2819	88.14
2818	88.55
2817	88.95
2816	89.35
2815	89.73
2814	90.1
2813	90.45
2812	90.79
2811	91.11
2810	91.42
2809	91.7
2808	91.98
2807	92.23
2806	92.48
2805	92.72
2804	92.94
2803	93.15
2802	93.35
2801	93.53
2800	93.71
2799	93.87
2798	94.02
2797	94.17
2796	94.31
2795	94.43
2794	94.55
2793	94.66
2792	94.76
2791	94.85
2790	94.95
2789	95.03
2788	95.11
2787	95.19
2786	95.26
2785	95.32
2784	95.39
2783	95.45
2782	95.51
2781	95.57
2780	95.62
2779	95.67
2778	95.73
2777	95.78
2776	95.83
2775	95.87
2774	95.91
2773	95.95
2772	95.98
2771	96
2770	96.03
2769	96.05
2768	96.06
2767	96.08
2766	96.09
2765	96.1
2764	96.1
2763	96.1
2762	96.09
2761	96.08
2760	96.07
2759	96.06
2758	96.04
2757	96.01
2756	95.99
2755	95.96
2754	95.94
2753	95.91
2752	95.89
2751	95.86
2750	95.84
2749	95.82
2748	95.8
2747	95.78
2746	95.77
2745	95.76
2744	95.76
2743	95.77
2742	95.78
2741	95.79
2740	95.8
2739	95.82
2738	95.83
2737	95.85
2736	95.87
2735	95.9
2734	95.92
2733	95.95
2732	95.99
2731	96.03
2730	96.07
2729	96.12
2728	96.18
2727	96.23
2726	96.29
2725	96.36
2724	96.42
2723	96.47
2722	96.53
2721	96.59
2720	96.65
2719	96.7
2718	96.76
2717	96.81
2716	96.86
2715	96.9
2714	96.94
2713	96.98
2712	97.02
2711	97.05
2710	97.08
2709	97.11
2708	97.13
2707	97.16
2706	97.19
2705	97.21
2704	97.23
2703	97.24
2702	97.25
2701	97.26
2700	97.27
2699	97.27
2698	97.28
2697	97.29
2696	97.29
2695	97.29
2694	97.29
2693	97.29
2692	97.29
2691	97.29
2690	97.29
2689	97.29
2688	97.29
2687	97.3
2686	97.31
2685	97.31
2684	97.32
2683	97.33
2682	97.33
2681	97.34
2680	97.35
2679	97.36
2678	97.37
2677	97.39
2676	97.41
2675	97.43
2674	97.44
2673	97.46
2672	97.49
2671	97.51
2670	97.53
2669	97.56
2668	97.59
2667	97.61
2666	97.63
2665	97.65
2664	97.67
2663	97.68
2662	97.7
2661	97.73
2660	97.76
2659	97.78
2658	97.81
2657	97.84
2656	97.87
2655	97.89
2654	97.92
2653	97.94
2652	97.97
2651	97.99
2650	98.02
2649	98.05
2648	98.07
2647	98.1
2646	98.12
2645	98.14
2644	98.16
2643	98.18
2642	98.21
2641	98.23
2640	98.24
2639	98.26
2638	98.28
2637	98.29
2636	98.31
2635	98.33
2634	98.35
2633	98.37
2632	98.38
2631	98.4
2630	98.41
2629	98.42
2628	98.43
2627	98.45
2626	98.46
2625	98.47
2624	98.48
2623	98.48
2622	98.49
2621	98.49
2620	98.5
2619	98.52
2618	98.53
2617	98.55
2616	98.56
2615	98.57
2614	98.59
2613	98.59
2612	98.6
2611	98.6
2610	98.6
2609	98.61
2608	98.62
2607	98.63
2606	98.64
2605	98.65
2604	98.66
2603	98.67
2602	98.67
2601	98.68
2600	98.68
2599	98.69
2598	98.7
2597	98.71
2596	98.72
2595	98.73
2594	98.73
2593	98.73
2592	98.74
2591	98.75
2590	98.76
2589	98.78
2588	98.79
2587	98.79
2586	98.8
2585	98.81
2584	98.81
2583	98.81
2582	98.81
2581	98.81
2580	98.82
2579	98.82
2578	98.83
2577	98.84
2576	98.84
2575	98.85
2574	98.86
2573	98.87
2572	98.87
2571	98.88
2570	98.89
2569	98.9
2568	98.9
2567	98.91
2566	98.91
2565	98.91
2564	98.91
2563	98.91
2562	98.91
2561	98.92
2560	98.93
2559	98.94
2558	98.94
2557	98.95
2556	98.97
2555	98.98
2554	98.99
2553	99
2552	99
2551	99
2550	98.99
2549	98.98
2548	98.98
2547	98.98
2546	99
2545	99.01
2544	99.02
2543	99.02
2542	99.02
2541	99.02
2540	99.02
2539	99.03
2538	99.04
2537	99.05
2536	99.05
2535	99.05
2534	99.05
2533	99.05
2532	99.06
2531	99.06
2530	99.06
2529	99.06
2528	99.05
2527	99.06
2526	99.06
2525	99.07
2524	99.07
2523	99.07
2522	99.07
2521	99.07
2520	99.06
2519	99.06
2518	99.05
2517	99.04
2516	99.04
2515	99.04
2514	99.05
2513	99.06
2512	99.07
2511	99.08
2510	99.09
2509	99.09
2508	99.08
2507	99.07
2506	99.07
2505	99.06
2504	99.07
2503	99.08
2502	99.09
2501	99.09
2500	99.09
2499	99.09
2498	99.1
2497	99.1
2496	99.1
2495	99.1
2494	99.1
2493	99.1
2492	99.1
2491	99.1
2490	99.1
2489	99.11
2488	99.11
2487	99.11
2486	99.1
2485	99.1
2484	99.09
2483	99.09
2482	99.09
2481	99.1
2480	99.11
2479	99.11
2478	99.12
2477	99.13
2476	99.13
2475	99.13
2474	99.13
2473	99.13
2472	99.12
2471	99.12
2470	99.12
2469	99.12
2468	99.11
2467	99.11
2466	99.11
2465	99.11
2464	99.11
2463	99.11
2462	99.11
2461	99.11
2460	99.11
2459	99.11
2458	99.1
2457	99.1
2456	99.1
2455	99.1
2454	99.1
2453	99.11
2452	99.11
2451	99.11
2450	99.11
2449	99.11
2448	99.11
2447	99.11
2446	99.11
2445	99.11
2444	99.11
2443	99.12
2442	99.12
2441	99.12
2440	99.12
2439	99.13
2438	99.13
2437	99.13
2436	99.13
2435	99.14
2434	99.14
2433	99.14
2432	99.14
2431	99.15
2430	99.15
2429	99.16
2428	99.16
2427	99.16
2426	99.16
2425	99.16
2424	99.16
2423	99.16
2422	99.15
2421	99.15
2420	99.14
2419	99.14
2418	99.15
2417	99.16
2416	99.16
2415	99.17
2414	99.17
2413	99.16
2412	99.16
2411	99.15
2410	99.15
2409	99.16
2408	99.16
2407	99.17
2406	99.17
2405	99.18
2404	99.18
2403	99.18
2402	99.18
2401	99.17
2400	99.17
2399	99.17
2398	99.17
2397	99.17
2396	99.17
2395	99.17
2394	99.17
2393	99.17
2392	99.17
2391	99.17
2390	99.17
2389	99.17
2388	99.17
2387	99.18
2386	99.19
2385	99.2
2384	99.21
2383	99.22
2382	99.23
2381	99.23
2380	99.23
2379	99.22
2378	99.22
2377	99.21
2376	99.21
2375	99.22
2374	99.22
2373	99.23
2372	99.24
2371	99.25
2370	99.25
2369	99.24
2368	99.24
2367	99.23
2366	99.23
2365	99.22
2364	99.2
2363	99.19
2362	99.19
2361	99.19
2360	99.19
2359	99.2
2358	99.21
2357	99.21
2356	99.21
2355	99.2
2354	99.2
2353	99.2
2352	99.19
2351	99.18
2350	99.18
2349	99.18
2348	99.17
2347	99.16
2346	99.14
2345	99.12
2344	99.12
2343	99.13
2342	99.14
2341	99.15
2340	99.14
2339	99.13
2338	99.13
2337	99.13
2336	99.13
2335	99.13
2334	99.13
2333	99.14
2332	99.14
2331	99.15
2330	99.15
2329	99.14
2328	99.11
2327	99.07
2326	99.01
2325	98.96
2324	98.94
2323	98.95
2322	98.98
2321	99.01
2320	99.03
2319	99.04
2318	99.05
2317	99.06
2316	99.07
2315	99.07
2314	99.07
2313	99.06
2312	99.06
2311	99.06
2310	99.06
2309	99.07
2308	99.08
2307	99.09
2306	99.09
2305	99.09
2304	99.08
2303	99.07
2302	99.06
2301	99.06
2300	99.05
2299	99.04
2298	99.04
2297	99.03
2296	99.01
2295	99
2294	99
2293	98.99
2292	98.98
2291	98.96
2290	98.95
2289	98.94
2288	98.94
2287	98.94
2286	98.94
2285	98.94
2284	98.95
2283	98.96
2282	98.97
2281	98.98
2280	98.98
2279	98.98
2278	98.97
2277	98.97
2276	98.98
2275	98.99
2274	99
2273	99.01
2272	99.02
2271	99.02
2270	99.03
2269	99.03
2268	99.03
2267	99.04
2266	99.06
2265	99.07
2264	99.07
2263	99.06
2262	99.06
2261	99.05
2260	99.05
2259	99.04
2258	99.04
2257	99.05
2256	99.06
2255	99.07
2254	99.09
2253	99.09
2252	99.09
2251	99.09
2250	99.1
2249	99.09
2248	99.09
2247	99.08
2246	99.07
2245	99.06
2244	99.05
2243	99.04
2242	99.05
2241	99.05
2240	99.05
2239	99.05
2238	99.07
2237	99.08
2236	99.09
2235	99.1
2234	99.09
2233	99.08
2232	99.07
2231	99.07
2230	99.07
2229	99.07
2228	99.06
2227	99.07
2226	99.08
2225	99.08
2224	99.08
2223	99.08
2222	99.09
2221	99.1
2220	99.12
2219	99.12
2218	99.11
2217	99.1
2216	99.09
2215	99.09
2214	99.1
2213	99.12
2212	99.12
2211	99.13
2210	99.14
2209	99.14
2208	99.14
2207	99.15
2206	99.16
2205	99.16
2204	99.16
2203	99.14
2202	99.13
2201	99.12
2200	99.13
2199	99.15
2198	99.16
2197	99.16
2196	99.15
2195	99.14
2194	99.14
2193	99.14
2192	99.13
2191	99.13
2190	99.14
2189	99.14
2188	99.12
2187	99.1
2186	99.08
2185	99.08
2184	99.12
2183	99.19
2182	99.26
2181	99.27
2180	99.22
2179	99.16
2178	99.11
2177	99.11
2176	99.15
2175	99.2
2174	99.23
2173	99.23
2172	99.21
2171	99.19
2170	99.17
2169	99.14
2168	99.1
2167	99.08
2166	99.08
2165	99.08
2164	99.07
2163	99.04
2162	99.03
2161	99.07
2160	99.18
2159	99.34
2158	99.48
2157	99.55
2156	99.56
2155	99.54
2154	99.51
2153	99.48
2152	99.46
2151	99.45
2150	99.43
2149	99.4
2148	99.38
2147	99.38
2146	99.41
2145	99.44
2144	99.46
2143	99.47
2142	99.46
2141	99.44
2140	99.41
2139	99.39
2138	99.39
2137	99.4
2136	99.42
2135	99.45
2134	99.46
2133	99.45
2132	99.43
2131	99.41
2130	99.39
2129	99.38
2128	99.37
2127	99.36
2126	99.35
2125	99.33
2124	99.31
2123	99.29
2122	99.29
2121	99.27
2120	99.25
2119	99.23
2118	99.22
2117	99.21
2116	99.2
2115	99.18
2114	99.17
2113	99.17
2112	99.18
2111	99.19
2110	99.18
2109	99.17
2108	99.16
2107	99.16
2106	99.15
2105	99.15
2104	99.16
2103	99.16
2102	99.17
2101	99.17
2100	99.16
2099	99.16
2098	99.18
2097	99.2
2096	99.23
2095	99.25
2094	99.25
2093	99.23
2092	99.21
2091	99.19
2090	99.17
2089	99.16
2088	99.14
2087	99.14
2086	99.14
2085	99.14
2084	99.14
2083	99.13
2082	99.13
2081	99.11
2080	99.1
2079	99.09
2078	99.08
2077	99.08
2076	99.08
2075	99.09
2074	99.11
2073	99.12
2072	99.13
2071	99.15
2070	99.17
2069	99.19
2068	99.19
2067	99.18
2066	99.17
2065	99.17
2064	99.16
2063	99.17
2062	99.17
2061	99.17
2060	99.15
2059	99.13
2058	99.13
2057	99.14
2056	99.15
2055	99.17
2054	99.17
2053	99.12
2052	99.05
2051	98.99
2050	98.99
2049	99.04
2048	99.1
2047	99.15
2046	99.19
2045	99.2
2044	99.21
2043	99.23
2042	99.24
2041	99.24
2040	99.23
2039	99.23
2038	99.25
2037	99.26
2036	99.26
2035	99.27
2034	99.31
2033	99.34
2032	99.37
2031	99.38
2030	99.39
2029	99.38
2028	99.38
2027	99.39
2026	99.43
2025	99.48
2024	99.5
2023	99.49
2022	99.46
2021	99.4
2020	99.34
2019	99.31
2018	99.31
2017	99.33
2016	99.34
2015	99.37
2014	99.4
2013	99.4
2012	99.39
2011	99.38
2010	99.37
2009	99.36
2008	99.35
2007	99.39
2006	99.44
2005	99.47
2004	99.47
2003	99.46
2002	99.45
2001	99.41
2000	99.36
1999	99.33
1998	99.32
1997	99.31
1996	99.29
1995	99.28
1994	99.29
1993	99.29
1992	99.29
1991	99.29
1990	99.3
1989	99.29
1988	99.27
1987	99.25
1986	99.24
1985	99.23
1984	99.22
1983	99.2
1982	99.19
1981	99.16
1980	99.16
1979	99.22
1978	99.32
1977	99.41
1976	99.45
1975	99.46
1974	99.47
1973	99.49
1972	99.5
1971	99.51
1970	99.51
1969	99.5
1968	99.47
1967	99.46
1966	99.44
1965	99.41
1964	99.36
1963	99.33
1962	99.35
1961	99.39
1960	99.44
1959	99.46
1958	99.45
1957	99.4
1956	99.35
1955	99.32
1954	99.3
1953	99.29
1952	99.28
1951	99.26
1950	99.27
1949	99.27
1948	99.28
1947	99.27
1946	99.26
1945	99.24
1944	99.22
1943	99.21
1942	99.22
1941	99.23
1940	99.23
1939	99.23
1938	99.23
1937	99.23
1936	99.21
1935	99.2
1934	99.2
1933	99.2
1932	99.2
1931	99.2
1930	99.21
1929	99.22
1928	99.21
1927	99.19
1926	99.18
1925	99.18
1924	99.17
1923	99.17
1922	99.17
1921	99.17
1920	99.17
1919	99.16
1918	99.17
1917	99.16
1916	99.14
1915	99.14
1914	99.14
1913	99.16
1912	99.17
1911	99.19
1910	99.2
1909	99.21
1908	99.21
1907	99.21
1906	99.21
1905	99.19
1904	99.18
1903	99.18
1902	99.19
1901	99.2
1900	99.2
1899	99.2
1898	99.21
1897	99.22
1896	99.22
1895	99.22
1894	99.23
1893	99.23
1892	99.23
1891	99.24
1890	99.25
1889	99.25
1888	99.25
1887	99.25
1886	99.26
1885	99.26
1884	99.26
1883	99.27
1882	99.27
1881	99.28
1880	99.28
1879	99.29
1878	99.3
1877	99.3
1876	99.29
1875	99.29
1874	99.29
1873	99.31
1872	99.33
1871	99.35
1870	99.37
1869	99.38
1868	99.37
1867	99.37
1866	99.38
1865	99.37
1864	99.36
1863	99.35
1862	99.35
1861	99.35
1860	99.35
1859	99.36
1858	99.38
1857	99.38
1856	99.38
1855	99.39
1854	99.39
1853	99.39
1852	99.39
1851	99.4
1850	99.41
1849	99.42
1848	99.42
1847	99.43
1846	99.45
1845	99.46
1844	99.45
1843	99.44
1842	99.45
1841	99.45
1840	99.45
1839	99.45
1838	99.45
1837	99.44
1836	99.44
1835	99.44
1834	99.45
1833	99.45
1832	99.46
1831	99.46
1830	99.47
1829	99.46
1828	99.46
1827	99.46
1826	99.47
1825	99.47
1824	99.47
1823	99.47
1822	99.47
1821	99.47
1820	99.47
1819	99.48
1818	99.49
1817	99.5
1816	99.49
1815	99.48
1814	99.48
1813	99.47
1812	99.46
1811	99.46
1810	99.45
1809	99.45
1808	99.45
1807	99.46
1806	99.45
1805	99.45
1804	99.44
1803	99.45
1802	99.47
1801	99.48
1800	99.48
1799	99.47
1798	99.47
1797	99.46
1796	99.46
1795	99.47
1794	99.47
1793	99.48
1792	99.48
1791	99.48
1790	99.49
1789	99.49
1788	99.49
1787	99.48
1786	99.47
1785	99.47
1784	99.47
1783	99.46
1782	99.46
1781	99.46
1780	99.46
1779	99.47
1778	99.48
1777	99.48
1776	99.48
1775	99.48
1774	99.49
1773	99.49
1772	99.48
1771	99.47
1770	99.48
1769	99.49
1768	99.49
1767	99.49
1766	99.48
1765	99.48
1764	99.47
1763	99.47
1762	99.47
1761	99.46
1760	99.46
1759	99.46
1758	99.47
1757	99.47
1756	99.46
1755	99.46
1754	99.46
1753	99.47
1752	99.46
1751	99.47
1750	99.49
1749	99.5
1748	99.49
1747	99.48
1746	99.47
1745	99.46
1744	99.46
1743	99.45
1742	99.45
1741	99.45
1740	99.43
1739	99.41
1738	99.4
1737	99.4
1736	99.4
1735	99.39
1734	99.39
1733	99.38
1732	99.38
1731	99.39
1730	99.39
1729	99.37
1728	99.34
1727	99.31
1726	99.29
1725	99.26
1724	99.24
1723	99.22
1722	99.21
1721	99.21
1720	99.2
1719	99.19
1718	99.19
1717	99.17
1716	99.15
1715	99.14
1714	99.13
1713	99.11
1712	99.07
1711	99.04
1710	99.01
1709	98.98
1708	98.95
1707	98.93
1706	98.91
1705	98.89
1704	98.86
1703	98.85
1702	98.84
1701	98.81
1700	98.74
1699	98.68
1698	98.67
1697	98.66
1696	98.59
1695	98.51
1694	98.46
1693	98.44
1692	98.41
1691	98.36
1690	98.31
1689	98.27
1688	98.23
1687	98.2
1686	98.17
1685	98.12
1684	98.04
1683	97.96
1682	97.94
1681	97.92
1680	97.87
1679	97.81
1678	97.76
1677	97.71
1676	97.64
1675	97.58
1674	97.52
1673	97.48
1672	97.43
1671	97.37
1670	97.29
1669	97.2
1668	97.12
1667	97.06
1666	97.01
1665	96.94
1664	96.85
1663	96.74
1662	96.64
1661	96.55
1660	96.45
1659	96.35
1658	96.26
1657	96.16
1656	96.07
1655	95.97
1654	95.83
1653	95.58
1652	95.34
1651	95.24
1650	95.2
1649	95.13
1648	94.97
1647	94.74
1646	94.51
1645	94.32
1644	94.15
1643	93.99
1642	93.82
1641	93.62
1640	93.41
1639	93.21
1638	93.02
1637	92.79
1636	92.46
1635	92.1
1634	91.82
1633	91.59
1632	91.37
1631	91.13
1630	90.86
1629	90.56
1628	90.22
1627	89.9
1626	89.61
1625	89.31
1624	88.96
1623	88.56
1622	88.2
1621	87.89
1620	87.61
1619	87.32
1618	86.97
1617	86.54
1616	86.08
1615	85.71
1614	85.44
1613	85.18
1612	84.87
1611	84.55
1610	84.24
1609	83.94
1608	83.64
1607	83.35
1606	83.1
1605	82.87
1604	82.64
1603	82.41
1602	82.23
1601	82.07
1600	81.92
1599	81.79
1598	81.69
1597	81.63
1596	81.57
1595	81.53
1594	81.54
1593	81.58
1592	81.63
1591	81.7
1590	81.82
1589	81.96
1588	82.11
1587	82.28
1586	82.49
1585	82.73
1584	82.97
1583	83.24
1582	83.53
1581	83.84
1580	84.12
1579	84.39
1578	84.7
1577	85.08
1576	85.51
1575	85.92
1574	86.28
1573	86.6
1572	86.9
1571	87.23
1570	87.64
1569	88.08
1568	88.45
1567	88.77
1566	89.09
1565	89.44
1564	89.76
1563	90.04
1562	90.28
1561	90.52
1560	90.88
1559	91.38
1558	91.81
1557	92.09
1556	92.3
1555	92.52
1554	92.76
1553	93
1552	93.21
1551	93.43
1550	93.65
1549	93.87
1548	94.06
1547	94.22
1546	94.39
1545	94.58
1544	94.77
1543	94.94
1542	95.1
1541	95.28
1540	95.47
1539	95.62
1538	95.74
1537	95.86
1536	95.96
1535	96.06
1534	96.18
1533	96.32
1532	96.44
1531	96.53
1530	96.61
1529	96.7
1528	96.8
1527	96.9
1526	97.01
1525	97.1
1524	97.17
1523	97.24
1522	97.32
1521	97.41
1520	97.49
1519	97.56
1518	97.63
1517	97.7
1516	97.77
1515	97.84
1514	97.89
1513	97.93
1512	97.97
1511	98.01
1510	98.06
1509	98.12
1508	98.19
1507	98.25
1506	98.28
1505	98.28
1504	98.29
1503	98.31
1502	98.33
1501	98.35
1500	98.37
1499	98.39
1498	98.41
1497	98.43
1496	98.44
1495	98.45
1494	98.47
1493	98.48
1492	98.48
1491	98.48
1490	98.48
1489	98.46
1488	98.43
1487	98.37
1486	98.3
1485	98.23
1484	98.15
1483	98.05
1482	97.94
1481	97.82
1480	97.71
1479	97.61
1478	97.51
1477	97.42
1476	97.33
1475	97.24
1474	97.14
1473	97.01
1472	96.87
1471	96.72
1470	96.59
1469	96.46
1468	96.3
1467	96.13
1466	95.93
1465	95.7
1464	95.49
1463	95.33
1462	95.2
1461	95.11
1460	95.04
1459	94.99
1458	94.98
1457	95.02
1456	95.07
1455	95.11
1454	95.14
1453	95.16
1452	95.16
1451	95.17
1450	95.19
1449	95.25
1448	95.35
1447	95.5
1446	95.69
1445	95.92
1444	96.2
1443	96.52
1442	96.84
1441	97.16
1440	97.44
1439	97.67
1438	97.89
1437	98.12
1436	98.33
1435	98.48
1434	98.58
1433	98.66
1432	98.73
1431	98.78
1430	98.83
1429	98.88
1428	98.91
1427	98.93
1426	98.94
1425	98.96
1424	98.98
1423	98.99
1422	98.98
1421	98.97
1420	98.95
1419	98.93
1418	98.91
1417	98.89
1416	98.85
1415	98.79
1414	98.71
1413	98.63
1412	98.56
1411	98.49
1410	98.4
1409	98.32
1408	98.22
1407	98.12
1406	98.02
1405	97.92
1404	97.82
1403	97.72
1402	97.63
1401	97.54
1400	97.45
1399	97.37
1398	97.29
1397	97.2
1396	97.07
1395	96.93
1394	96.84
1393	96.81
1392	96.82
1391	96.82
1390	96.8
1389	96.76
1388	96.7
1387	96.61
1386	96.52
1385	96.43
1384	96.35
1383	96.27
1382	96.2
1381	96.13
1380	96.06
1379	95.98
1378	95.89
1377	95.78
1376	95.65
1375	95.5
1374	95.34
1373	95.18
1372	95.04
1371	94.92
1370	94.82
1369	94.75
1368	94.69
1367	94.63
1366	94.57
1365	94.49
1364	94.39
1363	94.25
1362	94.09
1361	93.92
1360	93.73
1359	93.54
1358	93.36
1357	93.21
1356	93.09
1355	93.03
1354	93.04
1353	93.13
1352	93.3
1351	93.56
1350	93.88
1349	94.25
1348	94.64
1347	95.03
1346	95.41
1345	95.77
1344	96.08
1343	96.36
1342	96.6
1341	96.82
1340	97.02
1339	97.18
1338	97.32
1337	97.41
1336	97.49
1335	97.55
1334	97.6
1333	97.65
1332	97.69
1331	97.73
1330	97.76
1329	97.78
1328	97.8
1327	97.81
1326	97.8
1325	97.8
1324	97.79
1323	97.79
1322	97.77
1321	97.76
1320	97.75
1319	97.73
1318	97.7
1317	97.67
1316	97.62
1315	97.57
1314	97.51
1313	97.44
1312	97.38
1311	97.31
1310	97.25
1309	97.18
1308	97.12
1307	97.07
1306	97.02
1305	96.98
1304	96.95
1303	96.93
1302	96.93
1301	96.94
1300	96.96
1299	97
1298	97.04
1297	97.09
1296	97.16
1295	97.23
1294	97.32
1293	97.41
1292	97.52
1291	97.65
1290	97.78
1289	97.92
1288	98.06
1287	98.19
1286	98.31
1285	98.42
1284	98.53
1283	98.64
1282	98.74
1281	98.83
1280	98.91
1279	98.98
1278	99.04
1277	99.1
1276	99.14
1275	99.18
1274	99.22
1273	99.25
1272	99.28
1271	99.31
1270	99.33
1269	99.34
1268	99.34
1267	99.33
1266	99.32
1265	99.3
1264	99.29
1263	99.28
1262	99.26
1261	99.24
1260	99.22
1259	99.19
1258	99.17
1257	99.14
1256	99.12
1255	99.11
1254	99.09
1253	99.07
1252	99.05
1251	99.03
1250	99.03
1249	99.04
1248	99.07
1247	99.1
1246	99.13
1245	99.14
1244	99.14
1243	99.12
1242	99.11
1241	99.14
1240	99.19
1239	99.24
1238	99.27
1237	99.28
1236	99.28
1235	99.27
1234	99.27
1233	99.26
1232	99.25
1231	99.25
1230	99.25
1229	99.25
1228	99.26
1227	99.28
1226	99.29
1225	99.3
1224	99.31
1223	99.33
1222	99.35
1221	99.37
1220	99.4
1219	99.42
1218	99.44
1217	99.45
1216	99.47
1215	99.48
1214	99.49
1213	99.5
1212	99.5
1211	99.5
1210	99.5
1209	99.5
1208	99.49
1207	99.49
1206	99.48
1205	99.46
1204	99.45
1203	99.43
1202	99.42
1201	99.4
1200	99.39
1199	99.37
1198	99.36
1197	99.34
1196	99.33
1195	99.32
1194	99.31
1193	99.3
1192	99.29
1191	99.28
1190	99.27
1189	99.25
1188	99.24
1187	99.23
1186	99.22
1185	99.21
1184	99.19
1183	99.18
1182	99.16
1181	99.15
1180	99.14
1179	99.12
1178	99.11
1177	99.1
1176	99.08
1175	99.08
1174	99.07
1173	99.06
1172	99.05
1171	99.05
1170	99.04
1169	99.04
1168	99.05
1167	99.06
1166	99.07
1165	99.08
1164	99.09
1163	99.11
1162	99.13
1161	99.16
1160	99.2
1159	99.23
1158	99.26
1157	99.29
1156	99.32
1155	99.34
1154	99.37
1153	99.4
1152	99.42
1151	99.45
1150	99.46
1149	99.48
1148	99.49
1147	99.49
1146	99.49
1145	99.49
1144	99.49
1143	99.48
1142	99.47
1141	99.46
1140	99.44
1139	99.43
1138	99.41
1137	99.4
1136	99.38
1135	99.36
1134	99.33
1133	99.31
1132	99.28
1131	99.26
1130	99.23
1129	99.19
1128	99.15
1127	99.11
1126	99.06
1125	99.02
1124	98.98
1123	98.93
1122	98.88
1121	98.82
1120	98.75
1119	98.67
1118	98.59
1117	98.5
1116	98.4
1115	98.3
1114	98.19
1113	98.07
1112	97.93
1111	97.75
1110	97.55
1109	97.31
1108	97.05
1107	96.75
1106	96.41
1105	96.05
1104	95.66
1103	95.27
1102	94.88
1101	94.51
1100	94.17
1099	93.86
1098	93.62
1097	93.45
1096	93.36
1095	93.37
1094	93.46
1093	93.63
1092	93.83
1091	94.06
1090	94.3
1089	94.54
1088	94.76
1087	94.96
1086	95.13
1085	95.28
1084	95.4
1083	95.52
1082	95.62
1081	95.72
1080	95.81
1079	95.89
1078	95.96
1077	96.01
1076	96.04
1075	96.06
1074	96.06
1073	96.04
1072	95.99
1071	95.91
1070	95.76
1069	95.55
1068	95.26
1067	94.95
1066	94.65
1065	94.39
1064	94.14
1063	93.86
1062	93.52
1061	93.11
1060	92.64
1059	92.15
1058	91.69
1057	91.3
1056	91.01
1055	90.81
1054	90.69
1053	90.63
1052	90.65
1051	90.76
1050	90.92
1049	91.13
1048	91.36
1047	91.59
1046	91.82
1045	92.03
1044	92.21
1043	92.38
1042	92.54
1041	92.68
1040	92.8
1039	92.91
1038	93.02
1037	93.15
1036	93.29
1035	93.44
1034	93.58
1033	93.69
1032	93.79
1031	93.86
1030	93.89
1029	93.87
1028	93.83
1027	93.81
1026	93.82
1025	93.81
1024	93.77
1023	93.69
1022	93.57
1021	93.41
1020	93.24
1019	93.06
1018	92.87
1017	92.68
1016	92.49
1015	92.31
1014	92.14
1013	91.99
1012	91.83
1011	91.69
1010	91.56
1009	91.43
1008	91.3
1007	91.18
1006	91.06
1005	90.94
1004	90.82
1003	90.69
1002	90.57
1001	90.43
1000	90.29
999	90.15
998	90.01
997	89.87
996	89.74
995	89.6
994	89.47
993	89.34
992	89.22
991	89.11
990	89.01
989	88.9
988	88.8
987	88.7
986	88.62
985	88.53
984	88.44
983	88.37
982	88.31
981	88.26
980	88.22
979	88.19
978	88.16
977	88.14
976	88.13
975	88.12
974	88.12
973	88.11
972	88.1
971	88.08
970	88.05
969	88.01
968	87.95
967	87.87
966	87.77
965	87.65
964	87.5
963	87.34
962	87.16
961	86.94
960	86.7
959	86.45
958	86.19
957	85.92
956	85.63
955	85.33
954	85.01
953	84.67
952	84.32
951	83.95
950	83.57
949	83.18
948	82.77
947	82.35
946	81.93
945	81.49
944	81.04
943	80.59
942	80.13
941	79.66
940	79.19
939	78.7
938	78.22
937	77.73
936	77.23
935	76.74
934	76.24
933	75.74
932	75.23
931	74.72
930	74.21
929	73.69
928	73.17
927	72.65
926	72.14
925	71.62
924	71.09
923	70.56
922	70.04
921	69.52
920	69
919	68.49
918	67.99
917	67.48
916	66.97
915	66.46
914	65.97
913	65.48
912	64.98
911	64.5
910	64.03
909	63.55
908	63.08
907	62.61
906	62.17
905	61.72
904	61.27
903	60.84
902	60.43
901	60.02
900	59.61
899	59.22
898	58.85
897	58.49
896	58.12
895	57.78
894	57.45
893	57.13
892	56.81
891	56.53
890	56.27
889	56.01
888	55.75
887	55.51
886	55.3
885	55.09
884	54.89
883	54.71
882	54.54
881	54.38
880	54.22
879	54.11
878	54.02
877	53.95
876	53.87
875	53.82
874	53.8
873	53.78
872	53.77
871	53.79
870	53.84
869	53.9
868	53.97
867	54.07
866	54.2
865	54.34
864	54.49
863	54.67
862	54.86
861	55.06
860	55.25
859	55.45
858	55.66
857	55.85
856	56.02
855	56.19
854	56.34
853	56.44
852	56.49
851	56.52
850	56.54
849	56.51
848	56.44
847	56.35
846	56.24
845	56.1
844	55.93
843	55.77
842	55.6
841	55.41
840	55.21
839	55.01
838	54.82
837	54.61
836	54.39
835	54.17
834	53.96
833	53.73
832	53.47
831	53.21
830	52.96
829	52.69
828	52.4
827	52.1
826	51.8
825	51.47
824	51.12
823	50.78
822	50.46
821	50.14
820	49.85
819	49.6
818	49.39
817	49.22
816	49.08
815	48.99
814	48.97
813	48.99
812	49.07
811	49.2
810	49.39
809	49.61
808	49.86
807	50.16
806	50.49
805	50.85
804	51.22
803	51.62
802	52.03
801	52.44
800	52.85
799	53.26
798	53.67
797	54.08
796	54.46
795	54.85
794	55.23
793	55.6
792	55.96
791	56.34
790	56.74
789	57.17
788	57.61
787	58.08
786	58.57
785	59.06
784	59.55
783	60.02
782	60.49
781	60.94
780	61.36
779	61.79
778	62.23
777	62.68
776	63.16
775	63.69
774	64.27
773	64.88
772	65.53
771	66.2
770	66.9
769	67.58
768	68.25
767	68.9
766	69.53
765	70.15
764	70.75
763	71.35
762	71.96
761	72.57
760	73.18
759	73.81
758	74.43
757	75.01
756	75.57
755	76.11
754	76.64
753	77.15
752	77.65
751	78.13
750	78.6
749	79.05
748	79.48
747	79.91
746	80.34
745	80.75
744	81.15
743	81.55
742	81.94
741	82.31
740	82.68
739	83.03
738	83.38
737	83.72
736	84.04
735	84.35
734	84.67
733	84.96
732	85.25
731	85.53
730	85.81
729	86.09
728	86.35
727	86.61
726	86.87
725	87.12
724	87.36
723	87.59
722	87.83
721	88.05
720	88.27
719	88.48
718	88.7
717	88.91
716	89.11
715	89.31
714	89.5
713	89.69
712	89.86
711	90.04
710	90.22
709	90.4
708	90.58
707	90.74
706	90.9
705	91.05
704	91.2
703	91.35
702	91.5
701	91.65
700	91.8
699	91.95
698	92.1
697	92.25
696	92.39
695	92.53
694	92.67
693	92.81
692	92.94
691	93.07
690	93.2
689	93.32
688	93.43
687	93.53
686	93.64
685	93.76
684	93.87
683	93.99
682	94.09
681	94.18
680	94.27
679	94.36
678	94.46
677	94.56
676	94.66
675	94.76
674	94.86
673	94.96
672	95.05
671	95.16
670	95.28
669	95.39
668	95.44
667	95.47
666	95.52
665	95.6
664	95.69
663	95.79
662	95.88
661	95.97
660	96.04
659	96.1
658	96.16
657	96.23
656	96.3
655	96.36
654	96.42
653	96.47
652	96.53
651	96.58
650	96.63
649	96.68
648	96.72
647	96.76
646	96.8
645	96.83
644	96.87
643	96.92
642	96.99
641	97.06
640	97.12
639	97.17
638	97.2
637	97.22
636	97.26
635	97.3
634	97.36
633	97.41
632	97.46
631	97.51
630	97.56
629	97.61
628	97.64
627	97.66
626	97.69
625	97.73
624	97.79
623	97.85
622	97.91
621	97.96
620	98.02
619	98.08
618	98.13
617	98.16
616	98.19
615	98.21
614	98.24
613	98.28
612	98.33
611	98.38
610	98.44
609	98.49
608	98.53
607	98.57
606	98.63
605	98.69
604	98.76
603	98.81
602	98.84
601	98.86
600	98.86
599	98.87
598	98.9
597	98.94
596	98.97
595	98.99
594	99.01
593	99.04
592	99.06
591	99.07
590	99.09
589	99.1
588	99.13
587	99.17
586	99.21
585	99.25
584	99.27
583	99.29
582	99.31
581	99.33
580	99.35
579	99.38
578	99.4
577	99.43
576	99.44
575	99.46
574	99.47
573	99.47
572	99.48
571	99.48
570	99.49
569	99.5
568	99.5
567	99.5
566	99.5
565	99.49
564	99.5
563	99.51
562	99.53
561	99.53
560	99.51
559	99.5
558	99.51
557	99.52
556	99.51
555	99.5
554	99.49
553	99.49
552	99.5
551	99.51
550	99.53
549	99.54
548	99.54
547	99.54
546	99.54
545	99.53
544	99.52
543	99.5
542	99.48
541	99.45
540	99.41
539	99.36
538	99.29
537	99.18
536	99.05
535	98.93
534	98.79
533	98.61
532	98.41
531	98.21
530	98.01
529	97.79
528	97.52
527	97.21
526	96.83
525	96.4
524	95.93
523	95.48
522	95.05
521	94.61
520	94.15
519	93.68
518	93.19
517	92.65
516	92.09
515	91.57
514	91.14
513	90.77
512	90.44
511	90.18
510	90.02
509	89.91
508	89.87
507	89.94
506	90.16
505	90.48
504	90.87
503	91.32
502	91.82
501	92.29
500	92.75
499	93.25
498	93.81
497	94.33
496	94.79
495	95.25
494	95.71
493	96.12
492	96.45
491	96.72
490	96.98
489	97.21
488	97.38
487	97.55
486	97.7
485	97.79
484	97.79
483	97.78
482	97.77
481	97.71
480	97.57
479	97.44
478	97.34
477	97.25
476	97.16
475	97.13
474	97.22
473	97.36
472	97.53
471	97.76
470	98.04
469	98.27
468	98.46
467	98.65
466	98.86
465	99.02
464	99.11
463	99.2
462	99.33
461	99.42
460	99.43
459	99.44
458	99.47
457	99.47
456	99.45
455	99.5
454	99.62
453	99.67
452	99.6
451	99.52
450	99.52
449	99.51
448	99.45
447	99.41
446	99.46
445	99.55
444	99.58
443	99.57
442	99.55
441	99.47
440	99.38
439	99.37
438	99.45
437	99.51
436	99.48
435	99.44
434	99.43
433	99.37
432	99.21
431	99.1
430	99.17
429	99.33
428	99.46
427	99.57
426	99.61
425	99.5
424	99.29
423	99.18
422	99.26
421	99.32
420	99.21
419	99.17
418	99.37
417	99.53
416	99.48
415	99.38
414	99.34
413	99.24
412	99.1
411	99.12
410	99.32
409	99.41
408	99.25
407	99.13
406	99.22
405	99.31
404	99.23
403	99.2
402	99.35
401	99.4
400	99.21