4000	95.98
3999	95.98
3998	95.98
3997	95.98
3996	95.98
3995	95.98
3994	95.98
3993	95.98
3992	95.98
3991	95.98
3990	95.98
3989	95.98
3988	95.99
3987	95.99
3986	95.99
3985	95.98
3984	95.97
3983	95.97
3982	95.96
3981	95.96
3980	95.96
3979	95.95
3978	95.94
3977	95.93
3976	95.93
3975	95.92
3974	95.93
3973	95.93
3972	95.94
3971	95.94
3970	95.94
3969	95.94
3968	95.94
3967	95.94
3966	95.94
3965	95.93
3964	95.93
3963	95.93
3962	95.94
3961	95.94
3960	95.94
3959	95.94
3958	95.95
3957	95.95
3956	95.96
3955	95.96
3954	95.97
3953	95.96
3952	95.96
3951	95.95
3950	95.95
3949	95.95
3948	95.94
3947	95.94
3946	95.93
3945	95.93
3944	95.94
3943	95.95
3942	95.95
3941	95.95
3940	95.95
3939	95.95
3938	95.95
3937	95.94
3936	95.94
3935	95.93
3934	95.93
3933	95.93
3932	95.92
3931	95.92
3930	95.92
3929	95.93
3928	95.93
3927	95.94
3926	95.94
3925	95.94
3924	95.93
3923	95.92
3922	95.91
3921	95.9
3920	95.91
3919	95.91
3918	95.92
3917	95.93
3916	95.93
3915	95.93
3914	95.93
3913	95.93
3912	95.93
3911	95.92
3910	95.91
3909	95.9
3908	95.89
3907	95.87
3906	95.87
3905	95.86
3904	95.86
3903	95.85
3902	95.85
3901	95.85
3900	95.87
3899	95.88
3898	95.88
3897	95.88
3896	95.88
3895	95.87
3894	95.86
3893	95.85
3892	95.85
3891	95.86
3890	95.86
3889	95.87
3888	95.87
3887	95.87
3886	95.87
3885	95.86
3884	95.84
3883	95.83
3882	95.84
3881	95.85
3880	95.86
3879	95.86
3878	95.86
3877	95.85
3876	95.85
3875	95.86
3874	95.86
3873	95.85
3872	95.85
3871	95.85
3870	95.85
3869	95.84
3868	95.84
3867	95.83
3866	95.84
3865	95.85
3864	95.86
3863	95.86
3862	95.86
3861	95.86
3860	95.87
3859	95.86
3858	95.85
3857	95.84
3856	95.82
3855	95.81
3854	95.82
3853	95.83
3852	95.82
3851	95.82
3850	95.84
3849	95.85
3848	95.86
3847	95.85
3846	95.85
3845	95.84
3844	95.84
3843	95.83
3842	95.81
3841	95.81
3840	95.8
3839	95.81
3838	95.81
3837	95.81
3836	95.81
3835	95.82
3834	95.82
3833	95.83
3832	95.84
3831	95.84
3830	95.83
3829	95.83
3828	95.83
3827	95.83
3826	95.82
3825	95.81
3824	95.8
3823	95.79
3822	95.8
3821	95.81
3820	95.81
3819	95.8
3818	95.8
3817	95.81
3816	95.82
3815	95.83
3814	95.82
3813	95.83
3812	95.83
3811	95.83
3810	95.82
3809	95.81
3808	95.8
3807	95.8
3806	95.79
3805	95.78
3804	95.78
3803	95.79
3802	95.8
3801	95.81
3800	95.8
3799	95.79
3798	95.8
3797	95.81
3796	95.81
3795	95.8
3794	95.79
3793	95.79
3792	95.79
3791	95.8
3790	95.8
3789	95.8
3788	95.8
3787	95.8
3786	95.8
3785	95.8
3784	95.79
3783	95.79
3782	95.78
3781	95.78
3780	95.79
3779	95.8
3778	95.8
3777	95.81
3776	95.81
3775	95.82
3774	95.82
3773	95.81
3772	95.8
3771	95.79
3770	95.78
3769	95.78
3768	95.78
3767	95.78
3766	95.78
3765	95.78
3764	95.77
3763	95.75
3762	95.75
3761	95.75
3760	95.75
3759	95.75
3758	95.75
3757	95.74
3756	95.73
3755	95.72
3754	95.71
3753	95.7
3752	95.7
3751	95.69
3750	95.68
3749	95.67
3748	95.66
3747	95.67
3746	95.7
3745	95.72
3744	95.72
3743	95.71
3742	95.7
3741	95.71
3740	95.72
3739	95.72
3738	95.71
3737	95.71
3736	95.72
3735	95.72
3734	95.73
3733	95.73
3732	95.74
3731	95.74
3730	95.74
3729	95.74
3728	95.74
3727	95.74
3726	95.74
3725	95.74
3724	95.74
3723	95.75
3722	95.76
3721	95.77
3720	95.78
3719	95.78
3718	95.78
3717	95.78
3716	95.77
3715	95.77
3714	95.77
3713	95.77
3712	95.78
3711	95.78
3710	95.78
3709	95.78
3708	95.79
3707	95.8
3706	95.8
3705	95.8
3704	95.79
3703	95.78
3702	95.78
3701	95.78
3700	95.78
3699	95.78
3698	95.77
3697	95.77
3696	95.76
3695	95.75
3694	95.74
3693	95.73
3692	95.71
3691	95.71
3690	95.71
3689	95.71
3688	95.72
3687	95.72
3686	95.73
3685	95.73
3684	95.73
3683	95.73
3682	95.72
3681	95.71
3680	95.71
3679	95.7
3678	95.7
3677	95.7
3676	95.7
3675	95.7
3674	95.68
3673	95.68
3672	95.69
3671	95.72
3670	95.74
3669	95.75
3668	95.75
3667	95.76
3666	95.77
3665	95.78
3664	95.78
3663	95.78
3662	95.78
3661	95.78
3660	95.78
3659	95.77
3658	95.77
3657	95.77
3656	95.78
3655	95.77
3654	95.77
3653	95.77
3652	95.77
3651	95.76
3650	95.75
3649	95.73
3648	95.72
3647	95.72
3646	95.73
3645	95.74
3644	95.75
3643	95.77
3642	95.77
3641	95.78
3640	95.78
3639	95.78
3638	95.77
3637	95.77
3636	95.76
3635	95.75
3634	95.75
3633	95.74
3632	95.73
3631	95.71
3630	95.7
3629	95.69
3628	95.67
3627	95.67
3626	95.68
3625	95.69
3624	95.7
3623	95.71
3622	95.7
3621	95.7
3620	95.71
3619	95.71
3618	95.71
3617	95.71
3616	95.71
3615	95.71
3614	95.71
3613	95.71
3612	95.72
3611	95.73
3610	95.73
3609	95.73
3608	95.73
3607	95.73
3606	95.73
3605	95.72
3604	95.72
3603	95.71
3602	95.71
3601	95.71
3600	95.71
3599	95.71
3598	95.71
3597	95.71
3596	95.72
3595	95.72
3594	95.73
3593	95.73
3592	95.72
3591	95.72
3590	95.71
3589	95.72
3588	95.72
3587	95.72
3586	95.72
3585	95.72
3584	95.72
3583	95.73
3582	95.73
3581	95.74
3580	95.74
3579	95.74
3578	95.73
3577	95.73
3576	95.72
3575	95.72
3574	95.71
3573	95.71
3572	95.7
3571	95.69
3570	95.68
3569	95.67
3568	95.67
3567	95.67
3566	95.67
3565	95.68
3564	95.68
3563	95.68
3562	95.69
3561	95.69
3560	95.69
3559	95.69
3558	95.68
3557	95.67
3556	95.66
3555	95.65
3554	95.65
3553	95.65
3552	95.65
3551	95.66
3550	95.66
3549	95.66
3548	95.66
3547	95.65
3546	95.65
3545	95.65
3544	95.65
3543	95.65
3542	95.65
3541	95.65
3540	95.65
3539	95.65
3538	95.64
3537	95.64
3536	95.64
3535	95.64
3534	95.64
3533	95.64
3532	95.64
3531	95.63
3530	95.63
3529	95.62
3528	95.62
3527	95.62
3526	95.61
3525	95.61
3524	95.6
3523	95.6
3522	95.6
3521	95.6
3520	95.6
3519	95.6
3518	95.6
3517	95.6
3516	95.6
3515	95.6
3514	95.61
3513	95.6
3512	95.6
3511	95.6
3510	95.59
3509	95.59
3508	95.59
3507	95.59
3506	95.59
3505	95.59
3504	95.59
3503	95.59
3502	95.59
3501	95.59
3500	95.59
3499	95.59
3498	95.59
3497	95.6
3496	95.6
3495	95.59
3494	95.58
3493	95.58
3492	95.57
3491	95.57
3490	95.58
3489	95.58
3488	95.58
3487	95.57
3486	95.57
3485	95.56
3484	95.56
3483	95.56
3482	95.56
3481	95.56
3480	95.56
3479	95.55
3478	95.55
3477	95.54
3476	95.55
3475	95.55
3474	95.56
3473	95.57
3472	95.57
3471	95.56
3470	95.56
3469	95.55
3468	95.54
3467	95.53
3466	95.53
3465	95.53
3464	95.53
3463	95.54
3462	95.54
3461	95.55
3460	95.55
3459	95.55
3458	95.54
3457	95.53
3456	95.53
3455	95.53
3454	95.53
3453	95.53
3452	95.53
3451	95.52
3450	95.51
3449	95.51
3448	95.51
3447	95.51
3446	95.51
3445	95.51
3444	95.51
3443	95.52
3442	95.52
3441	95.52
3440	95.52
3439	95.52
3438	95.51
3437	95.51
3436	95.5
3435	95.49
3434	95.48
3433	95.48
3432	95.48
3431	95.48
3430	95.48
3429	95.49
3428	95.49
3427	95.49
3426	95.49
3425	95.48
3424	95.48
3423	95.47
3422	95.47
3421	95.47
3420	95.48
3419	95.49
3418	95.49
3417	95.49
3416	95.48
3415	95.48
3414	95.48
3413	95.48
3412	95.48
3411	95.47
3410	95.47
3409	95.47
3408	95.47
3407	95.47
3406	95.48
3405	95.48
3404	95.48
3403	95.48
3402	95.47
3401	95.47
3400	95.46
3399	95.46
3398	95.47
3397	95.47
3396	95.47
3395	95.47
3394	95.47
3393	95.46
3392	95.46
3391	95.46
3390	95.47
3389	95.47
3388	95.46
3387	95.46
3386	95.46
3385	95.46
3384	95.46
3383	95.46
3382	95.46
3381	95.46
3380	95.45
3379	95.44
3378	95.43
3377	95.43
3376	95.43
3375	95.44
3374	95.44
3373	95.44
3372	95.45
3371	95.45
3370	95.45
3369	95.45
3368	95.45
3367	95.45
3366	95.45
3365	95.45
3364	95.45
3363	95.45
3362	95.45
3361	95.45
3360	95.44
3359	95.44
3358	95.43
3357	95.42
3356	95.42
3355	95.42
3354	95.42
3353	95.42
3352	95.42
3351	95.42
3350	95.42
3349	95.42
3348	95.42
3347	95.42
3346	95.42
3345	95.42
3344	95.41
3343	95.41
3342	95.41
3341	95.41
3340	95.41
3339	95.41
3338	95.41
3337	95.41
3336	95.41
3335	95.4
3334	95.4
3333	95.39
3332	95.39
3331	95.39
3330	95.4
3329	95.4
3328	95.41
3327	95.41
3326	95.4
3325	95.4
3324	95.4
3323	95.4
3322	95.4
3321	95.41
3320	95.41
3319	95.4
3318	95.4
3317	95.4
3316	95.4
3315	95.4
3314	95.39
3313	95.39
3312	95.39
3311	95.38
3310	95.39
3309	95.39
3308	95.39
3307	95.4
3306	95.4
3305	95.4
3304	95.39
3303	95.39
3302	95.39
3301	95.39
3300	95.39
3299	95.39
3298	95.39
3297	95.39
3296	95.4
3295	95.4
3294	95.4
3293	95.39
3292	95.39
3291	95.39
3290	95.39
3289	95.39
3288	95.39
3287	95.38
3286	95.38
3285	95.38
3284	95.38
3283	95.37
3282	95.37
3281	95.37
3280	95.38
3279	95.38
3278	95.39
3277	95.4
3276	95.39
3275	95.38
3274	95.37
3273	95.37
3272	95.36
3271	95.36
3270	95.36
3269	95.37
3268	95.37
3267	95.37
3266	95.36
3265	95.35
3264	95.35
3263	95.35
3262	95.36
3261	95.37
3260	95.37
3259	95.37
3258	95.37
3257	95.36
3256	95.36
3255	95.36
3254	95.36
3253	95.36
3252	95.35
3251	95.35
3250	95.35
3249	95.35
3248	95.35
3247	95.34
3246	95.35
3245	95.35
3244	95.35
3243	95.35
3242	95.35
3241	95.35
3240	95.35
3239	95.35
3238	95.35
3237	95.35
3236	95.35
3235	95.35
3234	95.35
3233	95.35
3232	95.35
3231	95.34
3230	95.34
3229	95.34
3228	95.34
3227	95.34
3226	95.34
3225	95.34
3224	95.34
3223	95.34
3222	95.35
3221	95.35
3220	95.35
3219	95.35
3218	95.35
3217	95.35
3216	95.35
3215	95.35
3214	95.35
3213	95.34
3212	95.34
3211	95.34
3210	95.34
3209	95.34
3208	95.34
3207	95.34
3206	95.34
3205	95.34
3204	95.34
3203	95.34
3202	95.34
3201	95.34
3200	95.34
3199	95.34
3198	95.34
3197	95.33
3196	95.33
3195	95.33
3194	95.34
3193	95.34
3192	95.34
3191	95.35
3190	95.34
3189	95.34
3188	95.34
3187	95.33
3186	95.33
3185	95.33
3184	95.33
3183	95.33
3182	95.34
3181	95.33
3180	95.33
3179	95.33
3178	95.33
3177	95.32
3176	95.32
3175	95.32
3174	95.31
3173	95.3
3172	95.29
3171	95.28
3170	95.28
3169	95.27
3168	95.26
3167	95.25
3166	95.25
3165	95.25
3164	95.25
3163	95.25
3162	95.25
3161	95.26
3160	95.27
3159	95.28
3158	95.29
3157	95.29
3156	95.28
3155	95.28
3154	95.28
3153	95.29
3152	95.29
3151	95.3
3150	95.3
3149	95.3
3148	95.3
3147	95.31
3146	95.31
3145	95.31
3144	95.3
3143	95.29
3142	95.28
3141	95.26
3140	95.24
3139	95.22
3138	95.2
3137	95.18
3136	95.17
3135	95.17
3134	95.17
3133	95.17
3132	95.19
3131	95.21
3130	95.23
3129	95.24
3128	95.25
3127	95.25
3126	95.25
3125	95.25
3124	95.25
3123	95.26
3122	95.26
3121	95.27
3120	95.27
3119	95.28
3118	95.28
3117	95.28
3116	95.29
3115	95.29
3114	95.29
3113	95.29
3112	95.3
3111	95.31
3110	95.31
3109	95.31
3108	95.32
3107	95.32
3106	95.32
3105	95.32
3104	95.32
3103	95.32
3102	95.33
3101	95.33
3100	95.33
3099	95.33
3098	95.33
3097	95.33
3096	95.33
3095	95.34
3094	95.34
3093	95.35
3092	95.35
3091	95.36
3090	95.36
3089	95.35
3088	95.33
3087	95.3
3086	95.27
3085	95.22
3084	95.17
3083	95.11
3082	95.06
3081	95.01
3080	94.97
3079	94.94
3078	94.93
3077	94.92
3076	94.89
3075	94.83
3074	94.7
3073	94.48
3072	94.13
3071	93.66
3070	93.09
3069	92.5
3068	92.01
3067	91.71
3066	91.6
3065	91.64
3064	91.74
3063	91.83
3062	91.91
3061	91.98
3060	92.1
3059	92.27
3058	92.48
3057	92.7
3056	92.88
3055	92.99
3054	93.02
3053	92.96
3052	92.84
3051	92.69
3050	92.56
3049	92.48
3048	92.51
3047	92.64
3046	92.85
3045	93.08
3044	93.3
3043	93.48
3042	93.64
3041	93.77
3040	93.9
3039	94.01
3038	94.11
3037	94.2
3036	94.26
3035	94.3
3034	94.3
3033	94.26
3032	94.15
3031	93.97
3030	93.73
3029	93.49
3028	93.3
3027	93.22
3026	93.27
3025	93.41
3024	93.59
3023	93.76
3022	93.9
3021	94
3020	94.06
3019	94.06
3018	94.02
3017	93.92
3016	93.79
3015	93.64
3014	93.5
3013	93.38
3012	93.31
3011	93.3
3010	93.35
3009	93.45
3008	93.56
3007	93.63
3006	93.64
3005	93.56
3004	93.42
3003	93.28
3002	93.19
3001	93.18
3000	93.22
2999	93.28
2998	93.34
2997	93.38
2996	93.45
2995	93.55
2994	93.68
2993	93.81
2992	93.93
2991	94.03
2990	94.11
2989	94.17
2988	94.21
2987	94.23
2986	94.24
2985	94.24
2984	94.22
2983	94.21
2982	94.21
2981	94.23
2980	94.26
2979	94.29
2978	94.33
2977	94.37
2976	94.4
2975	94.43
2974	94.45
2973	94.47
2972	94.48
2971	94.5
2970	94.51
2969	94.51
2968	94.52
2967	94.52
2966	94.53
2965	94.54
2964	94.54
2963	94.55
2962	94.55
2961	94.56
2960	94.56
2959	94.55
2958	94.55
2957	94.55
2956	94.55
2955	94.56
2954	94.57
2953	94.57
2952	94.56
2951	94.55
2950	94.55
2949	94.56
2948	94.57
2947	94.58
2946	94.58
2945	94.59
2944	94.59
2943	94.6
2942	94.6
2941	94.61
2940	94.62
2939	94.63
2938	94.64
2937	94.65
2936	94.65
2935	94.65
2934	94.65
2933	94.66
2932	94.67
2931	94.67
2930	94.68
2929	94.68
2928	94.68
2927	94.68
2926	94.68
2925	94.69
2924	94.69
2923	94.69
2922	94.69
2921	94.68
2920	94.67
2919	94.66
2918	94.65
2917	94.65
2916	94.66
2915	94.67
2914	94.67
2913	94.67
2912	94.67
2911	94.66
2910	94.66
2909	94.64
2908	94.63
2907	94.63
2906	94.62
2905	94.62
2904	94.62
2903	94.62
2902	94.62
2901	94.63
2900	94.65
2899	94.66
2898	94.68
2897	94.69
2896	94.7
2895	94.71
2894	94.71
2893	94.71
2892	94.71
2891	94.72
2890	94.72
2889	94.73
2888	94.73
2887	94.73
2886	94.72
2885	94.72
2884	94.71
2883	94.71
2882	94.71
2881	94.71
2880	94.71
2879	94.72
2878	94.73
2877	94.73
2876	94.74
2875	94.73
2874	94.72
2873	94.7
2872	94.67
2871	94.65
2870	94.63
2869	94.62
2868	94.62
2867	94.63
2866	94.64
2865	94.64
2864	94.63
2863	94.62
2862	94.62
2861	94.61
2860	94.6
2859	94.59
2858	94.59
2857	94.59
2856	94.6
2855	94.61
2854	94.62
2853	94.62
2852	94.62
2851	94.62
2850	94.63
2849	94.63
2848	94.63
2847	94.63
2846	94.63
2845	94.63
2844	94.64
2843	94.65
2842	94.66
2841	94.66
2840	94.67
2839	94.68
2838	94.69
2837	94.69
2836	94.69
2835	94.69
2834	94.68
2833	94.68
2832	94.69
2831	94.69
2830	94.69
2829	94.69
2828	94.69
2827	94.69
2826	94.7
2825	94.7
2824	94.69
2823	94.7
2822	94.7
2821	94.7
2820	94.71
2819	94.71
2818	94.72
2817	94.72
2816	94.72
2815	94.72
2814	94.71
2813	94.71
2812	94.71
2811	94.71
2810	94.71
2809	94.71
2808	94.7
2807	94.7
2806	94.7
2805	94.7
2804	94.71
2803	94.71
2802	94.71
2801	94.71
2800	94.71
2799	94.71
2798	94.71
2797	94.71
2796	94.7
2795	94.7
2794	94.7
2793	94.7
2792	94.71
2791	94.71
2790	94.72
2789	94.72
2788	94.72
2787	94.71
2786	94.71
2785	94.71
2784	94.7
2783	94.7
2782	94.71
2781	94.7
2780	94.7
2779	94.7
2778	94.7
2777	94.69
2776	94.69
2775	94.69
2774	94.69
2773	94.69
2772	94.69
2771	94.69
2770	94.69
2769	94.69
2768	94.69
2767	94.69
2766	94.69
2765	94.69
2764	94.69
2763	94.69
2762	94.69
2761	94.69
2760	94.69
2759	94.69
2758	94.69
2757	94.68
2756	94.68
2755	94.67
2754	94.67
2753	94.66
2752	94.66
2751	94.66
2750	94.67
2749	94.68
2748	94.69
2747	94.69
2746	94.69
2745	94.69
2744	94.69
2743	94.69
2742	94.69
2741	94.68
2740	94.68
2739	94.68
2738	94.68
2737	94.68
2736	94.67
2735	94.67
2734	94.67
2733	94.67
2732	94.67
2731	94.67
2730	94.67
2729	94.67
2728	94.66
2727	94.66
2726	94.66
2725	94.66
2724	94.66
2723	94.66
2722	94.66
2721	94.65
2720	94.65
2719	94.65
2718	94.65
2717	94.66
2716	94.66
2715	94.67
2714	94.67
2713	94.67
2712	94.66
2711	94.66
2710	94.65
2709	94.65
2708	94.65
2707	94.65
2706	94.64
2705	94.64
2704	94.64
2703	94.64
2702	94.64
2701	94.64
2700	94.64
2699	94.63
2698	94.63
2697	94.63
2696	94.63
2695	94.63
2694	94.62
2693	94.62
2692	94.62
2691	94.61
2690	94.61
2689	94.61
2688	94.61
2687	94.61
2686	94.61
2685	94.61
2684	94.61
2683	94.61
2682	94.61
2681	94.6
2680	94.59
2679	94.59
2678	94.57
2677	94.56
2676	94.55
2675	94.54
2674	94.53
2673	94.52
2672	94.51
2671	94.5
2670	94.49
2669	94.49
2668	94.49
2667	94.5
2666	94.5
2665	94.51
2664	94.51
2663	94.51
2662	94.5
2661	94.5
2660	94.5
2659	94.49
2658	94.5
2657	94.5
2656	94.5
2655	94.5
2654	94.5
2653	94.51
2652	94.51
2651	94.52
2650	94.52
2649	94.53
2648	94.54
2647	94.54
2646	94.55
2645	94.56
2644	94.56
2643	94.56
2642	94.57
2641	94.57
2640	94.58
2639	94.58
2638	94.59
2637	94.59
2636	94.59
2635	94.59
2634	94.6
2633	94.61
2632	94.61
2631	94.62
2630	94.63
2629	94.63
2628	94.63
2627	94.64
2626	94.65
2625	94.65
2624	94.66
2623	94.66
2622	94.67
2621	94.66
2620	94.66
2619	94.65
2618	94.65
2617	94.65
2616	94.65
2615	94.64
2614	94.64
2613	94.62
2612	94.62
2611	94.61
2610	94.61
2609	94.61
2608	94.61
2607	94.61
2606	94.62
2605	94.62
2604	94.63
2603	94.64
2602	94.65
2601	94.66
2600	94.67
2599	94.68
2598	94.68
2597	94.69
2596	94.69
2595	94.69
2594	94.69
2593	94.69
2592	94.69
2591	94.69
2590	94.69
2589	94.68
2588	94.67
2587	94.67
2586	94.67
2585	94.68
2584	94.68
2583	94.68
2582	94.68
2581	94.67
2580	94.67
2579	94.67
2578	94.68
2577	94.67
2576	94.67
2575	94.68
2574	94.69
2573	94.71
2572	94.72
2571	94.71
2570	94.71
2569	94.7
2568	94.69
2567	94.69
2566	94.69
2565	94.69
2564	94.7
2563	94.7
2562	94.7
2561	94.7
2560	94.71
2559	94.71
2558	94.72
2557	94.73
2556	94.73
2555	94.74
2554	94.76
2553	94.76
2552	94.77
2551	94.77
2550	94.77
2549	94.77
2548	94.76
2547	94.76
2546	94.75
2545	94.75
2544	94.76
2543	94.77
2542	94.78
2541	94.78
2540	94.78
2539	94.78
2538	94.77
2537	94.76
2536	94.76
2535	94.76
2534	94.76
2533	94.76
2532	94.76
2531	94.77
2530	94.77
2529	94.77
2528	94.78
2527	94.79
2526	94.79
2525	94.79
2524	94.79
2523	94.78
2522	94.78
2521	94.78
2520	94.78
2519	94.78
2518	94.78
2517	94.78
2516	94.79
2515	94.8
2514	94.8
2513	94.8
2512	94.78
2511	94.77
2510	94.76
2509	94.76
2508	94.76
2507	94.76
2506	94.76
2505	94.76
2504	94.76
2503	94.75
2502	94.75
2501	94.75
2500	94.75
2499	94.76
2498	94.76
2497	94.77
2496	94.78
2495	94.77
2494	94.77
2493	94.75
2492	94.74
2491	94.74
2490	94.75
2489	94.75
2488	94.76
2487	94.76
2486	94.77
2485	94.77
2484	94.78
2483	94.79
2482	94.79
2481	94.79
2480	94.78
2479	94.78
2478	94.77
2477	94.77
2476	94.77
2475	94.77
2474	94.79
2473	94.8
2472	94.82
2471	94.82
2470	94.82
2469	94.81
2468	94.8
2467	94.79
2466	94.78
2465	94.78
2464	94.78
2463	94.78
2462	94.77
2461	94.77
2460	94.76
2459	94.75
2458	94.75
2457	94.75
2456	94.75
2455	94.75
2454	94.75
2453	94.75
2452	94.74
2451	94.74
2450	94.74
2449	94.73
2448	94.74
2447	94.74
2446	94.75
2445	94.76
2444	94.75
2443	94.75
2442	94.75
2441	94.76
2440	94.77
2439	94.77
2438	94.78
2437	94.77
2436	94.77
2435	94.75
2434	94.74
2433	94.74
2432	94.75
2431	94.76
2430	94.76
2429	94.76
2428	94.76
2427	94.75
2426	94.75
2425	94.76
2424	94.76
2423	94.77
2422	94.77
2421	94.76
2420	94.76
2419	94.76
2418	94.77
2417	94.78
2416	94.79
2415	94.78
2414	94.77
2413	94.76
2412	94.75
2411	94.76
2410	94.76
2409	94.77
2408	94.77
2407	94.78
2406	94.78
2405	94.78
2404	94.77
2403	94.76
2402	94.76
2401	94.75
2400	94.75
2399	94.76
2398	94.76
2397	94.76
2396	94.76
2395	94.76
2394	94.76
2393	94.77
2392	94.77
2391	94.78
2390	94.78
2389	94.77
2388	94.77
2387	94.77
2386	94.76
2385	94.76
2384	94.77
2383	94.77
2382	94.78
2381	94.79
2380	94.8
2379	94.8
2378	94.8
2377	94.8
2376	94.78
2375	94.77
2374	94.76
2373	94.76
2372	94.77
2371	94.79
2370	94.8
2369	94.81
2368	94.8
2367	94.78
2366	94.76
2365	94.75
2364	94.74
2363	94.74
2362	94.73
2361	94.72
2360	94.71
2359	94.7
2358	94.71
2357	94.72
2356	94.73
2355	94.74
2354	94.73
2353	94.72
2352	94.7
2351	94.68
2350	94.67
2349	94.67
2348	94.67
2347	94.66
2346	94.64
2345	94.63
2344	94.62
2343	94.63
2342	94.62
2341	94.61
2340	94.59
2339	94.57
2338	94.56
2337	94.56
2336	94.56
2335	94.57
2334	94.58
2333	94.59
2332	94.6
2331	94.61
2330	94.61
2329	94.6
2328	94.55
2327	94.48
2326	94.38
2325	94.3
2324	94.25
2323	94.25
2322	94.29
2321	94.32
2320	94.36
2319	94.39
2318	94.42
2317	94.44
2316	94.45
2315	94.44
2314	94.43
2313	94.42
2312	94.42
2311	94.44
2310	94.46
2309	94.47
2308	94.49
2307	94.5
2306	94.51
2305	94.52
2304	94.53
2303	94.53
2302	94.53
2301	94.53
2300	94.52
2299	94.53
2298	94.53
2297	94.54
2296	94.53
2295	94.52
2294	94.51
2293	94.48
2292	94.47
2291	94.45
2290	94.44
2289	94.43
2288	94.41
2287	94.4
2286	94.39
2285	94.39
2284	94.4
2283	94.41
2282	94.44
2281	94.46
2280	94.48
2279	94.5
2278	94.51
2277	94.51
2276	94.52
2275	94.53
2274	94.54
2273	94.55
2272	94.55
2271	94.55
2270	94.54
2269	94.54
2268	94.54
2267	94.56
2266	94.58
2265	94.6
2264	94.61
2263	94.62
2262	94.63
2261	94.63
2260	94.62
2259	94.61
2258	94.6
2257	94.6
2256	94.61
2255	94.64
2254	94.67
2253	94.69
2252	94.69
2251	94.67
2250	94.65
2249	94.64
2248	94.64
2247	94.66
2246	94.66
2245	94.65
2244	94.62
2243	94.6
2242	94.59
2241	94.59
2240	94.6
2239	94.6
2238	94.61
2237	94.63
2236	94.64
2235	94.66
2234	94.65
2233	94.63
2232	94.61
2231	94.61
2230	94.63
2229	94.66
2228	94.69
2227	94.72
2226	94.74
2225	94.74
2224	94.72
2223	94.69
2222	94.67
2221	94.65
2220	94.64
2219	94.64
2218	94.64
2217	94.65
2216	94.66
2215	94.68
2214	94.7
2213	94.71
2212	94.72
2211	94.72
2210	94.73
2209	94.73
2208	94.72
2207	94.71
2206	94.7
2205	94.68
2204	94.66
2203	94.65
2202	94.67
2201	94.69
2200	94.71
2199	94.71
2198	94.7
2197	94.68
2196	94.66
2195	94.67
2194	94.68
2193	94.7
2192	94.7
2191	94.68
2190	94.67
2189	94.65
2188	94.63
2187	94.62
2186	94.63
2185	94.64
2184	94.67
2183	94.72
2182	94.77
2181	94.81
2180	94.81
2179	94.78
2178	94.75
2177	94.75
2176	94.79
2175	94.82
2174	94.82
2173	94.77
2172	94.71
2171	94.67
2170	94.64
2169	94.61
2168	94.56
2167	94.51
2166	94.46
2165	94.42
2164	94.36
2163	94.31
2162	94.31
2161	94.42
2160	94.67
2159	95
2158	95.26
2157	95.36
2156	95.35
2155	95.3
2154	95.25
2153	95.2
2152	95.15
2151	95.11
2150	95.1
2149	95.1
2148	95.1
2147	95.11
2146	95.13
2145	95.15
2144	95.16
2143	95.15
2142	95.12
2141	95.09
2140	95.07
2139	95.07
2138	95.09
2137	95.12
2136	95.16
2135	95.19
2134	95.21
2133	95.2
2132	95.16
2131	95.12
2130	95.09
2129	95.07
2128	95.04
2127	95.01
2126	94.99
2125	94.97
2124	94.95
2123	94.93
2122	94.89
2121	94.85
2120	94.82
2119	94.8
2118	94.79
2117	94.77
2116	94.74
2115	94.72
2114	94.71
2113	94.7
2112	94.71
2111	94.71
2110	94.71
2109	94.7
2108	94.7
2107	94.71
2106	94.73
2105	94.74
2104	94.74
2103	94.73
2102	94.72
2101	94.71
2100	94.69
2099	94.69
2098	94.69
2097	94.72
2096	94.77
2095	94.83
2094	94.87
2093	94.89
2092	94.87
2091	94.83
2090	94.79
2089	94.76
2088	94.75
2087	94.75
2086	94.74
2085	94.71
2084	94.69
2083	94.66
2082	94.65
2081	94.65
2080	94.65
2079	94.65
2078	94.65
2077	94.64
2076	94.64
2075	94.64
2074	94.65
2073	94.65
2072	94.65
2071	94.65
2070	94.66
2069	94.68
2068	94.7
2067	94.72
2066	94.73
2065	94.74
2064	94.75
2063	94.76
2062	94.77
2061	94.77
2060	94.76
2059	94.74
2058	94.7
2057	94.67
2056	94.68
2055	94.71
2054	94.74
2053	94.72
2052	94.67
2051	94.63
2050	94.63
2049	94.69
2048	94.75
2047	94.8
2046	94.82
2045	94.83
2044	94.83
2043	94.82
2042	94.8
2041	94.79
2040	94.79
2039	94.78
2038	94.77
2037	94.74
2036	94.75
2035	94.78
2034	94.83
2033	94.85
2032	94.83
2031	94.8
2030	94.8
2029	94.83
2028	94.89
2027	94.95
2026	95
2025	95.02
2024	95.02
2023	95
2022	94.98
2021	94.95
2020	94.93
2019	94.91
2018	94.89
2017	94.85
2016	94.84
2015	94.86
2014	94.9
2013	94.93
2012	94.94
2011	94.95
2010	94.95
2009	94.96
2008	94.98
2007	95.03
2006	95.07
2005	95.06
2004	95.03
2003	95.01
2002	95.01
2001	95
2000	94.98
1999	94.95
1998	94.92
1997	94.89
1996	94.85
1995	94.82
1994	94.78
1993	94.75
1992	94.74
1991	94.73
1990	94.7
1989	94.63
1988	94.53
1987	94.42
1986	94.35
1985	94.3
1984	94.27
1983	94.22
1982	94.15
1981	94.08
1980	94.07
1979	94.18
1978	94.38
1977	94.58
1976	94.7
1975	94.72
1974	94.68
1973	94.62
1972	94.57
1971	94.54
1970	94.51
1969	94.47
1968	94.42
1967	94.36
1966	94.3
1965	94.25
1964	94.21
1963	94.19
1962	94.16
1961	94.15
1960	94.17
1959	94.23
1958	94.29
1957	94.32
1956	94.3
1955	94.26
1954	94.21
1953	94.17
1952	94.15
1951	94.17
1950	94.22
1949	94.28
1948	94.34
1947	94.4
1946	94.48
1945	94.57
1944	94.65
1943	94.71
1942	94.73
1941	94.72
1940	94.7
1939	94.7
1938	94.7
1937	94.71
1936	94.72
1935	94.75
1934	94.77
1933	94.77
1932	94.77
1931	94.78
1930	94.8
1929	94.82
1928	94.83
1927	94.83
1926	94.81
1925	94.77
1924	94.73
1923	94.69
1922	94.68
1921	94.67
1920	94.67
1919	94.65
1918	94.62
1917	94.57
1916	94.52
1915	94.48
1914	94.44
1913	94.42
1912	94.39
1911	94.37
1910	94.34
1909	94.31
1908	94.28
1907	94.28
1906	94.3
1905	94.33
1904	94.37
1903	94.4
1902	94.42
1901	94.43
1900	94.43
1899	94.41
1898	94.38
1897	94.33
1896	94.26
1895	94.17
1894	94.08
1893	93.99
1892	93.91
1891	93.85
1890	93.82
1889	93.81
1888	93.81
1887	93.83
1886	93.86
1885	93.89
1884	93.92
1883	93.95
1882	93.97
1881	93.98
1880	93.98
1879	93.98
1878	93.97
1877	93.98
1876	93.99
1875	94.02
1874	94.07
1873	94.12
1872	94.17
1871	94.22
1870	94.27
1869	94.32
1868	94.37
1867	94.41
1866	94.44
1865	94.47
1864	94.49
1863	94.51
1862	94.52
1861	94.53
1860	94.54
1859	94.55
1858	94.56
1857	94.56
1856	94.56
1855	94.57
1854	94.57
1853	94.57
1852	94.57
1851	94.57
1850	94.57
1849	94.56
1848	94.54
1847	94.53
1846	94.52
1845	94.5
1844	94.47
1843	94.43
1842	94.4
1841	94.38
1840	94.36
1839	94.35
1838	94.33
1837	94.32
1836	94.3
1835	94.29
1834	94.29
1833	94.29
1832	94.29
1831	94.3
1830	94.31
1829	94.32
1828	94.31
1827	94.3
1826	94.26
1825	94.21
1824	94.13
1823	94.06
1822	93.99
1821	93.91
1820	93.82
1819	93.75
1818	93.69
1817	93.64
1816	93.63
1815	93.62
1814	93.64
1813	93.65
1812	93.68
1811	93.71
1810	93.77
1809	93.84
1808	93.92
1807	94
1806	94.08
1805	94.14
1804	94.18
1803	94.22
1802	94.24
1801	94.26
1800	94.26
1799	94.27
1798	94.29
1797	94.3
1796	94.31
1795	94.32
1794	94.33
1793	94.33
1792	94.33
1791	94.33
1790	94.34
1789	94.35
1788	94.36
1787	94.37
1786	94.38
1785	94.38
1784	94.37
1783	94.36
1782	94.33
1781	94.3
1780	94.26
1779	94.23
1778	94.2
1777	94.18
1776	94.15
1775	94.12
1774	94.09
1773	94.06
1772	94.01
1771	93.98
1770	93.96
1769	93.95
1768	93.94
1767	93.94
1766	93.93
1765	93.92
1764	93.92
1763	93.93
1762	93.94
1761	93.95
1760	93.96
1759	93.96
1758	93.96
1757	93.95
1756	93.95
1755	93.95
1754	93.95
1753	93.96
1752	93.98
1751	94
1750	94.02
1749	94.04
1748	94.05
1747	94.07
1746	94.09
1745	94.1
1744	94.11
1743	94.12
1742	94.13
1741	94.14
1740	94.15
1739	94.16
1738	94.17
1737	94.17
1736	94.18
1735	94.19
1734	94.21
1733	94.21
1732	94.21
1731	94.21
1730	94.2
1729	94.19
1728	94.18
1727	94.19
1726	94.2
1725	94.21
1724	94.22
1723	94.22
1722	94.22
1721	94.22
1720	94.22
1719	94.23
1718	94.23
1717	94.23
1716	94.22
1715	94.22
1714	94.23
1713	94.23
1712	94.24
1711	94.25
1710	94.25
1709	94.25
1708	94.25
1707	94.26
1706	94.26
1705	94.26
1704	94.25
1703	94.25
1702	94.26
1701	94.26
1700	94.25
1699	94.23
1698	94.24
1697	94.25
1696	94.26
1695	94.26
1694	94.26
1693	94.25
1692	94.24
1691	94.23
1690	94.23
1689	94.22
1688	94.21
1687	94.22
1686	94.22
1685	94.22
1684	94.2
1683	94.17
1682	94.15
1681	94.13
1680	94.1
1679	94.08
1678	94.05
1677	94.01
1676	93.95
1675	93.87
1674	93.81
1673	93.76
1672	93.72
1671	93.69
1670	93.67
1669	93.65
1668	93.64
1667	93.65
1666	93.66
1665	93.68
1664	93.69
1663	93.73
1662	93.77
1661	93.81
1660	93.85
1659	93.88
1658	93.9
1657	93.89
1656	93.87
1655	93.86
1654	93.85
1653	93.85
1652	93.86
1651	93.9
1650	93.92
1649	93.93
1648	93.94
1647	93.96
1646	93.99
1645	94.02
1644	94.04
1643	94.06
1642	94.08
1641	94.09
1640	94.09
1639	94.1
1638	94.12
1637	94.13
1636	94.14
1635	94.15
1634	94.17
1633	94.19
1632	94.19
1631	94.2
1630	94.2
1629	94.2
1628	94.19
1627	94.19
1626	94.18
1625	94.17
1624	94.16
1623	94.14
1622	94.12
1621	94.11
1620	94.09
1619	94.09
1618	94.08
1617	94.07
1616	94.06
1615	94.06
1614	94.06
1613	94.05
1612	94.03
1611	94.03
1610	94.02
1609	94.01
1608	93.99
1607	93.97
1606	93.94
1605	93.91
1604	93.86
1603	93.82
1602	93.78
1601	93.74
1600	93.69
1599	93.65
1598	93.62
1597	93.58
1596	93.55
1595	93.54
1594	93.55
1593	93.56
1592	93.58
1591	93.6
1590	93.61
1589	93.58
1588	93.47
1587	93.19
1586	92.65
1585	91.86
1584	91.05
1583	90.54
1582	90.55
1581	91
1580	91.62
1579	92.21
1578	92.68
1577	93.04
1576	93.3
1575	93.44
1574	93.45
1573	93.34
1572	93.14
1571	92.9
1570	92.72
1569	92.66
1568	92.73
1567	92.86
1566	93.04
1565	93.25
1564	93.43
1563	93.56
1562	93.63
1561	93.68
1560	93.73
1559	93.79
1558	93.82
1557	93.84
1556	93.85
1555	93.84
1554	93.83
1553	93.81
1552	93.78
1551	93.75
1550	93.72
1549	93.69
1548	93.67
1547	93.66
1546	93.67
1545	93.67
1544	93.68
1543	93.69
1542	93.71
1541	93.75
1540	93.8
1539	93.86
1538	93.92
1537	93.96
1536	93.97
1535	93.98
1534	94.01
1533	94.04
1532	94.08
1531	94.11
1530	94.13
1529	94.14
1528	94.14
1527	94.15
1526	94.16
1525	94.17
1524	94.17
1523	94.18
1522	94.2
1521	94.21
1520	94.22
1519	94.23
1518	94.24
1517	94.25
1516	94.26
1515	94.29
1514	94.32
1513	94.34
1512	94.35
1511	94.36
1510	94.37
1509	94.36
1508	94.36
1507	94.37
1506	94.37
1505	94.35
1504	94.33
1503	94.31
1502	94.27
1501	94.23
1500	94.18
1499	94.15
1498	94.15
1497	94.15
1496	94.15
1495	94.16
1494	94.17
1493	94.14
1492	94.09
1491	94.04
1490	93.95
1489	93.8
1488	93.62
1487	93.47
1486	93.33
1485	93.16
1484	92.94
1483	92.63
1482	92.1
1481	91.25
1480	90.06
1479	88.5
1478	86.48
1477	84.12
1476	81.99
1475	80.84
1474	81.14
1473	82.81
1472	85.03
1471	86.87
1470	88.14
1469	89.12
1468	89.97
1467	90.72
1466	91.37
1465	91.92
1464	92.33
1463	92.6
1462	92.78
1461	92.9
1460	93
1459	93.08
1458	93.18
1457	93.3
1456	93.4
1455	93.49
1454	93.56
1453	93.62
1452	93.69
1451	93.77
1450	93.85
1449	93.93
1448	94.02
1447	94.12
1446	94.22
1445	94.32
1444	94.4
1443	94.5
1442	94.57
1441	94.57
1440	94.35
1439	93.43
1438	90.85
1437	86.08
1436	81.02
1435	78.48
1434	78.53
1433	79.34
1432	79.42
1431	78.57
1430	77.92
1429	78.65
1428	80.73
1427	83.18
1426	85.28
1425	86.88
1424	88.07
1423	88.89
1422	89.43
1421	89.88
1420	90.34
1419	90.78
1418	91.09
1417	91.32
1416	91.49
1415	91.63
1414	91.73
1413	91.83
1412	91.94
1411	92.03
1410	92.1
1409	92.17
1408	92.24
1407	92.29
1406	92.31
1405	92.34
1404	92.38
1403	92.4
1402	92.39
1401	92.38
1400	92.38
1399	92.37
1398	92.34
1397	92.32
1396	92.31
1395	92.28
1394	92.22
1393	92.17
1392	92.12
1391	92.06
1390	92.01
1389	92.02
1388	92.09
1387	92.21
1386	92.33
1385	92.45
1384	92.56
1383	92.65
1382	92.69
1381	92.7
1380	92.68
1379	92.6
1378	92.5
1377	92.43
1376	92.42
1375	92.47
1374	92.57
1373	92.69
1372	92.79
1371	92.87
1370	92.92
1369	92.97
1368	93.02
1367	93.05
1366	93.07
1365	93.08
1364	93.1
1363	93.12
1362	93.15
1361	93.18
1360	93.23
1359	93.26
1358	93.28
1357	93.31
1356	93.34
1355	93.36
1354	93.37
1353	93.38
1352	93.4
1351	93.41
1350	93.42
1349	93.43
1348	93.45
1347	93.45
1346	93.45
1345	93.45
1344	93.46
1343	93.46
1342	93.45
1341	93.45
1340	93.46
1339	93.47
1338	93.47
1337	93.47
1336	93.47
1335	93.44
1334	93.36
1333	93.24
1332	93.05
1331	92.8
1330	92.56
1329	92.39
1328	92.32
1327	92.3
1326	92.26
1325	92.18
1324	92.1
1323	92.09
1322	92.18
1321	92.37
1320	92.57
1319	92.73
1318	92.83
1317	92.89
1316	92.93
1315	92.93
1314	92.86
1313	92.69
1312	92.36
1311	91.81
1310	91.1
1309	90.44
1308	90.07
1307	90.13
1306	90.53
1305	91.08
1304	91.56
1303	91.89
1302	92.05
1301	92.08
1300	92.06
1299	92.06
1298	92.12
1297	92.27
1296	92.47
1295	92.68
1294	92.86
1293	93.01
1292	93.11
1291	93.17
1290	93.19
1289	93.17
1288	93.1
1287	92.97
1286	92.77
1285	92.51
1284	92.23
1283	91.97
1282	91.78
1281	91.69
1280	91.7
1279	91.77
1278	91.86
1277	91.94
1276	91.98
1275	91.99
1274	91.95
1273	91.91
1272	91.86
1271	91.81
1270	91.77
1269	91.77
1268	91.82
1267	91.94
1266	92.09
1265	92.27
1264	92.44
1263	92.58
1262	92.67
1261	92.74
1260	92.77
1259	92.8
1258	92.81
1257	92.83
1256	92.86
1255	92.88
1254	92.91
1253	92.93
1252	92.97
1251	92.99
1250	93.02
1249	93.05
1248	93.08
1247	93.11
1246	93.14
1245	93.18
1244	93.22
1243	93.26
1242	93.29
1241	93.32
1240	93.35
1239	93.37
1238	93.38
1237	93.39
1236	93.41
1235	93.43
1234	93.45
1233	93.48
1232	93.5
1231	93.53
1230	93.54
1229	93.54
1228	93.54
1227	93.55
1226	93.55
1225	93.56
1224	93.57
1223	93.58
1222	93.58
1221	93.58
1220	93.58
1219	93.58
1218	93.58
1217	93.58
1216	93.58
1215	93.58
1214	93.57
1213	93.56
1212	93.55
1211	93.54
1210	93.53
1209	93.53
1208	93.53
1207	93.52
1206	93.5
1205	93.47
1204	93.44
1203	93.41
1202	93.39
1201	93.39
1200	93.41
1199	93.42
1198	93.41
1197	93.4
1196	93.38
1195	93.36
1194	93.32
1193	93.28
1192	93.23
1191	93.18
1190	93.11
1189	93.03
1188	92.93
1187	92.82
1186	92.69
1185	92.56
1184	92.43
1183	92.29
1182	92.13
1181	91.94
1180	91.7
1179	91.43
1178	91.21
1177	91.13
1176	91.25
1175	91.53
1174	91.9
1173	92.27
1172	92.56
1171	92.77
1170	92.91
1169	93.01
1168	93.09
1167	93.15
1166	93.19
1165	93.2
1164	93.16
1163	93.04
1162	92.8
1161	92.44
1160	92.05
1159	91.76
1158	91.62
1157	91.57
1156	91.49
1155	91.38
1154	91.32
1153	91.44
1152	91.74
1151	92.11
1150	92.44
1149	92.7
1148	92.89
1147	93.02
1146	93.1
1145	93.17
1144	93.23
1143	93.28
1142	93.31
1141	93.34
1140	93.36
1139	93.37
1138	93.35
1137	93.32
1136	93.29
1135	93.26
1134	93.24
1133	93.24
1132	93.26
1131	93.27
1130	93.28
1129	93.27
1128	93.27
1127	93.25
1126	93.22
1125	93.19
1124	93.17
1123	93.15
1122	93.13
1121	93.12
1120	93.11
1119	93.1
1118	93.08
1117	93.05
1116	93.01
1115	92.95
1114	92.86
1113	92.78
1112	92.69
1111	92.58
1110	92.43
1109	92.28
1108	92.14
1107	92.03
1106	91.95
1105	91.92
1104	91.95
1103	91.99
1102	92.02
1101	92
1100	91.9
1099	91.66
1098	91.24
1097	90.65
1096	89.92
1095	89.04
1094	87.94
1093	86.54
1092	84.93
1091	83.43
1090	82.45
1089	82.22
1088	82.71
1087	83.63
1086	84.74
1085	85.91
1084	87.1
1083	88.24
1082	89.22
1081	90.02
1080	90.64
1079	91.11
1078	91.43
1077	91.62
1076	91.63
1075	91.34
1074	90.68
1073	89.71
1072	88.69
1071	87.91
1070	87.5
1069	87.4
1068	87.5
1067	87.76
1066	88.2
1065	88.78
1064	89.44
1063	90.07
1062	90.61
1061	91.07
1060	91.47
1059	91.78
1058	92.02
1057	92.22
1056	92.39
1055	92.52
1054	92.62
1053	92.72
1052	92.82
1051	92.9
1050	92.96
1049	93.03
1048	93.1
1047	93.16
1046	93.22
1045	93.27
1044	93.34
1043	93.4
1042	93.46
1041	93.52
1040	93.57
1039	93.61
1038	93.64
1037	93.67
1036	93.71
1035	93.74
1034	93.73
1033	93.67
1032	93.48
1031	93.01
1030	92.11
1029	90.68
1028	88.79
1027	86.75
1026	85.11
1025	84.39
1024	84.78
1023	86.02
1022	87.58
1021	89.04
1020	90.15
1019	90.92
1018	91.4
1017	91.71
1016	91.93
1015	92.08
1014	92.2
1013	92.3
1012	92.4
1011	92.48
1010	92.51
1009	92.48
1008	92.38
1007	92.19
1006	91.88
1005	91.49
1004	91.05
1003	90.6
1002	90.17
1001	89.79
1000	89.49
999	89.26
998	89.01
997	88.69
996	88.42
995	88.36
994	88.65
993	89.23
992	89.93
991	90.57
990	91.06
989	91.4
988	91.61
987	91.72
986	91.81
985	91.94
984	92.12
983	92.33
982	92.53
981	92.7
980	92.84
979	92.94
978	93.01
977	93.05
976	93.07
975	93.03
974	92.94
973	92.79
972	92.63
971	92.5
970	92.44
969	92.5
968	92.65
967	92.83
966	92.98
965	93.09
964	93.16
963	93.2
962	93.22
961	93.25
960	93.28
959	93.3
958	93.32
957	93.34
956	93.36
955	93.38
954	93.39
953	93.4
952	93.42
951	93.43
950	93.44
949	93.46
948	93.47
947	93.47
946	93.46
945	93.44
944	93.41
943	93.38
942	93.35
941	93.33
940	93.34
939	93.35
938	93.37
937	93.41
936	93.45
935	93.49
934	93.52
933	93.55
932	93.59
931	93.62
930	93.63
929	93.64
928	93.66
927	93.66
926	93.65
925	93.64
924	93.63
923	93.61
922	93.52
921	93.34
920	93.03
919	92.63
918	92.26
917	92.06
916	92.11
915	92.35
914	92.62
913	92.81
912	92.85
911	92.76
910	92.63
909	92.59
908	92.68
907	92.86
906	93.06
905	93.25
904	93.43
903	93.58
902	93.68
901	93.76
900	93.83
899	93.87
898	93.9
897	93.92
896	93.94
895	93.97
894	93.98
893	93.99
892	94
891	94.02
890	94.03
889	94.04
888	94.06
887	94.07
886	94.07
885	94.08
884	94.1
883	94.11
882	94.11
881	94.11
880	94.12
879	94.14
878	94.15
877	94.15
876	94.16
875	94.18
874	94.21
873	94.24
872	94.26
871	94.28
870	94.28
869	94.29
868	94.3
867	94.32
866	94.32
865	94.32
864	94.34
863	94.35
862	94.33
861	94.3
860	94.22
859	94.06
858	93.71
857	93.14
856	92.44
855	91.78
854	91.35
853	91.21
852	91.32
851	91.56
850	91.84
849	92.16
848	92.51
847	92.89
846	93.24
845	93.54
844	93.76
843	93.9
842	93.98
841	94.04
840	94.1
839	94.14
838	94.17
837	94.21
836	94.26
835	94.3
834	94.33
833	94.36
832	94.39
831	94.42
830	94.44
829	94.47
828	94.5
827	94.53
826	94.53
825	94.52
824	94.53
823	94.54
822	94.56
821	94.59
820	94.63
819	94.66
818	94.67
817	94.69
816	94.71
815	94.73
814	94.75
813	94.78
812	94.82
811	94.87
810	94.89
809	94.91
808	94.93
807	94.96
806	94.98
805	95
804	95.04
803	95.08
802	95.11
801	95.15
800	95.19
799	95.22
798	95.25
797	95.27
796	95.29
795	95.31
794	95.32
793	95.33
792	95.35
791	95.38
790	95.41
789	95.44
788	95.47
787	95.5
786	95.52
785	95.53
784	95.55
783	95.57
782	95.59
781	95.62
780	95.67
779	95.71
778	95.73
777	95.75
776	95.77
775	95.79
774	95.8
773	95.83
772	95.87
771	95.93
770	95.97
769	96.01
768	96.04
767	96.07
766	96.1
765	96.1
764	96.06
763	95.93
762	95.68
761	95.29
760	94.68
759	93.63
758	91.74
757	88.64
756	84.48
755	80.21
754	77.23
753	76.31
752	76.79
751	76.93
750	75.31
749	71.98
748	68.32
747	65.77
746	64.52
745	63.48
744	61.39
743	58.12
742	54.96
741	53.7
740	55.35
739	59.52
738	64.99
737	70.5
736	75.29
735	79.09
734	81.96
733	84.13
732	85.81
731	87.13
730	88.18
729	89.04
728	89.78
727	90.42
726	90.96
725	91.43
724	91.86
723	92.27
722	92.65
721	93.03
720	93.4
719	93.72
718	93.98
717	94.2
716	94.38
715	94.52
714	94.59
713	94.58
712	94.5
711	94.31
710	93.98
709	93.46
708	92.66
707	91.41
706	89.52
705	86.85
704	83.44
703	79.45
702	75.14
701	70.77
700	66.52
699	62.51
698	58.9
697	55.96
696	53.75
695	51.94
694	50.04
693	48
692	46.41
691	46.09
690	47.51
689	50.57
688	54.6
687	58.76
686	62.42
685	65.36
684	67.62
683	69.4
682	70.96
681	72.52
680	74.09
679	75.53
678	76.68
677	77.53
676	78.13
675	78.55
674	78.86
673	79.19
672	79.58
671	80.01
670	80.5
669	81.14
668	81.96
667	82.67
666	83.15
665	83.56
664	84.04
663	84.56
662	85.08
661	85.58
660	86.07
659	86.52
658	86.9
657	87.25
656	87.58
655	87.88
654	88.13
653	88.38
652	88.64
651	88.89
650	89.08
649	89.25
648	89.42
647	89.58
646	89.7
645	89.82
644	89.95
643	90.07
642	90.17
641	90.27
640	90.4
639	90.52
638	90.61
637	90.7
636	90.82
635	90.94
634	91.02
633	91.09
632	91.19
631	91.28
630	91.35
629	91.44
628	91.54
627	91.64
626	91.71
625	91.77
624	91.82
623	91.77
622	91.47
621	90.89
620	90.18
619	89.63
618	89.54
617	89.97
616	90.67
615	91.31
614	91.72
613	91.96
612	92.16
611	92.33
610	92.46
609	92.58
608	92.71
607	92.81
606	92.87
605	92.94
604	93.04
603	93.11
602	93.14
601	93.18
600	93.25
599	93.31
598	93.35
597	93.41
596	93.48
595	93.52
594	93.51
593	93.51
592	93.55
591	93.59
590	93.61
589	93.64
588	93.73
587	93.81
586	93.85
585	93.89
584	93.95
583	94.01
582	94.04
581	94.07
580	94.13
579	94.18
578	94.2
577	94.24
576	94.33
575	94.4
574	94.41
573	94.42
572	94.45
571	94.48
570	94.49
569	94.5
568	94.55
567	94.6
566	94.62
565	94.66
564	94.73
563	94.79
562	94.81
561	94.85
560	94.93
559	95.02
558	95.06
557	95.1
556	95.15
555	95.18
554	95.16
553	95.14
552	95.18
551	95.25
550	95.3
549	95.33
548	95.38
547	95.39
546	95.33
545	95.26
544	95.24
543	95.24
542	95.23
541	95.26
540	95.37
539	95.51
538	95.63
537	95.74
536	95.85
535	95.91
534	95.91
533	95.92
532	95.98
531	96.03
530	96.03
529	96.03
528	96.09
527	96.15
526	96.15
525	96.12
524	96.08
523	95.97
522	95.73
521	95.32
520	94.61
519	93.28
518	90.87
517	87.16
516	82.28
515	76.93
514	72.24
513	69.4
512	69.06
511	70.98
510	74.18
509	77.58
508	80.53
507	82.61
506	83.64
505	83.58
504	82.35
503	79.72
502	75.68
501	70.87
500	66.23
499	62.57
498	60.39
497	59.82
496	60.38
495	61.03
494	60.76
493	59.18
492	56.76
491	54.63
490	53.87
489	54.89
488	57.37
487	60.61
486	64
485	67.24
484	70.2
483	72.79
482	74.98
481	76.89
480	78.65
479	80.22
478	81.55
477	82.71
476	83.78
475	84.75
474	85.57
473	86.37
472	87.2
471	87.91
470	88.39
469	88.81
468	89.3
467	89.81
466	90.23
465	90.63
464	91.06
463	91.44
462	91.68
461	91.89
460	92.21
459	92.54
458	92.8
457	93.08
456	93.44
455	93.77
454	93.98
453	94.18
452	94.45
451	94.66
450	94.75
449	94.83
448	95.02
447	95.19
446	95.26
445	95.35
444	95.53
443	95.66
442	95.65
441	95.7
440	95.87
439	95.98
438	95.81
437	95.38
436	94.7
435	93.53
434	91.76
433	89.68
432	87.76
431	86.48
430	86.16
429	86.91
428	88.41
427	90.03
426	91.19
425	91.73
424	91.62
423	90.72
422	89.16
421	87.54
420	86.63
419	86.99
418	88.39
417	90.01
416	91.5
415	92.68
414	93.47
413	94.07
412	94.68
411	95.17
410	95.31
409	95.27
408	95.33
407	95.42
406	95.48
405	95.79
404	96.48
403	97.02
402	96.88
401	96.2
400	95.45